
 [Emin,Emax] = [ -14.499999999999691, -9.180319680319549]



Measured eigs:


Actual Eigs:
Residuals:
1    1.236382846258621e-13    -49.92907092907094
2    1.8135369005633374e-13    -49.78721278721278
3    1.8761299684853283e-13    -49.219780219780176
4    2.2313099601920398e-13    -49.85814185814179
5    2.401465515974479e-13    -49.290709290709316
6    2.449407643487317e-13    -49.50349650349638
7    2.4562745084132657e-13    -49.36163836163839
8    2.6394762185616376e-13    -49.64535464535482
9    2.6543371185326036e-13    -48.93606393606404
10    2.6550520287543597e-13    -49.432567432567325
11    2.8520186215024033e-13    -49.07792207792227
12    3.1889142417445924e-13    -49.57442557442565
13    3.352266132441704e-13    -49.71628371628393
14    3.476433054274796e-13    -49.00699300699326
15    3.858551673866346e-13    -49.148851148851385
16    5.726744318689524e-13    -48.86513486513501
17    2.9742766527064063e-12    -48.79420579420571
18    1.9116639148278848e-11    -48.72327672327672
19    1.052593324980195e-10    -48.65234765234768
20    3.197689653453645e-10    -48.58141858141849
21    3.0289650114650788e-9    -48.51048951048953
22    5.310431195966675e-8    -48.439560439560616
23    9.418073357093249e-8    -48.368631368631355
24    2.4710855678408706e-6    -48.29770229770177
25    2.9449882066681874e-6    -48.22677322677267
26    9.908196812327456e-6    -48.15584415583823
27    1.6502937203253788e-5    -48.084915084898164
28    3.147758347997535e-5    -48.013986013922334
29    6.525658546747589e-5    -47.94305694277351
30    0.0012475043945986612    -47.87212776442594
31    0.006178674420163384    -47.80119604341159
32    0.012275655448877345    -47.659328590023414
33    0.012381271029487042    -47.73025811022124
34    0.018558438561677767    -47.58838216002778
35    0.03566585717085123    -47.44642511002253
36    0.04728900959405799    -47.517276780696704
37    0.06028015840229288    -47.37520846326566
38    0.09059225074005885    -47.09020155982564
39    0.1281782441596667    -46.595983673334935
40    0.1409032595403869    -47.30208673853089
41    0.15829754009585195    -46.94998122067851
42    0.18780518056735124    -47.22850703269714
43    0.23766868030494648    -46.870986939340966
44    0.24593179996934583    -47.15311310778065
45    0.2823166746669961    -11.919301821636683
46    0.28733518604007957    -46.785080059418625
47    0.2969430549694333    -46.683969064351714
48    0.3457419675333889    -46.38100646265047
49    0.398736946237264    -46.46453456405165
50    0.41355023719259415    -45.74481802391953
51    0.505880501335186    -46.26620732222228
52    0.5542889290967234    -45.823072910399745
53    0.5759019490724141    -45.180692629091546
54    0.6088192064097511    -45.99150269406688
55    0.6104934871852561    -46.05560276435138
56    0.6327774727070866    -45.402816686635134
57    0.7297284306889529    -46.14425329937918
58    1.149845378269426    -44.78836881203482
59    1.1752934317631718    -45.52990406327446
60    1.3665034694332385    -45.31483030961171
61    1.4212043154329428    -44.933886717684636
62    1.4472652541816895    -45.02096581320602
63    1.5705992411612741    -11.675603030008633
64    2.325051824612052    -13.487604106672892
65    2.371262044396786    -12.141337997352403
66    2.3799345308116586    -11.97792122337934
67    2.785707954953247    -11.861544947359072
68    3.9683425777063146    -10.976736956347224
69    4.184222179959592    -8.207881582214505
70    4.309500526627867    -9.566257450209292
71    4.778691277380671    -12.158372474931992
72    4.901823521080248    -12.732641654511362
73    5.156543171768038    -11.227181400406506
74    5.15756514100289    -10.468819540573499
75    5.319434390930717    -16.696723710629332
76    5.671441172373407    -11.6259447203242
77    5.853224368106532    -8.692870741603485
78    5.8649221165304475    -9.342891080789569
79    5.987690685053827    -44.245874326970736
80    7.017583107435401    -12.000262151901739
81    7.091865206684533    -9.802730442564721
82    7.247340453683028    -12.878261348641963
83    7.491135614227382    -10.70080198083163
84    8.069990055977202    -12.4521603542239
85    8.094537442703801    -13.662901706053015
86    8.278138795547969    -12.443295532678867
87    8.342818705800624    -16.481238098193682
88    8.942351332646739    2.7323818578970034
89    9.519044699823027    -17.970900466171503
90    9.565503045706564    -1.9864370955063708
91    9.627042122868213    -2.455512640119052
92    9.75093916831588    -13.259125122178734
93    9.78115571929156    -42.99313202307552
94    9.895279033719069    -10.677002963824881
95    10.168924869002272    -15.77713874196095
96    10.178260281560405    -7.905924691392619
97    10.798282080088404    0.5513612103229184
98    11.12440899135436    -4.215703110998065
99    11.497156293005201    -5.021895817856494
100    11.555078501879665    -14.440677102277837
101    11.831379067311582    -12.483535427481664
102    11.922863482760896    -7.823229015893227
103    12.139346496982018    -3.0548287105434184
104    12.272942209260892    -9.718733466655562
105    12.56205198131756    -9.99249704567528
106    12.9473289463278    -13.334314590574573
107    12.999685703381992    3.9707910856628
108    13.087496792304188    -10.839416127693578
109    13.27854903681597    -15.605687865225986
110    13.692657019414565    -13.914011877103242
111    13.72612200695082    -40.3901186226654
112    13.72714169586365    -25.397046448566726
113    14.047847916157354    -13.351555179596247
114    14.066558245808267    -14.118185647221669
115    14.072350723144197    -30.36518171327569
116    14.207584322713931    -8.068209795165915
117    14.67413820235238    -19.565954808991044
118    14.791750188332026    -37.61473078849285
119    15.02113178493112    -7.21267064044683
120    15.678317286346246    -28.947025567362846
121    15.700851687461595    -8.61016466631563
122    15.739538709178886    -38.04909435516825
123    15.964306540123195    -6.36337965949643
124    16.155344191099715    -11.516124324892653
125    16.409378003438004    -7.112412311816958
126    16.468953846295662    -5.604256170885517
127    16.502612265268656    -35.531393014630815
128    16.665618294567363    -11.322917390200969
129    16.875603498233595    0.9906599247263502
130    17.087964988744496    4.34796116576658
131    17.747571779892223    -2.09891011459919
132    17.768789578010583    -12.739491020643444
133    17.82084579970839    -16.38670019334506
134    17.836373682622842    10.124151313668088
135    17.95294892544278    -21.165108839325974
136    18.060236670102686    -13.82741662204312
137    18.131543860661356    -27.62052574963891
138    18.141947767957344    -27.445355361445728
139    18.154647849092925    -21.823919336420442
140    18.164119476512607    -6.902039149291967
141    18.533131011533428    -10.78948999942495
142    18.834432346062382    -18.271274231701923
143    18.85639555833664    -35.13310564241368
144    19.022275098650933    -16.09367349129231
145    19.120507405032786    -11.804923082210669
146    19.434193568137662    -36.851920638917576
147    19.46436989944647    -11.56429372726952
148    19.563654068549464    -33.57888729501565
149    19.849343920305063    -18.655082318466615
150    19.853034650735044    -8.89321200992236
151    20.007159679787453    -15.48813274402528
152    20.057293309448358    0.38579334729964654
153    20.064417991423273    -15.847137083270603
154    20.1097707012664    -3.1488727282056432
155    20.13361356323101    0.08103830948121486
156    20.538618017879823    -3.759206288106885
157    20.74976540898041    -16.91068866653753
158    20.95468202953801    -20.838899253189222
159    21.06611484391375    0.12526647147911488
160    21.11959526090012    3.0460794562386693
161    21.500852745582325    -8.997629328004754
162    21.57435895761483    -7.982046749802201
163    21.626342822471234    -28.760993596569815
164    21.67137437788295    -15.020830190212415
165    21.721688381853493    10.634033206087834
166    21.883951486210865    2.6060579140524065
167    21.96587279794248    -26.93984948408424
168    22.06035331041735    -1.1215478918470427
169    22.060873160109278    -1.5291901745988792
170    22.234156906524454    -17.679240927554833
171    22.264519516247645    -3.5602078586928987
172    22.536019900673963    -24.313727868088872
173    22.646740151791423    0.8642393945045077
174    22.779427800369376    -16.84010557530229
175    22.811009150543423    -11.206920970016014
176    22.91208862073187    1.8532239228492253
177    22.960603184744773    -19.66690732256996
178    23.10827532708113    -5.666341155334448
179    23.222804873923526    -32.318981808098044
180    23.479429132835442    -0.331570002396588
181    23.647073015746418    -33.990219587112605
182    23.864169004751727    -26.229425615374833
183    24.176402382783753    7.28671338771714
184    24.205384957088782    -25.762447946735858
185    24.674126586274582    -3.9983791979102214
186    24.86161367242911    -29.22479974839326
187    25.23109989187557    -4.586143373991344
188    25.273261516281124    -14.813197243530137
189    25.809632562588288    -20.124331630199013
190    25.82567461769972    -8.25150039042251
191    25.964715300788967    -15.940749542378704
192    26.044202558846777    -10.316455246599826
193    26.255723942354027    -19.291952466305755
194    26.324305744812396    -27.7933675875652
195    26.449400904906756    -3.550966801126863
196    26.699748510585884    -10.59711245517984
197    26.840045116939297    -24.46438254609645
198    28.245512409902705    -18.922373674596614
199    28.403059066249348    0.6106531905534287
200    28.716227649856787    -23.269768964287277
