Reading matrix.
Reading done. n = 5832.
  Symmeterizing matrix.
Symmeterizing done. Doing calculation.
1 1
     0.304321091337674
     0.28858326036658977
1 2
     0.12096690513204958
     0.11920763258857664
1 3
     0.057575834305019905
     0.059413000702325254
1 4
     0.030412562860072184
     0.0318994715706901
1 5
     0.01744100559832676
     0.01869931525824126
1 6
     0.01066032353973465
     0.011613912302083473
1 7
     0.006844650307454283
     0.007529044041329711
1 8
     0.004572323421370318
     0.0050896318278009925
1 9
     0.003164093050960866
     0.0035457442273706843
1 10
     0.0022579327842277143
     0.0025384637218693203
1 11
     0.0016498561927147525
     0.0018618675720812044
1 12
     0.001230827211443081
     0.001393158047478914
1 13
     0.0009314288763638604
     0.001062274795280231
1 14
     0.000717105559831618
     0.0008236565891782917
1 15
     0.0005624424554440954
     0.0006472413135280138
1 16
     0.00045025868167484866
     0.0005144944004495182
1 17
     0.00036803393479632295
     0.0004142288412638514
1 18
     0.00030431339761102295
     0.00033814755159752814
1 19
     0.0002538105711474455
     0.0002791209739498249
1 20
     0.0002136941301799343
     0.00023211861415660433
1 21
     0.00018317321032509676
     0.00019536328004911654
1 22
     0.00016019058362625295
     0.00016717335261904261
1 23
     0.00014258409760925292
     0.00014537949911106794
1 24
     0.00012925231476388884
     0.0001288046631754823
1 25
     0.00011954346519954629
     0.00011652344499067668
1 26
     0.00011284059090978681
     0.00010757523226134457
1 27
     0.00010848580729352866
     0.00010135294403513347
1 28
     0.0001059810220169823
     9.716023148629136e-5
1 29
     0.00010486701005456953
     9.463889961845669e-5
1 30
     0.0001045927611678016
     9.320574654312281e-5
1 31
     0.0001045914268385823
     9.233203151020362e-5
1 32
     0.00010427886747515498
     9.144736351781434e-5
1 33
     0.00010312314932851273
     9.001899252479696e-5
1 34
     0.0001007766912271673
     8.767691653504394e-5
1 35
     9.713637182628004e-5
     8.424277386252142e-5
1 36
     9.250978836763305e-5
     7.997945888560141e-5
1 37
     8.709234269095406e-5
     7.502359145523299e-5
1 38
     8.154572247470917e-5
     6.993357697207175e-5
1 39
     7.604729765424262e-5
     6.48491780627427e-5
1 40
     7.106479196517359e-5
     6.0145863771956035e-5
1 41
     6.678856192479994e-5
     5.59782202116022e-5
1 42
     6.326014363165435e-5
     5.2398392812757645e-5
1 43
     6.037882011977057e-5
     4.936194317502068e-5
1 44
     5.795226857370295e-5
     4.673339310007078e-5
1 45
     5.588543098192018e-5
     4.4446619758508654e-5
1 46
     5.4038753550849906e-5
     4.242231485245218e-5
1 47
     5.222845020078716e-5
     4.053899841011448e-5
1 48
     5.038092454859245e-5
     3.876310188053089e-5
1 49
     4.838500030980258e-5
     3.6997087265211054e-5
1 50
     4.627196807128441e-5
     3.525464734471599e-5
1 51
     4.4154277518276586e-5
     3.36048649176347e-5
1 52
     4.214513479905975e-5
     3.213299492601139e-5
1 53
     4.030669834818339e-5
     3.087854267442839e-5
1 54
     3.869889202582895e-5
     2.9860878335539963e-5
1 55
     3.72328153037844e-5
     2.9005412495123604e-5
1 56
     3.589784546506795e-5
     2.8283329222051374e-5
1 57
     3.48169302210342e-5
     2.774174165138764e-5
1 58
     3.391986590327722e-5
     2.7320783544267503e-5
1 59
     3.302285726076757e-5
     2.6910944244989935e-5
1 60
     3.2188485761678004e-5
     2.6530621837711977e-5
1 61
     3.157849313296719e-5
     2.6244934937387178e-5
1 62
     3.102758904216584e-5
     2.5948797902340966e-5
1 63
     3.0407134148747654e-5
     2.554354595280958e-5
1 64
     2.9661250556666346e-5
     2.498732392343653e-5
1 65
     2.8551490243048364e-5
     2.4104881289163494e-5
1 66
     2.718335482643972e-5
     2.2980395356783177e-5
1 67
     2.5778023280743482e-5
     2.1795018993429155e-5
1 68
     2.435062332634867e-5
     2.0571222986161992e-5
1 69
     2.2756202608444538e-5
     1.9206876730992925e-5
1 70
     2.10409110103759e-5
     1.7737607960383052e-5
1 71
     1.9253115953770738e-5
     1.620837132062227e-5
1 72
     1.7423830349707577e-5
     1.4654074976365845e-5
1 73
     1.5757753067371234e-5
     1.323579661968769e-5
1 74
     1.4292365287346628e-5
     1.1980473246375204e-5
1 75
     1.3003709319362126e-5
     1.0868729986579907e-5
1 76
     1.1851239071066148e-5
     9.876632226142325e-6
1 77
     1.0777400904582623e-5
     8.954313589423428e-6
1 78
     9.793382221259339e-6
     8.111211316420218e-6
1 79
     8.916514135284345e-6
     7.359205055163049e-6
1 80
     8.156592994464502e-6
     6.705912633084893e-6
1 81
     7.49282397861351e-6
     6.133047558358286e-6
1 82
     6.8901302497764466e-6
     5.60939100902338e-6
1 83
     6.343227096957889e-6
     5.1276387212482865e-6
1 84
     5.841655524458282e-6
     4.677735866174229e-6
1 85
     5.365893805936029e-6
     4.245293671664264e-6
1 86
     4.92744562517969e-6
     3.844606158109138e-6
1 87
     4.546612233204585e-6
     3.50018209529166e-6
1 88
     4.208635878031588e-6
     3.185666234292319e-6
1 89
     3.897124980155336e-6
     2.8871630445948194e-6
1 90
     3.6031837669666038e-6
     2.6012561238361043e-6
1 91
     3.3293797677366495e-6
     2.3406553628118116e-6
1 92
     3.0562223365001494e-6
     2.082785389590087e-6
1 93
     2.802764320679748e-6
     1.850604572186902e-6
1 94
     2.5754665427154677e-6
     1.6491618742379155e-6
1 95
     2.370179476517217e-6
     1.4749912851679214e-6
1 96
     2.1802168726570906e-6
     1.326292964037975e-6
1 97
     2.0020646557024043e-6
     1.196586740154953e-6
1 98
     1.831908269710783e-6
     1.0849636506041154e-6
1 99
     1.6675935384357618e-6
     9.911344009769606e-7
1 100
     1.5048343154850969e-6
     9.120229173049228e-7
Sol=1.0000004386178334 + 0.0im


Lin sys residual = 1.4755004930352225e-6


