7.535961448714168e-5 -0.5716025694595464
0.00550509454460634 -0.5443493749116541
0.01093482947472554 -0.5173766665338372
0.01636456440484474 -0.49068338102563624
0.021794299334963938 -0.4642684550865915
0.027224034265083137 -0.43813082541624326
0.03265376919520233 -0.41226942871413214
0.038083504125321535 -0.38668320167979825
0.04351323905544073 -0.36137108101278226
0.048942973985559926 -0.3363320034126243
0.05437270891567913 -0.31156490557886485
0.05980244384579833 -0.28706872421104435
0.06523217877591753 -0.26284239600870307
0.07066191370603672 -0.2388848576713815
0.07609164863615593 -0.21519504589861996
0.08152138356627513 -0.19177189738995884
0.08695111849639432 -0.16861434884493853
0.09238085342651352 -0.1457213369630994
0.09781058835663271 -0.12309179844398185
0.10324032328675192 -0.10072466998712622
0.10867005821687112 -0.07861888829207295
0.11409979314699031 -0.0567733900583624
0.11952952807710952 -0.035187111985534876
0.12495926300722873 -0.013858990773130839
0.13038899793734793 0.007212036879309288
0.13581873286746712 0.028027034272245177
0.14124846779758632 0.04858706470613645
0.14667820272770551 0.06889319148144271
0.15210793765782474 0.0889464778986237
0.15753767258794393 0.10874798725813879
0.16296740751806313 0.12829878286044777
0.16839714244818232 0.1475999280060102
0.17382687737830152 0.1666524859952857
0.17925661230842072 0.18545752012873398
0.1846863472385399 0.20401609370681456
0.1901160821686591 0.22232927002998704
0.1955458170987783 0.24039811239871112
0.20097555202889753 0.2582236841134465
0.20640528695901672 0.27580704847465254
0.21183502188913592 0.29314926878278896
0.2172647568192551 0.31025140833831555
0.2226944917493743 0.32711453044169164
0.2281242266794935 0.3437396983933771
0.2335539616096127 0.36012797549383146
0.23898369653973192 0.3762804250435144
0.24441343146985114 0.39219811034288543
0.24984316639997034 0.40788209469240416
0.2552729013300895 0.42333344139253015
0.2607026362602087 0.4385532137437231
0.2661323711903279 0.4535424750464429
0.27156210612044707 0.46830228860114864
0.2769918410505663 0.4828337177083004
0.28242157598068546 0.49713782566835757
0.2878513109108047 0.51121567578178
0.29328104584092385 0.5250683313490268
0.29871078077104307 0.538696855670558
0.3041405157011623 0.5521023120468334
0.3095702506312815 0.5652857637783123
0.3149999855614007 0.578248274165454
0.3204297204915199 0.5909909065087188
0.3258594554216391 0.6035147241085659
0.3312891903517583 0.615820790265455
0.33671892528187747 0.6279101682798457
0.3421486602119967 0.6397839214521978
0.34757839514211586 0.6514431130829706
0.3530081300722351 0.662888806472624
0.35843786500235425 0.6741220649216176
0.3638675999324735 0.685143951730411
0.36929733486259264 0.6959555301994634
0.37472706979271186 0.706557863629235
0.38015680472283103 0.7169520153201852
0.38558653965295026 0.7271390485727734
0.3910162745830694 0.7371200266874598
0.3964460095131887 0.7468960129647035
0.40187574444330787 0.7564680707049641
0.4073054793734271 0.7658372632087015
0.41273521430354626 0.7750046537763751
0.4181649492336655 0.783971305708445
0.42359468416378465 0.7927382823053698
0.4290244190939039 0.8013066468676101
0.43445415402402304 0.8096774626956253
0.43988388895414227 0.8178517930898747
0.44531362388426143 0.825830701350818
0.45074335881438066 0.8336152507789153
0.4561730937444998 0.8412065046746254
0.46160282867461905 0.8486055263384087
0.4670325636047382 0.8558133790707245
0.47246229853485744 0.8628311261720322
0.47789203346497666 0.8696598309427916
0.4833217683950959 0.8763005566834627
0.4887515033252151 0.8827543666945045
0.4941812382553343 0.8890223242763766
0.4996109731854535 0.8951054927295392
0.5050407081155727 0.9010049353544517
0.5104704430456919 0.9067217154515735
0.515900177975811 0.9122568963213643
0.5213299129059302 0.9176115412642838
0.5267596478360496 0.9227867135807917
0.5321893827661687 0.9277834765713471
0.5376191176962879 0.9326028935364105
0.543048852626407 0.9372460277764407
0.5484785875565263 0.941713942591898
0.5539083224866455 0.9460077012832414
0.5593380574167647 0.950128367150931
0.5647677923468838 0.9540770034954259
0.5701975272770031 0.9578546736171862
0.5756272622071222 0.9614624408166715
0.5810569971372415 0.9649013683943412
0.5864867320673606 0.9681725196506547
0.5919164669974799 0.9712769578860725
0.597346201927599 0.974215746401053
0.6027759368577182 0.9769899484960567
0.6082056717878375 0.9796006274715431
0.6136354067179567 0.9820488466279716
0.6190651416480759 0.9843356692658017
0.624494876578195 0.9864621586854936
0.6299246115083142 0.9884293781875061
0.6353543464384335 0.9902383910722994
0.6407840813685527 0.9918902606403329
0.6462138162986718 0.9933860501920666
0.651643551228791 0.9947268230279596
0.6570732861589103 0.9959136424484716
0.6625030210890295 0.9969475717540623
0.6679327560191486 0.9978296742451918
0.6733624909492678 0.998561013222319
0.678792225879387 0.9991426519859038
0.6842219608095063 0.9995756538364059
0.6896516957396254 0.9998610820742847
0.6950814306697446 1.0
0.7005111655998639 0.9999934709140114
0.705940900529983 0.9998425581167786
0.7113706354601023 0.999548324908761
0.7168003703902214 0.9991118345904182
0.7222301053203407 0.9985341504622102
0.7276598402504598 0.9978163358245961
0.733089575180579 0.9969594539780361
0.7385193101106982 0.9959645682229893
0.7439490450408175 0.9948327418599154
0.7493787799709366 0.9935650381892744
0.7548085149010558 0.9921625205115254
0.7602382498311749 0.9906262521271285
0.7656679847612943 0.9889572963365428
0.7710977196914134 0.9871567164402287
0.7765274546215326 0.9852255757386449
0.7819571895516517 0.9831649375322518
0.7873869244817711 0.9809758651215084
0.7928166594118903 0.9786594218068746
0.7982463943420094 0.97621667088881
0.8036761292721286 0.9736486756677742
0.8091058642022478 0.970956499444227
0.8145355991323671 0.9681412055186278
0.8199653340624862 0.9652038571914363
0.8253950689926054 0.9621455177631121
0.8308248039227246 0.9589672505341146
0.8362545388528438 0.9556701188049038
0.841684273782963 0.9522551858759393
0.8471140087130822 0.9487235150476803
0.8525437436432014 0.9450761696205867
0.8579734785733206 0.9413142128951183
0.8634032135034397 0.9374387081717346
0.868832948433559 0.9334507187508949
0.8742626833636783 0.929351307933059
0.8796924182937974 0.9251415390186869
0.8851221532239166 0.9208224753082377
0.8905518881540357 0.9163951801021712
0.8959816230841551 0.9118607167009468
0.9014113580142742 0.9072201484050249
0.9068410929443934 0.9024745385148641
0.9122708278745125 0.8976249503309249
0.9177005628046319 0.8926724471536661
0.923130297734751 0.8876180922835479
0.9285600326648702 0.88246294902103
0.9339897675949893 0.8772080806665714
0.9394195025251086 0.8718545505206322
0.9448492374552278 0.8664034218836719
0.950278972385347 0.8608557580561502
0.9557087073154662 0.8552126223385264
0.9611384422455854 0.8494750780312604
0.9665681771757046 0.843644188434812
0.9719979121058238 0.8377210168496405
0.9774276470359431 0.8317066265762054
0.9828573819660622 0.825602080914967
0.9882871168961814 0.8194084431663841
0.9937168518263005 0.8131267766309168
0.9991465867564199 0.8067581446090243
1.0045763216865389 0.8003036104011669
1.0100060566166582 0.7937642373078034
1.0154357915467773 0.7871410886293944
1.0208655264768967 0.7804352276663985
1.0262952614070158 0.7736477177192759
1.0317249963371349 0.7667796220884863
1.0371547312672542 0.7598320040744887
1.0425844661973733 0.7528059269777433
1.0480142011274924 0.7457024540987098
1.053443936057612 0.7385226487378469
1.058873670987731 0.7312675741956155
1.0643034059178502 0.7239382937724745
1.0697331408479693 0.7165358707688837
1.0751628757780887 0.7090613684853023
1.0805926107082078 0.7015158502221907
1.086022345638327 0.693900379280008
1.091452080568446 0.6862160189592138
1.0968818154985656 0.6784638325602673
1.1023115504286847 0.6706448833836292
1.1077412853588038 0.6627602347297586
1.113171020288923 0.6548109498991149
1.1186007552190422 0.6467980921921578
1.1240304901491613 0.6387227249093472
1.1294602250792805 0.6305859113511426
1.1348899600093998 0.6223887148180032
1.1403196949395191 0.6141321986103889
1.1457494298696382 0.6058174260287599
1.1511791647997573 0.597445460373575
1.1566088997298767 0.589017364945294
1.1620386346599958 0.5805342030443769
1.167468369590115 0.5719970379712831
1.172898104520234 0.563406933026472
1.1783278394503534 0.5547649515104034
1.1837575743804727 0.5460721567235366
1.1891873093105918 0.537329611966332
1.194617044240711 0.5285383805392487
1.2000467791708302 0.519699525742746
1.2054765141009494 0.5108141108772842
1.2109062490310685 0.5018831992433227
1.2163359839611878 0.49290785414132066
1.221765718891307 0.48388913887173834
1.2271954538214263 0.4748281167350348
1.2326251887515454 0.4657258510316702
1.2380549236816647 0.4565834050621036
1.2434846586117838 0.4474018421267953
1.248914393541903 0.43818222552620445
1.254344128472022 0.4289256185607908
1.2597738634021414 0.4196330845310135
1.2652035983322605 0.41030568673733303
1.2706333332623798 0.40094448848020814
1.276063068192499 0.3915505530600993
1.2814928031226183 0.38212494377746525
1.2869225380527374 0.37266872393276645
1.2923522729828565 0.3631829568264621
1.2977820079129756 0.353668705759012
1.303211742843095 0.344127034030875
1.308641477773214 0.3345590049425119
1.3140712127033334 0.3249656817943813
1.3195009476334527 0.3153481278869433
1.3249306825635718 0.30570740652065775
1.330360417493691 0.29604458099598413
1.33579015242381 0.2863607146133819
1.3412198873539294 0.27665687067331035
1.3466496222840485 0.2669341124762298
1.3520793572141676 0.25719350332259955
1.357509092144287 0.24743610651287884
1.3629388270744063 0.23766298534752758
1.3683685620045254 0.2278752031270059
1.3737982969346445 0.21807382315177296
1.3792280318647636 0.20825990872228836
1.384657766794883 0.1984345231390114
1.390087501725002 0.18859872970240243
1.3955172366551212 0.17875359171292066
1.4009469715852407 0.16890017247102493
1.4063767065153598 0.1590395352771765
1.411806441445479 0.14917274343183412
1.417236176375598 0.13930086023545749
1.4226659113057174 0.12942494898850573
1.4280956462358365 0.11954607299143934
1.4335253811659556 0.10966529554471746
1.4389551160960747 0.09978367994879979
1.4443848510261943 0.08990228950414508
1.4498145859563134 0.0800221875112146
1.4552443208864325 0.07014443727046715
1.4606740558165516 0.06027010208236236
1.466103790746671 0.050400245247359414
1.47153352567679 0.04053593006591876
1.4769632606069092 0.0306782198384996
1.4823929955370287 0.020828177865560762
1.4878227304671479 0.010986867447563465
1.493252465397267 0.001155351884966526
1.498682200327386 -0.00866530552177044
1.5041119352575054 -0.018474041472188216
1.5095416701876245 -0.02826979266582637
1.5149714051177436 -0.0380514958022257
1.5204011400478628 -0.04781808758092658
1.5258308749779823 -0.057568504701470194
1.5312606099081014 -0.06730168386339533
1.5366903448382205 -0.07701656176624315
1.5421200797683396 -0.08671207510955406
1.547549814698459 -0.0963871605928688
1.552979549628578 -0.10604075491572701
1.5584092845586972 -0.11567179477766944
1.5638390194888163 -0.12527921687823645
1.5692687544189359 -0.13486195791696926
1.574698489349055 -0.14441895459340665
1.580128224279174 -0.1539491436070898
1.5855579592092934 -0.16345146165755944
1.5909876941394125 -0.1729248454443552
1.5964174290695317 -0.1823682316670179
1.6018471639996508 -0.19178055702508784
1.60727689892977 -0.20116075821810583
1.6127066338598894 -0.21050777194561185
1.6181363687900086 -0.21982053490714593
1.6235661037201277 -0.2290979838022488
1.628995838650247 -0.23833905533046124
1.634425573580366 -0.24754268619132286
1.6398553085104852 -0.2567078130843744
1.6452850434406043 -0.2658333727091563
1.6507147783707237 -0.27491830176520926
1.656144513300843 -0.2839615369520733
1.6615742482309621 -0.2929620149692885
1.6670039831610814 -0.3019186725163959
1.6724337180912006 -0.3108304462929352
1.6778634530213197 -0.31969627299844705
1.6832931879514388 -0.3285150893324719
1.6887229228815581 -0.3372858319945506
1.6941526578116772 -0.34600743768422265
1.6995823927417966 -0.35467884310102915
1.7050121276719157 -0.3632989849445098
1.710441862602035 -0.3718667999142058
1.7158715975321541 -0.38038122470965674
1.7213013324622732 -0.3888411960304033
1.7267310673923923 -0.39724565057598593
1.7321608023225117 -0.4055935250459453
1.7375905372526308 -0.41388375613982115
1.7430202721827501 -0.42211528055715464
1.7484500071128695 -0.43028703499748555
1.7538797420429886 -0.4383979561603542
1.7593094769731077 -0.44644698074530115
1.7647392119032268 -0.45443304545186686
1.7701689468333461 -0.46235508697959193
1.7755986817634652 -0.4702120420280162
1.7810284166935844 -0.4780028472966804
1.7864581516237037 -0.4857264394851251
1.791887886553823 -0.49338175529289047
1.7973176214839421 -0.5009677314195166
1.8027473564140613 -0.508483304564544
1.8081770913441804 -0.5159274114275132
1.8136068262742997 -0.5232989887079648
1.8190365612044188 -0.5305969731054389
1.824466296134538 -0.5378203013194757
1.8298960310646575 -0.5449679100496164
1.8353257659947766 -0.5520387359954002
1.8407555009248957 -0.5590317158563681
1.8461852358550148 -0.5659457863320605
1.8516149707851342 -0.572779884122018
1.8570447057152533 -0.5795329459257804
1.8624744406453724 -0.5862039084428883
1.8679041755754915 -0.5927917083728823
1.873333910505611 -0.5992952824153033
1.8787636454357302 -0.6057135672696902
1.8841933803658493 -0.6120454996355844
1.8896231152959684 -0.6182900162125261
1.8950528502260877 -0.624446053700056
1.9004825851562068 -0.6305125487977138
1.905912320086326 -0.6364884382050403
1.9113420550164453 -0.6423726586215761
1.9167717899465646 -0.6481641467468612
1.9222015248766837 -0.653861839280436
1.9276312598068028 -0.6594646729218409
1.9330609947369222 -0.6649715843706165
1.9384907296670413 -0.6703815103263028
1.9439204645971604 -0.6756933874884405
1.9493501995272795 -0.68090615255657
1.954779934457399 -0.6860187422302318
1.9602096693875182 -0.6910300932089658
1.9656394043176373 -0.6959391421923127
1.9710691392477564 -0.7007448258798126
1.9764988741778757 -0.7054460809710065
1.9819286091079948 -0.7100418441654341
1.987358344038114 -0.7145310521626361
1.992788078968233 -0.7189126416621527
1.9982178138983526 -0.7231855493635252
2.003647548828472 -0.7273487119662925
2.009077283758591 -0.7314010661699957
2.01450701868871 -0.7353415486741756
2.0199367536188295 -0.739169096178372
2.025366488548949 -0.7428826453821253
2.0307962234790677 -0.7464811329849759
2.036225958409187 -0.7499634956864645
2.0416556933393064 -0.7533286701861315
2.0470854282694253 -0.7565755931835164
2.0525151631995446 -0.7597032013781608
2.0579448981296635 -0.7627104314696043
2.063374633059783 -0.7655962201573876
2.0688043679899026 -0.7683595041410514
2.0742341029200215 -0.7709992201201352
2.079663837850141 -0.7735143047941799
2.0850935727802598 -0.7759036948627257
2.090523307710379 -0.7781663270253133
2.095953042640498 -0.7803011379814828
2.1013827775706173 -0.782307064430775
2.106812512500737 -0.7841830430727299
2.112242247430856 -0.7859280106068878
2.1176719823609753 -0.7875409037327892
2.123101717291094 -0.7890206591499743
2.1285314522212135 -0.790366213557984
2.1339611871513324 -0.7915765036563583
2.1393909220814518 -0.7926504661446377
2.1448206570115707 -0.7935870377223625
2.1502503919416904 -0.7943851550890733
2.1556801268718098 -0.79504375494431
2.1611098618019287 -0.7955617739876133
2.166539596732048 -0.7959381489185238
2.171969331662167 -0.7961718164365814
2.177399066592286 -0.7962617132413269
2.182828801522405 -0.7962067760323005
2.188258536452525 -0.7960059415090425
2.193688271382644 -0.7956581463710932
2.199118006312763 -0.7951623273179935
2.2045477412428824 -0.7945174210492834
2.2099774761730013 -0.7937223642645032
2.2154072111031207 -0.7927760936631932
2.2208369460332396 -0.7916775459448944
2.226266680963359 -0.7904256578091464
2.2316964158934782 -0.78901936595549
2.2371261508235976 -0.7874576070834656
2.242555885753717 -0.7857393178926135
2.247985620683836 -0.7838634350824741
2.253415355613955 -0.7818288953525878
2.258845090544074 -0.779634635402495
2.2642748254741933 -0.7772795919317361
2.2697045604043127 -0.7747627016398511
2.275134295334432 -0.7720829012263808
2.2805640302645513 -0.7692391273908654
2.2859937651946702 -0.7662303168328458
2.2914235001247896 -0.7630554062518615
2.2968532350549085 -0.7597133323474538
2.302282969985028 -0.7562030318191622
2.3077127049151467 -0.7525234413665276
2.3131424398452665 -0.7486734976890899
2.3185721747753854 -0.7446521374863904
2.3240019097055047 -0.7404582974579685
2.329431644635624 -0.7360909143033652
2.334861379565743 -0.731548924722121
2.3402911144958622 -0.7268312654137754
2.345720849425981 -0.7219368730778701
2.351150584356101 -0.7168646844139437
2.35658031928622 -0.7116136361215385
2.362010054216339 -0.7061826649001935
2.3674397891464585 -0.7005707074494498
2.3728695240765774 -0.6947767004688477
2.3782992590066967 -0.6887995806579272
2.3837289939368156 -0.6826382847162293
2.389158728866935 -0.6762917493432937
2.3945884637970543 -0.6697589112386609
2.4000181987271736 -0.6630387071018716
2.4054479336572925 -0.6561300736324664
2.410877668587412 -0.6490319475299849
2.416307403517531 -0.6417432654939681
2.42173713844765 -0.6342629642239566
2.4271668733777694 -0.6265899804194898
2.4325966083078887 -0.6187232507801086
2.438026343238008 -0.6106617120053536
2.443456078168127 -0.6024043007947655
2.4488858130982463 -0.5939499538478836
2.4543155480283656 -0.5852976078642489
2.4597452829584845 -0.5764461995434025
2.465175017888604 -0.5673946655848833
2.4706047528187227 -0.5581419426882331
2.4760344877488425 -0.5486869675529904
2.4814642226789614 -0.539028676878698
2.4868939576090807 -0.5291660073648944
2.4923236925392 -0.5190978957111207
2.497753427469319 -0.508823278616918
2.5031831623994383 -0.49834109278182515
2.508612897329557 -0.4876502749053842
2.5140426322596765 -0.4767497616871336
2.519472367189796 -0.46563848982661493
2.524902102119915 -0.4543153960233684
2.530331837050034 -0.4427794169769353
2.5357615719801534 -0.4310294893868541
2.5411913069102727 -0.4190645499526663
2.5466210418403916 -0.40688353537391303
2.552050776770511 -0.3944853823501329
2.5574805117006303 -0.38186902758086727
2.5629102466307496 -0.36903340776565635
2.5683399815608685 -0.35597745960404176
2.573769716490988 -0.34270011979556164
2.579199451421107 -0.32920032503975755
2.584629186351226 -0.3154770120361708
2.5900589212813454 -0.30152911748433975
2.5954886562114643 -0.2873555780838069
2.600918391141584 -0.27295533053410925
2.606348126071703 -0.2583273115347918
2.6117778610018223 -0.24347045778539148
2.617207595931941 -0.22838370598545096
2.6226373308620605 -0.21306599283450825
2.62806706579218 -0.1975162550321049
2.6334968007222987 -0.18173342927778263
2.6389265356524185 -0.16571645227107792
2.6443562705825374 -0.1494642607115364
2.6497860055126568 -0.13297579129869447
2.6552157404427756 -0.11624998073209519
2.660645475372895 -0.09928576571127626
2.6660752103030143 -0.08208208293577937
2.671504945233133 -0.06463786910514636
2.6769346801632525 -0.04695206091891477
2.682364415093372 -0.029023595076626378
2.687794150023491 -0.010851408277821576
2.69322388495361 0.007565562777957747
2.6986536198837294 0.026228381391174213
2.7040833548138483 0.04513811086228439
2.7095130897439677 0.06429581449175101
2.714942824674087 0.08370255558003212
