  -1.00000000000000       0.200000000000000     
 -0.996000000000000       0.201285651714632     
 -0.992000000000000       0.202582686149179     
 -0.988000000000000       0.203891223216849     
 -0.984000000000000       0.205211384142578     
 -0.980000000000000       0.206543291473893     
 -0.976000000000000       0.207887069091683     
 -0.972000000000000       0.209242842220853     
 -0.968000000000000       0.210610737440861     
 -0.964000000000000       0.211990882696117     
 -0.960000000000000       0.213383407306248     
 -0.956000000000000       0.214788441976191     
 -0.952000000000000       0.216206118806127     
 -0.948000000000000       0.217636571301223     
 -0.944000000000000       0.219079934381178     
 -0.940000000000000       0.220536344389555     
 -0.936000000000000       0.222005939102883     
 -0.932000000000000       0.223488857739509     
 -0.928000000000000       0.224985240968193     
 -0.924000000000000       0.226495230916418     
 -0.920000000000000       0.228018971178402     
 -0.916000000000000       0.229556606822790     
 -0.912000000000000       0.231108284400006     
 -0.908000000000000       0.232674151949251     
 -0.904000000000000       0.234254359005112     
 -0.900000000000000       0.235849056603774     
 -0.896000000000000       0.237458397288795     
 -0.892000000000000       0.239082535116443     
 -0.888000000000000       0.240721625660540     
 -0.884000000000000       0.242375826016815     
 -0.880000000000000       0.244045294806716     
 -0.876000000000000       0.245730192180669     
 -0.872000000000000       0.247430679820741     
 -0.868000000000000       0.249146920942692     
 -0.864000000000000       0.250879080297362     
 -0.860000000000000       0.252627324171382     
 -0.856000000000000       0.254391820387164     
 -0.852000000000000       0.256172738302128     
 -0.848000000000000       0.257970248807146     
 -0.844000000000000       0.259784524324145     
 -0.840000000000000       0.261615738802846     
 -0.836000000000000       0.263464067716589     
 -0.832000000000000       0.265329688057192     
 -0.828000000000000       0.267212778328830     
 -0.824000000000000       0.269113518540845     
 -0.820000000000000       0.271032090199480     
 -0.816000000000000       0.272968676298457     
 -0.812000000000000       0.274923461308372     
 -0.808000000000000       0.276896631164827     
 -0.804000000000000       0.278888373255274     
 -0.800000000000000       0.280898876404494     
 -0.796000000000000       0.282928330858653     
 -0.792000000000000       0.284976928267887     
 -0.788000000000000       0.287044861667340     
 -0.784000000000000       0.289132325456598     
 -0.780000000000000       0.291239515377446     
 -0.776000000000000       0.293366628489889     
 -0.772000000000000       0.295513863146348     
 -0.768000000000000       0.297681418963973     
 -0.764000000000000       0.299869496794995     
 -0.760000000000000       0.302078298695022     
 -0.756000000000000       0.304308027889222     
 -0.752000000000000       0.306558888736291     
 -0.748000000000000       0.308831086690121     
 -0.744000000000000       0.311124828259095     
 -0.740000000000000       0.313440320962889     
 -0.736000000000000       0.315777773286716     
 -0.732000000000000       0.318137394632895     
 -0.728000000000000       0.320519395269647     
 -0.724000000000000       0.322923986277022     
 -0.720000000000000       0.325351379489849     
 -0.716000000000000       0.327801787437587     
 -0.712000000000000       0.330275423280983     
 -0.708000000000000       0.332772500745410     
 -0.704000000000000       0.335293234050772     
 -0.700000000000000       0.337837837837838     
 -0.696000000000000       0.340406527090913     
 -0.692000000000000       0.342999517056680     
 -0.688000000000000       0.345617023159106     
 -0.684000000000000       0.348259260910266     
 -0.680000000000000       0.350926445816957     
 -0.676000000000000       0.353618793282940     
 -0.672000000000000       0.356336518506694     
 -0.668000000000000       0.359079836374500     
 -0.664000000000000       0.361848961348741     
 -0.660000000000000       0.364644107351225     
 -0.656000000000000       0.367465487641401     
 -0.652000000000000       0.370313314689292     
 -0.648000000000000       0.373187800042991     
 -0.644000000000000       0.376089154190536     
 -0.640000000000000       0.379017586416010     
 -0.636000000000000       0.381973304649685     
 -0.632000000000000       0.384956515312030     
 -0.628000000000000       0.387967423151413     
 -0.624000000000000       0.391006231075298     
 -0.620000000000000       0.394073139974779     
 -0.616000000000000       0.397168348542233     
 -0.612000000000000       0.400292053081929     
 -0.608000000000000       0.403444447313383     
 -0.604000000000000       0.406625722167283     
 -0.600000000000000       0.409836065573771     
 -0.596000000000000       0.413075662242902     
 -0.592000000000000       0.416344693437075     
 -0.588000000000000       0.419643336735242     
 -0.584000000000000       0.422971765788690     
 -0.580000000000000       0.426330150068213     
 -0.576000000000000       0.429718654602459     
 -0.572000000000000       0.433137439707268     
 -0.568000000000000       0.436586660705803     
 -0.564000000000000       0.440066467639272     
 -0.560000000000000       0.443577004968062     
 -0.556000000000000       0.447118411263092     
 -0.552000000000000       0.450690818887190     
 -0.548000000000000       0.454294353666337     
 -0.544000000000000       0.457929134550570     
 -0.540000000000000       0.461595273264402     
 -0.536000000000000       0.465292873946577     
 -0.532000000000000       0.469022032779012     
 -0.528000000000000       0.472782837604769     
 -0.524000000000000       0.476575367534923     
 -0.520000000000000       0.480399692544197     
 -0.516000000000000       0.484255873055228     
 -0.512000000000000       0.488143959511387     
 -0.508000000000000       0.492063991938024     
 -0.504000000000000       0.496015999492080     
 -0.500000000000000       0.500000000000000     
 -0.496000000000000       0.504015999483888     
 -0.492000000000000       0.508063991675879     
 -0.488000000000000       0.512143957520731     
 -0.484000000000000       0.516255864666623     
 -0.480000000000000       0.520399666944213     
 -0.476000000000000       0.524575303834016     
 -0.472000000000000       0.528782699922163     
 -0.468000000000000       0.533021764344682     
 -0.464000000000000       0.537292390220419     
 -0.460000000000000       0.541594454072790     
 -0.456000000000000       0.545927815240558     
 -0.452000000000000       0.550292315277876     
 -0.448000000000000       0.554687777343889     
 -0.444000000000000       0.559114005582194     
 -0.440000000000000       0.563570784490532     
 -0.436000000000000       0.568057878281102     
 -0.432000000000000       0.572575030231961     
 -0.428000000000000       0.577121962029992     
 -0.424000000000000       0.581698373105990     
 -0.420000000000000       0.586303939962476     
 -0.416000000000000       0.590938315494875     
 -0.412000000000000       0.595601128306777     
 -0.408000000000000       0.600291982020054     
 -0.404000000000000       0.605010454580655     
 -0.400000000000000       0.609756097560975     
 -0.396000000000000       0.614528435459766     
 -0.392000000000000       0.619326965000594     
 -0.388000000000000       0.624151154429975     
 -0.384000000000000       0.629000442816312     
 -0.380000000000000       0.633874239350913     
 -0.376000000000000       0.638771922652385     
 -0.372000000000000       0.643692840075801     
 -0.368000000000000       0.648636307028104     
 -0.364000000000000       0.653601606291308     
 -0.360000000000000       0.658587987355111     
 -0.356000000000000       0.663594665760639     
 -0.352000000000000       0.668620822457101     
 -0.348000000000000       0.673665603173234     
 -0.344000000000000       0.678728117805482     
 -0.340000000000000       0.683807439824945     
 -0.336000000000000       0.688902605705216     
 -0.332000000000000       0.694012614373279     
 -0.328000000000000       0.699136426685758     
 -0.324000000000000       0.704272964932841     
 -0.320000000000000       0.709421112372304     
 -0.316000000000000       0.714579712796122     
 -0.312000000000000       0.719747570132203     
 -0.308000000000000       0.724923448083882     
 -0.304000000000000       0.730106069809822     
 -0.300000000000000       0.735294117647059     
 -0.296000000000000       0.740486232879958     
 -0.292000000000000       0.745681015557889     
 -0.288000000000000       0.750877024364458     
 -0.284000000000000       0.756072776541179     
 -0.280000000000000       0.761266747868453     
 -0.276000000000000       0.766457372706759     
 -0.272000000000000       0.771643044100943     
 -0.268000000000000       0.776822113950482     
 -0.264000000000000       0.781992893248586     
 -0.260000000000000       0.787153652392947     
 -0.256000000000000       0.792302621570914     
 -0.252000000000000       0.797437991221802     
 -0.248000000000000       0.802557912578972     
 -0.244000000000000       0.807660498294221     
 -0.240000000000000       0.812743823146944     
 -0.236000000000000       0.817805924840364     
 -0.232000000000000       0.822844804887040     
 -0.228000000000000       0.827858429585673     
 -0.224000000000000       0.832844731091093     
 -0.220000000000000       0.837801608579088     
 -0.216000000000000       0.842726929507578     
 -0.212000000000000       0.847618530975372     
 -0.208000000000000       0.852474221179552     
 -0.204000000000000       0.857291780972237     
 -0.200000000000000       0.862068965517241     
 -0.196000000000000       0.866803506046821     
 -0.192000000000000       0.871493111718445     
 -0.188000000000000       0.876135471571156     
 -0.184000000000000       0.880728256580801     
 -0.180000000000000       0.885269121813031     
 -0.176000000000000       0.889755708672627     
 -0.172000000000000       0.894185647247339     
 -0.168000000000000       0.898556558744034     
 -0.164000000000000       0.902866058014561     
 -0.160000000000000       0.907111756168360     
 -0.156000000000000       0.911291263268401     
 -0.152000000000000       0.915402191106685     
 -0.148000000000000       0.919442156055078     
 -0.144000000000000       0.923408781986880     
 -0.140000000000000       0.927299703264095     
 -0.136000000000000       0.931112567784995     
 -0.132000000000000       0.934845040086155     
 -0.128000000000000       0.938494804492762     
 -0.124000000000000       0.942059568310623     
 -0.120000000000000       0.945537065052950     
 -0.116000000000000       0.948925057694644     
 -0.112000000000000       0.952221341946493     
 -0.108000000000000       0.955423749541397     
 -0.104000000000000       0.958530151524446     
 -0.100000000000000       0.961538461538462     
 -9.599999999999997E-002  0.964446639096352     
 -9.199999999999997E-002  0.967252692831497     
 -8.799999999999997E-002  0.969954683717177     
 -8.399999999999996E-002  0.972550728245985     
 -7.999999999999996E-002  0.975039001560062     
 -7.599999999999996E-002  0.977417740522958     
 -7.199999999999995E-002  0.979685246723933     
 -6.799999999999995E-002  0.981839889405555     
 -6.399999999999995E-002  0.983880108305522     
 -6.000000000000005E-002  0.985804416403785     
 -5.600000000000005E-002  0.987611402566209     
 -5.200000000000005E-002  0.989299734076231     
 -4.800000000000004E-002  0.990868159046230     
 -4.400000000000004E-002  0.992315508700622     
 -4.000000000000004E-002  0.993640699523052     
 -3.600000000000003E-002  0.994842735260410     
 -3.200000000000003E-002  0.995920708776850     
 -2.800000000000002E-002  0.996873803751436     
 -2.400000000000002E-002  0.997701296213524     
 -2.000000000000002E-002  0.998402555910543     
 -1.600000000000001E-002  0.998977047503357     
 -1.200000000000001E-002  0.999424331585007     
 -8.000000000000007E-003  0.999744065519227     
 -4.000000000000004E-003  0.999936004095738     
  0.000000000000000E+000   1.00000000000000     
  4.000000000000004E-003  0.999936004095738     
  8.000000000000007E-003  0.999744065519227     
  1.200000000000001E-002  0.999424331585007     
  1.600000000000001E-002  0.998977047503357     
  2.000000000000002E-002  0.998402555910543     
  2.400000000000002E-002  0.997701296213524     
  2.800000000000002E-002  0.996873803751436     
  3.200000000000003E-002  0.995920708776850     
  3.600000000000003E-002  0.994842735260410     
  4.000000000000004E-002  0.993640699523052     
  4.400000000000004E-002  0.992315508700622     
  4.800000000000004E-002  0.990868159046230     
  5.200000000000005E-002  0.989299734076232     
  5.600000000000005E-002  0.987611402566209     
  6.000000000000005E-002  0.985804416403785     
  6.400000000000006E-002  0.983880108305522     
  6.800000000000006E-002  0.981839889405555     
  7.200000000000006E-002  0.979685246723933     
  7.600000000000007E-002  0.977417740522958     
  8.000000000000007E-002  0.975039001560062     
  8.400000000000007E-002  0.972550728245985     
  8.800000000000008E-002  0.969954683717177     
  9.200000000000008E-002  0.967252692831497     
  9.600000000000009E-002  0.964446639096352     
  0.100000000000000       0.961538461538461     
  0.104000000000000       0.958530151524446     
  0.108000000000000       0.955423749541397     
  0.112000000000000       0.952221341946493     
  0.116000000000000       0.948925057694643     
  0.120000000000000       0.945537065052950     
  0.124000000000000       0.942059568310623     
  0.128000000000000       0.938494804492762     
  0.132000000000000       0.934845040086155     
  0.136000000000000       0.931112567784995     
  0.140000000000000       0.927299703264095     
  0.144000000000000       0.923408781986880     
  0.148000000000000       0.919442156055078     
  0.152000000000000       0.915402191106685     
  0.156000000000000       0.911291263268401     
  0.160000000000000       0.907111756168360     
  0.164000000000000       0.902866058014562     
  0.168000000000000       0.898556558744034     
  0.172000000000000       0.894185647247339     
  0.176000000000000       0.889755708672627     
  0.180000000000000       0.885269121813031     
  0.184000000000000       0.880728256580802     
  0.188000000000000       0.876135471571156     
  0.192000000000000       0.871493111718445     
  0.196000000000000       0.866803506046821     
  0.200000000000000       0.862068965517241     
  0.204000000000000       0.857291780972238     
  0.208000000000000       0.852474221179552     
  0.212000000000000       0.847618530975372     
  0.216000000000000       0.842726929507578     
  0.220000000000000       0.837801608579089     
  0.224000000000000       0.832844731091093     
  0.228000000000000       0.827858429585673     
  0.232000000000000       0.822844804887040     
  0.236000000000000       0.817805924840364     
  0.240000000000000       0.812743823146944     
  0.244000000000000       0.807660498294221     
  0.248000000000000       0.802557912578972     
  0.252000000000000       0.797437991221803     
  0.256000000000000       0.792302621570914     
  0.260000000000000       0.787153652392947     
  0.264000000000000       0.781992893248586     
  0.268000000000000       0.776822113950482     
  0.272000000000000       0.771643044100943     
  0.276000000000000       0.766457372706760     
  0.280000000000000       0.761266747868453     
  0.284000000000000       0.756072776541179     
  0.288000000000000       0.750877024364458     
  0.292000000000000       0.745681015557889     
  0.296000000000000       0.740486232879958     
  0.300000000000000       0.735294117647059     
  0.304000000000000       0.730106069809822     
  0.308000000000000       0.724923448083882     
  0.312000000000000       0.719747570132203     
  0.316000000000000       0.714579712796122     
  0.320000000000000       0.709421112372304     
  0.324000000000000       0.704272964932841     
  0.328000000000000       0.699136426685758     
  0.332000000000000       0.694012614373279     
  0.336000000000000       0.688902605705216     
  0.340000000000000       0.683807439824945     
  0.344000000000000       0.678728117805482     
  0.348000000000000       0.673665603173234     
  0.352000000000000       0.668620822457101     
  0.356000000000000       0.663594665760639     
  0.360000000000000       0.658587987355111     
  0.364000000000000       0.653601606291308     
  0.368000000000000       0.648636307028104     
  0.372000000000000       0.643692840075801     
  0.376000000000000       0.638771922652386     
  0.380000000000000       0.633874239350913     
  0.384000000000000       0.629000442816312     
  0.388000000000000       0.624151154429975     
  0.392000000000000       0.619326965000595     
  0.396000000000000       0.614528435459766     
  0.400000000000000       0.609756097560976     
  0.404000000000000       0.605010454580655     
  0.408000000000000       0.600291982020055     
  0.412000000000000       0.595601128306778     
  0.416000000000000       0.590938315494876     
  0.420000000000000       0.586303939962477     
  0.424000000000000       0.581698373105990     
  0.428000000000000       0.577121962029992     
  0.432000000000000       0.572575030231962     
  0.436000000000000       0.568057878281102     
  0.440000000000000       0.563570784490532     
  0.444000000000000       0.559114005582194     
  0.448000000000000       0.554687777343889     
  0.452000000000000       0.550292315277876     
  0.456000000000000       0.545927815240558     
  0.460000000000000       0.541594454072790     
  0.464000000000000       0.537292390220419     
  0.468000000000000       0.533021764344682     
  0.472000000000000       0.528782699922163     
  0.476000000000000       0.524575303834016     
  0.480000000000000       0.520399666944213     
  0.484000000000000       0.516255864666623     
  0.488000000000000       0.512143957520732     
  0.492000000000000       0.508063991675880     
  0.496000000000000       0.504015999483888     
  0.500000000000000       0.500000000000000     
  0.504000000000000       0.496015999492080     
  0.508000000000000       0.492063991938023     
  0.512000000000000       0.488143959511387     
  0.516000000000000       0.484255873055228     
  0.520000000000000       0.480399692544197     
  0.524000000000000       0.476575367534923     
  0.528000000000000       0.472782837604769     
  0.532000000000000       0.469022032779012     
  0.536000000000000       0.465292873946577     
  0.540000000000000       0.461595273264402     
  0.544000000000000       0.457929134550570     
  0.548000000000000       0.454294353666337     
  0.552000000000000       0.450690818887190     
  0.556000000000000       0.447118411263092     
  0.560000000000000       0.443577004968062     
  0.564000000000000       0.440066467639272     
  0.568000000000000       0.436586660705803     
  0.572000000000000       0.433137439707268     
  0.576000000000000       0.429718654602459     
  0.580000000000000       0.426330150068213     
  0.584000000000000       0.422971765788690     
  0.588000000000000       0.419643336735242     
  0.592000000000000       0.416344693437075     
  0.596000000000000       0.413075662242902     
  0.600000000000000       0.409836065573770     
  0.604000000000000       0.406625722167282     
  0.608000000000000       0.403444447313383     
  0.612000000000000       0.400292053081928     
  0.616000000000000       0.397168348542233     
  0.620000000000000       0.394073139974779     
  0.624000000000000       0.391006231075298     
  0.628000000000000       0.387967423151413     
  0.632000000000000       0.384956515312030     
  0.636000000000000       0.381973304649685     
  0.640000000000000       0.379017586416010     
  0.644000000000000       0.376089154190536     
  0.648000000000000       0.373187800042991     
  0.652000000000000       0.370313314689292     
  0.656000000000000       0.367465487641401     
  0.660000000000000       0.364644107351225     
  0.664000000000000       0.361848961348741     
  0.668000000000000       0.359079836374500     
  0.672000000000000       0.356336518506693     
  0.676000000000000       0.353618793282940     
  0.680000000000000       0.350926445816957     
  0.684000000000000       0.348259260910266     
  0.688000000000000       0.345617023159105     
  0.692000000000000       0.342999517056680     
  0.696000000000000       0.340406527090913     
  0.700000000000000       0.337837837837838     
  0.704000000000000       0.335293234050771     
  0.708000000000000       0.332772500745410     
  0.712000000000000       0.330275423280982     
  0.716000000000000       0.327801787437586     
  0.720000000000000       0.325351379489849     
  0.724000000000000       0.322923986277022     
  0.728000000000000       0.320519395269647     
  0.732000000000000       0.318137394632895     
  0.736000000000000       0.315777773286716     
  0.740000000000000       0.313440320962889     
  0.744000000000000       0.311124828259095     
  0.748000000000000       0.308831086690121     
  0.752000000000000       0.306558888736291     
  0.756000000000000       0.304308027889222     
  0.760000000000000       0.302078298695022     
  0.764000000000000       0.299869496794995     
  0.768000000000000       0.297681418963973     
  0.772000000000000       0.295513863146348     
  0.776000000000000       0.293366628489889     
  0.780000000000000       0.291239515377446     
  0.784000000000000       0.289132325456598     
  0.788000000000000       0.287044861667340     
  0.792000000000000       0.284976928267887     
  0.796000000000000       0.282928330858653     
  0.800000000000000       0.280898876404494     
  0.804000000000000       0.278888373255274     
  0.808000000000000       0.276896631164827     
  0.812000000000000       0.274923461308372     
  0.816000000000000       0.272968676298457     
  0.820000000000000       0.271032090199480     
  0.824000000000000       0.269113518540845     
  0.828000000000000       0.267212778328830     
  0.832000000000000       0.265329688057192     
  0.836000000000000       0.263464067716588     
  0.840000000000000       0.261615738802846     
  0.844000000000000       0.259784524324145     
  0.848000000000000       0.257970248807146     
  0.852000000000000       0.256172738302128     
  0.856000000000000       0.254391820387164     
  0.860000000000000       0.252627324171382     
  0.864000000000000       0.250879080297362     
  0.868000000000000       0.249146920942692     
  0.872000000000000       0.247430679820741     
  0.876000000000000       0.245730192180669     
  0.880000000000000       0.244045294806716     
  0.884000000000000       0.242375826016815     
  0.888000000000000       0.240721625660540     
  0.892000000000000       0.239082535116443     
  0.896000000000000       0.237458397288795     
  0.900000000000000       0.235849056603774     
  0.904000000000000       0.234254359005112     
  0.908000000000000       0.232674151949251     
  0.912000000000000       0.231108284400006     
  0.916000000000000       0.229556606822790     
  0.920000000000000       0.228018971178402     
  0.924000000000000       0.226495230916418     
  0.928000000000000       0.224985240968192     
  0.932000000000000       0.223488857739509     
  0.936000000000000       0.222005939102883     
  0.940000000000000       0.220536344389555     
  0.944000000000000       0.219079934381178     
  0.948000000000000       0.217636571301223     
  0.952000000000000       0.216206118806127     
  0.956000000000000       0.214788441976191     
  0.960000000000000       0.213383407306248     
  0.964000000000000       0.211990882696117     
  0.968000000000000       0.210610737440860     
  0.972000000000000       0.209242842220853     
  0.976000000000000       0.207887069091683     
  0.980000000000000       0.206543291473893     
  0.984000000000000       0.205211384142578     
  0.988000000000000       0.203891223216849     
  0.992000000000000       0.202582686149179     
  0.996000000000000       0.201285651714632     
