  -1.00000000000000       5.000000000000000E-010
 -0.996000000000000       5.040241286430865E-010
 -0.992000000000000       5.080970343392300E-010
 -0.988000000000000       5.122195085970923E-010
 -0.984000000000000       5.163923590455417E-010
 -0.980000000000000       5.206164098292379E-010
 -0.976000000000000       5.248925020155873E-010
 -0.972000000000000       5.292214940134465E-010
 -0.968000000000000       5.336042620039615E-010
 -0.964000000000000       5.380417003839466E-010
 -0.960000000000000       5.425347222222223E-010
 -0.956000000000000       5.470842597293466E-010
 -0.952000000000000       5.516912647411906E-010
 -0.948000000000000       5.563567092168278E-010
 -0.944000000000000       5.610815857512210E-010
 -0.940000000000000       5.658669081032142E-010
 -0.936000000000000       5.707137117393529E-010
 -0.932000000000000       5.756230543940762E-010
 -0.928000000000000       5.805960166468489E-010
 -0.924000000000000       5.856337025168193E-010
 -0.920000000000000       5.907372400756143E-010
 -0.916000000000000       5.959077820789077E-010
 -0.912000000000000       6.011465066174208E-010
 -0.908000000000000       6.064546177880417E-010
 -0.904000000000000       6.118333463857780E-010
 -0.900000000000000       6.172839506172839E-010
 -0.896000000000000       6.228077168367347E-010
 -0.892000000000000       6.284059603048523E-010
 -0.888000000000000       6.340800259719178E-010
 -0.884000000000000       6.398312892856411E-010
 -0.880000000000000       6.456611570247934E-010
 -0.876000000000000       6.515710681595464E-010
 -0.872000000000000       6.575624947395000E-010
 -0.868000000000000       6.636369428104229E-010
 -0.864000000000000       6.697959533607682E-010
 -0.860000000000000       6.760411032990806E-010
 -0.856000000000000       6.823740064634466E-010
 -0.852000000000000       6.887963146641981E-010
 -0.848000000000000       6.953097187611250E-010
 -0.844000000000000       7.019159497765100E-010
 -0.840000000000000       7.086167800453515E-010
 -0.836000000000000       7.154140244042033E-010
 -0.832000000000000       7.223095414201184E-010
 -0.828000000000000       7.293052346612522E-010
 -0.824000000000000       7.364030540107456E-010
 -0.820000000000000       7.436049970255799E-010
 -0.816000000000000       7.509131103421760E-010
 -0.812000000000000       7.583294911305782E-010
 -0.808000000000000       7.658562885991569E-010
 -0.804000000000000       7.734957055518428E-010
 -0.800000000000000       7.812500000000000E-010
 -0.796000000000000       7.891214868311406E-010
 -0.792000000000000       7.971125395367820E-010
 -0.788000000000000       8.052255920018552E-010
 -0.784000000000000       8.134631403581841E-010
 -0.780000000000000       8.218277449046680E-010
 -0.776000000000000       8.303220320969285E-010
 -0.772000000000000       8.389486966093050E-010
 -0.768000000000000       8.477105034722223E-010
 -0.764000000000000       8.566102902880952E-010
 -0.760000000000000       8.656509695290860E-010
 -0.756000000000000       8.748355309201870E-010
 -0.752000000000000       8.841670439112721E-010
 -0.748000000000000       8.936486602419287E-010
 -0.744000000000000       9.032836166030756E-010
 -0.740000000000000       9.130752373995618E-010
 -0.736000000000000       9.230269376181476E-010
 -0.732000000000000       9.331422258054885E-010
 -0.728000000000000       9.434247071609711E-010
 -0.724000000000000       9.538780867494889E-010
 -0.720000000000000       9.645061728395062E-010
 -0.716000000000000       9.753128803720235E-010
 -0.712000000000000       9.863022345663428E-010
 -0.708000000000000       9.974783746688373E-010
 -0.704000000000000       1.008845557851240E-009
 -0.700000000000000       1.020408163265306E-009
 -0.696000000000000       1.032170696261065E-009
 -0.692000000000000       1.044137792776237E-009
 -0.688000000000000       1.056314223904814E-009
 -0.684000000000000       1.068704900653193E-009
 -0.680000000000000       1.081314878892734E-009
 -0.676000000000000       1.094149364518049E-009
 -0.672000000000000       1.107213718820862E-009
 -0.668000000000000       1.120513464089785E-009
 -0.664000000000000       1.134054289446945E-009
 -0.660000000000000       1.147842056932966E-009
 -0.656000000000000       1.161882807852469E-009
 -0.652000000000000       1.176182769392901E-009
 -0.648000000000000       1.190748361530255E-009
 -0.644000000000000       1.205586204235948E-009
 -0.640000000000000       1.220703125000000E-009
 -0.636000000000000       1.236106166686444E-009
 -0.632000000000000       1.251802595737863E-009
 -0.628000000000000       1.267799910746886E-009
 -0.624000000000000       1.284105851413544E-009
 -0.620000000000000       1.300728407908429E-009
 -0.616000000000000       1.317675830662844E-009
 -0.612000000000000       1.334956640608313E-009
 -0.608000000000000       1.352579639889197E-009
 -0.604000000000000       1.370553923073549E-009
 -0.600000000000000       1.388888888888889E-009
 -0.596000000000000       1.407594252511148E-009
 -0.592000000000000       1.426680058436815E-009
 -0.588000000000000       1.446156693970105E-009
 -0.584000000000000       1.466034903358979E-009
 -0.580000000000000       1.486325802615933E-009
 -0.576000000000000       1.507040895061728E-009
 -0.572000000000000       1.528192087632647E-009
 -0.568000000000000       1.549791707994445E-009
 -0.564000000000000       1.571852522508928E-009
 -0.560000000000000       1.594387755102041E-009
 -0.556000000000000       1.617411107085554E-009
 -0.552000000000000       1.640936777987817E-009
 -0.548000000000000       1.664979487452714E-009
 -0.544000000000000       1.689554498269896E-009
 -0.540000000000000       1.714677640603566E-009
 -0.536000000000000       1.740365337491646E-009
 -0.532000000000000       1.766634631692012E-009
 -0.528000000000000       1.793503213957759E-009
 -0.524000000000000       1.820989452829089E-009
 -0.520000000000000       1.849112426035503E-009
 -0.516000000000000       1.877891953608557E-009
 -0.512000000000000       1.907348632812500E-009
 -0.508000000000000       1.937503875007750E-009
 -0.504000000000000       1.968379944570421E-009
 -0.500000000000000       2.000000000000000E-009
 -0.496000000000000       2.032388137356920E-009
 -0.492000000000000       2.065569436182166E-009
 -0.488000000000000       2.099570008062349E-009
 -0.484000000000000       2.134417048015846E-009
 -0.480000000000000       2.170138888888889E-009
 -0.476000000000000       2.206765058964762E-009
 -0.472000000000000       2.244326343004883E-009
 -0.468000000000000       2.282854846957411E-009
 -0.464000000000000       2.322384066587396E-009
 -0.460000000000000       2.362948960302457E-009
 -0.456000000000000       2.404586026469683E-009
 -0.452000000000000       2.447333385543112E-009
 -0.448000000000000       2.491230867346939E-009
 -0.444000000000000       2.536320103887671E-009
 -0.440000000000000       2.582644628099174E-009
 -0.436000000000000       2.630249978957999E-009
 -0.432000000000000       2.679183813443072E-009
 -0.428000000000000       2.729496025853785E-009
 -0.424000000000000       2.781238875044499E-009
 -0.420000000000000       2.834467120181405E-009
 -0.416000000000000       2.889238165680472E-009
 -0.412000000000000       2.945612216042981E-009
 -0.408000000000000       3.003652441368703E-009
 -0.404000000000000       3.063425154396627E-009
 -0.400000000000000       3.124999999999999E-009
 -0.396000000000000       3.188450158147127E-009
 -0.392000000000000       3.253852561432735E-009
 -0.388000000000000       3.321288128387713E-009
 -0.384000000000000       3.390842013888888E-009
 -0.380000000000000       3.462603878116343E-009
 -0.376000000000000       3.536668175645087E-009
 -0.372000000000000       3.613134466412301E-009
 -0.368000000000000       3.692107750472589E-009
 -0.364000000000000       3.773698828643883E-009
 -0.360000000000000       3.858024691358024E-009
 -0.356000000000000       3.945208938265370E-009
 -0.352000000000000       4.035382231404958E-009
 -0.348000000000000       4.128682785044259E-009
 -0.344000000000000       4.225256895619253E-009
 -0.340000000000000       4.325259515570934E-009
 -0.336000000000000       4.428854875283447E-009
 -0.332000000000000       4.536217157787777E-009
 -0.328000000000000       4.647531231409875E-009
 -0.324000000000000       4.762993446121018E-009
 -0.320000000000000       4.882812500000000E-009
 -0.316000000000000       5.007210382951450E-009
 -0.312000000000000       5.136423405654171E-009
 -0.308000000000000       5.270703322651371E-009
 -0.304000000000000       5.410318559556783E-009
 -0.300000000000000       5.555555555555552E-009
 -0.296000000000000       5.706720233747257E-009
 -0.292000000000000       5.864139613435913E-009
 -0.288000000000000       6.028163580246910E-009
 -0.284000000000000       6.199166831977778E-009
 -0.280000000000000       6.377551020408160E-009
 -0.276000000000000       6.563747111951267E-009
 -0.272000000000000       6.758217993079581E-009
 -0.268000000000000       6.961461349966582E-009
 -0.264000000000000       7.174012855831035E-009
 -0.260000000000000       7.396449704142008E-009
 -0.256000000000000       7.629394531249997E-009
 -0.252000000000000       7.873519778281681E-009
 -0.248000000000000       8.129552549427678E-009
 -0.244000000000000       8.398280032249395E-009
 -0.240000000000000       8.680555555555555E-009
 -0.236000000000000       8.977305372019533E-009
 -0.232000000000000       9.289536266349583E-009
 -0.228000000000000       9.618344105878732E-009
 -0.224000000000000       9.964923469387755E-009
 -0.220000000000000       1.033057851239669E-008
 -0.216000000000000       1.071673525377229E-008
 -0.212000000000000       1.112495550017800E-008
 -0.208000000000000       1.155695266272190E-008
 -0.204000000000000       1.201460976547482E-008
 -0.200000000000000       1.250000000000000E-008
 -0.196000000000000       1.301541024573095E-008
 -0.192000000000000       1.356336805555556E-008
 -0.188000000000000       1.414667270258036E-008
 -0.184000000000000       1.476843100189035E-008
 -0.180000000000000       1.543209876543209E-008
 -0.176000000000000       1.614152892561982E-008
 -0.172000000000000       1.690102758247700E-008
 -0.168000000000000       1.771541950113377E-008
 -0.164000000000000       1.859012492563949E-008
 -0.160000000000000       1.953124999999999E-008
 -0.156000000000000       2.054569362261669E-008
 -0.152000000000000       2.164127423822713E-008
 -0.148000000000000       2.282688093498903E-008
 -0.144000000000000       2.411265432098764E-008
 -0.140000000000000       2.551020408163264E-008
 -0.136000000000000       2.703287197231832E-008
 -0.132000000000000       2.869605142332413E-008
 -0.128000000000000       3.051757812499999E-008
 -0.124000000000000       3.251821019771071E-008
 -0.120000000000000       3.472222222222221E-008
 -0.116000000000000       3.715814506539832E-008
 -0.112000000000000       3.985969387755101E-008
 -0.108000000000000       4.286694101508915E-008
 -0.104000000000000       4.622781065088757E-008
 -0.100000000000000       4.999999999999999E-008
 -9.599999999999997E-002  5.425347222222222E-008
 -9.199999999999997E-002  5.907372400756144E-008
 -8.799999999999997E-002  6.456611570247934E-008
 -8.399999999999996E-002  7.086167800453516E-008
 -7.999999999999996E-002  7.812500000000002E-008
 -7.599999999999996E-002  8.656509695290861E-008
 -7.199999999999995E-002  9.645061728395065E-008
 -6.799999999999995E-002  1.081314878892734E-007
 -6.399999999999995E-002  1.220703125000001E-007
 -6.000000000000005E-002  1.388888888888885E-007
 -5.600000000000005E-002  1.594387755102036E-007
 -5.200000000000005E-002  1.849112426035497E-007
 -4.800000000000004E-002  2.170138888888882E-007
 -4.400000000000004E-002  2.582644628099165E-007
 -4.000000000000004E-002  3.124999999999989E-007
 -3.600000000000003E-002  3.858024691358009E-007
 -3.200000000000003E-002  4.882812499999978E-007
 -2.800000000000002E-002  6.377551020408130E-007
 -2.400000000000002E-002  8.680555555555503E-007
 -2.000000000000002E-002  1.249999999999991E-006
 -1.600000000000001E-002  1.953124999999981E-006
 -1.200000000000001E-002  3.472222222222174E-006
 -8.000000000000007E-003  7.812499999999804E-006
 -4.000000000000004E-003  3.124999999999752E-005
  0.000000000000000E+000   500000000.000000     
  4.000000000000004E-003  3.124999999999847E-005
  8.000000000000007E-003  7.812499999999926E-006
  1.200000000000001E-002  3.472222222222210E-006
  1.600000000000001E-002  1.953124999999997E-006
  2.000000000000002E-002  1.249999999999999E-006
  2.400000000000002E-002  8.680555555555549E-007
  2.800000000000002E-002  6.377551020408158E-007
  3.200000000000003E-002  4.882812499999995E-007
  3.600000000000003E-002  3.858024691358021E-007
  4.000000000000004E-002  3.124999999999997E-007
  4.400000000000004E-002  2.582644628099171E-007
  4.800000000000004E-002  2.170138888888887E-007
  5.200000000000005E-002  1.849112426035501E-007
  5.600000000000005E-002  1.594387755102039E-007
  6.000000000000005E-002  1.388888888888887E-007
  6.400000000000006E-002  1.220703124999999E-007
  6.800000000000006E-002  1.081314878892732E-007
  7.200000000000006E-002  9.645061728395051E-008
  7.600000000000007E-002  8.656509695290849E-008
  8.000000000000007E-002  7.812499999999991E-008
  8.400000000000007E-002  7.086167800453507E-008
  8.800000000000008E-002  6.456611570247926E-008
  9.200000000000008E-002  5.907372400756137E-008
  9.600000000000009E-002  5.425347222222215E-008
  0.100000000000000       4.999999999999994E-008
  0.104000000000000       4.622781065088751E-008
  0.108000000000000       4.286694101508910E-008
  0.112000000000000       3.985969387755097E-008
  0.116000000000000       3.715814506539829E-008
  0.120000000000000       3.472222222222217E-008
  0.124000000000000       3.251821019771067E-008
  0.128000000000000       3.051757812500007E-008
  0.132000000000000       2.869605142332421E-008
  0.136000000000000       2.703287197231839E-008
  0.140000000000000       2.551020408163270E-008
  0.144000000000000       2.411265432098770E-008
  0.148000000000000       2.282688093498908E-008
  0.152000000000000       2.164127423822718E-008
  0.156000000000000       2.054569362261673E-008
  0.160000000000000       1.953125000000003E-008
  0.164000000000000       1.859012492563952E-008
  0.168000000000000       1.771541950113381E-008
  0.172000000000000       1.690102758247703E-008
  0.176000000000000       1.614152892561985E-008
  0.180000000000000       1.543209876543212E-008
  0.184000000000000       1.476843100189037E-008
  0.188000000000000       1.414667270258037E-008
  0.192000000000000       1.356336805555557E-008
  0.196000000000000       1.301541024573096E-008
  0.200000000000000       1.250000000000001E-008
  0.204000000000000       1.201460976547483E-008
  0.208000000000000       1.155695266272190E-008
  0.212000000000000       1.112495550017801E-008
  0.216000000000000       1.071673525377230E-008
  0.220000000000000       1.033057851239670E-008
  0.224000000000000       9.964923469387760E-009
  0.228000000000000       9.618344105878736E-009
  0.232000000000000       9.289536266349588E-009
  0.236000000000000       8.977305372019538E-009
  0.240000000000000       8.680555555555558E-009
  0.244000000000000       8.398280032249398E-009
  0.248000000000000       8.129552549427681E-009
  0.252000000000000       7.873519778281687E-009
  0.256000000000000       7.629394531250003E-009
  0.260000000000000       7.396449704142015E-009
  0.264000000000000       7.174012855831040E-009
  0.268000000000000       6.961461349966588E-009
  0.272000000000000       6.758217993079587E-009
  0.276000000000000       6.563747111951272E-009
  0.280000000000000       6.377551020408165E-009
  0.284000000000000       6.199166831977783E-009
  0.288000000000000       6.028163580246915E-009
  0.292000000000000       5.864139613435918E-009
  0.296000000000000       5.706720233747261E-009
  0.300000000000000       5.555555555555556E-009
  0.304000000000000       5.410318559556787E-009
  0.308000000000000       5.270703322651375E-009
  0.312000000000000       5.136423405654175E-009
  0.316000000000000       5.007210382951450E-009
  0.320000000000000       4.882812500000000E-009
  0.324000000000000       4.762993446121018E-009
  0.328000000000000       4.647531231409875E-009
  0.332000000000000       4.536217157787777E-009
  0.336000000000000       4.428854875283447E-009
  0.340000000000000       4.325259515570934E-009
  0.344000000000000       4.225256895619253E-009
  0.348000000000000       4.128682785044259E-009
  0.352000000000000       4.035382231404958E-009
  0.356000000000000       3.945208938265370E-009
  0.360000000000000       3.858024691358024E-009
  0.364000000000000       3.773698828643883E-009
  0.368000000000000       3.692107750472589E-009
  0.372000000000000       3.613134466412301E-009
  0.376000000000000       3.536668175645091E-009
  0.380000000000000       3.462603878116347E-009
  0.384000000000000       3.390842013888892E-009
  0.388000000000000       3.321288128387717E-009
  0.392000000000000       3.253852561432739E-009
  0.396000000000000       3.188450158147130E-009
  0.400000000000000       3.125000000000002E-009
  0.404000000000000       3.063425154396630E-009
  0.408000000000000       3.003652441368707E-009
  0.412000000000000       2.945612216042984E-009
  0.416000000000000       2.889238165680475E-009
  0.420000000000000       2.834467120181408E-009
  0.424000000000000       2.781238875044502E-009
  0.428000000000000       2.729496025853788E-009
  0.432000000000000       2.679183813443074E-009
  0.436000000000000       2.630249978958002E-009
  0.440000000000000       2.582644628099175E-009
  0.444000000000000       2.536320103887673E-009
  0.448000000000000       2.491230867346940E-009
  0.452000000000000       2.447333385543113E-009
  0.456000000000000       2.404586026469684E-009
  0.460000000000000       2.362948960302459E-009
  0.464000000000000       2.322384066587397E-009
  0.468000000000000       2.282854846957412E-009
  0.472000000000000       2.244326343004885E-009
  0.476000000000000       2.206765058964763E-009
  0.480000000000000       2.170138888888890E-009
  0.484000000000000       2.134417048015846E-009
  0.488000000000000       2.099570008062350E-009
  0.492000000000000       2.065569436182167E-009
  0.496000000000000       2.032388137356920E-009
  0.500000000000000       2.000000000000001E-009
  0.504000000000000       1.968379944570421E-009
  0.508000000000000       1.937503875007750E-009
  0.512000000000000       1.907348632812500E-009
  0.516000000000000       1.877891953608557E-009
  0.520000000000000       1.849112426035503E-009
  0.524000000000000       1.820989452829089E-009
  0.528000000000000       1.793503213957759E-009
  0.532000000000000       1.766634631692012E-009
  0.536000000000000       1.740365337491646E-009
  0.540000000000000       1.714677640603566E-009
  0.544000000000000       1.689554498269896E-009
  0.548000000000000       1.664979487452714E-009
  0.552000000000000       1.640936777987817E-009
  0.556000000000000       1.617411107085554E-009
  0.560000000000000       1.594387755102041E-009
  0.564000000000000       1.571852522508928E-009
  0.568000000000000       1.549791707994445E-009
  0.572000000000000       1.528192087632647E-009
  0.576000000000000       1.507040895061728E-009
  0.580000000000000       1.486325802615933E-009
  0.584000000000000       1.466034903358979E-009
  0.588000000000000       1.446156693970105E-009
  0.592000000000000       1.426680058436815E-009
  0.596000000000000       1.407594252511148E-009
  0.600000000000000       1.388888888888889E-009
  0.604000000000000       1.370553923073549E-009
  0.608000000000000       1.352579639889196E-009
  0.612000000000000       1.334956640608313E-009
  0.616000000000000       1.317675830662843E-009
  0.620000000000000       1.300728407908428E-009
  0.624000000000000       1.284105851413543E-009
  0.628000000000000       1.267799910746887E-009
  0.632000000000000       1.251802595737863E-009
  0.636000000000000       1.236106166686445E-009
  0.640000000000000       1.220703125000001E-009
  0.644000000000000       1.205586204235948E-009
  0.648000000000000       1.190748361530255E-009
  0.652000000000000       1.176182769392902E-009
  0.656000000000000       1.161882807852469E-009
  0.660000000000000       1.147842056932966E-009
  0.664000000000000       1.134054289446945E-009
  0.668000000000000       1.120513464089785E-009
  0.672000000000000       1.107213718820862E-009
  0.676000000000000       1.094149364518049E-009
  0.680000000000000       1.081314878892734E-009
  0.684000000000000       1.068704900653193E-009
  0.688000000000000       1.056314223904814E-009
  0.692000000000000       1.044137792776237E-009
  0.696000000000000       1.032170696261065E-009
  0.700000000000000       1.020408163265306E-009
  0.704000000000000       1.008845557851240E-009
  0.708000000000000       9.974783746688373E-010
  0.712000000000000       9.863022345663428E-010
  0.716000000000000       9.753128803720235E-010
  0.720000000000000       9.645061728395062E-010
  0.724000000000000       9.538780867494889E-010
  0.728000000000000       9.434247071609711E-010
  0.732000000000000       9.331422258054885E-010
  0.736000000000000       9.230269376181476E-010
  0.740000000000000       9.130752373995618E-010
  0.744000000000000       9.032836166030756E-010
  0.748000000000000       8.936486602419287E-010
  0.752000000000000       8.841670439112721E-010
  0.756000000000000       8.748355309201870E-010
  0.760000000000000       8.656509695290860E-010
  0.764000000000000       8.566102902880952E-010
  0.768000000000000       8.477105034722223E-010
  0.772000000000000       8.389486966093050E-010
  0.776000000000000       8.303220320969285E-010
  0.780000000000000       8.218277449046680E-010
  0.784000000000000       8.134631403581841E-010
  0.788000000000000       8.052255920018552E-010
  0.792000000000000       7.971125395367820E-010
  0.796000000000000       7.891214868311406E-010
  0.800000000000000       7.812500000000000E-010
  0.804000000000000       7.734957055518428E-010
  0.808000000000000       7.658562885991569E-010
  0.812000000000000       7.583294911305782E-010
  0.816000000000000       7.509131103421760E-010
  0.820000000000000       7.436049970255799E-010
  0.824000000000000       7.364030540107456E-010
  0.828000000000000       7.293052346612522E-010
  0.832000000000000       7.223095414201182E-010
  0.836000000000000       7.154140244042032E-010
  0.840000000000000       7.086167800453514E-010
  0.844000000000000       7.019159497765099E-010
  0.848000000000000       6.953097187611248E-010
  0.852000000000000       6.887963146641979E-010
  0.856000000000000       6.823740064634464E-010
  0.860000000000000       6.760411032990804E-010
  0.864000000000000       6.697959533607681E-010
  0.868000000000000       6.636369428104227E-010
  0.872000000000000       6.575624947394999E-010
  0.876000000000000       6.515710681595465E-010
  0.880000000000000       6.456611570247936E-010
  0.884000000000000       6.398312892856414E-010
  0.888000000000000       6.340800259719180E-010
  0.892000000000000       6.284059603048525E-010
  0.896000000000000       6.228077168367349E-010
  0.900000000000000       6.172839506172841E-010
  0.904000000000000       6.118333463857782E-010
  0.908000000000000       6.064546177880418E-010
  0.912000000000000       6.011465066174209E-010
  0.916000000000000       5.959077820789078E-010
  0.920000000000000       5.907372400756145E-010
  0.924000000000000       5.856337025168196E-010
  0.928000000000000       5.805960166468492E-010
  0.932000000000000       5.756230543940762E-010
  0.936000000000000       5.707137117393529E-010
  0.940000000000000       5.658669081032142E-010
  0.944000000000000       5.610815857512210E-010
  0.948000000000000       5.563567092168278E-010
  0.952000000000000       5.516912647411906E-010
  0.956000000000000       5.470842597293466E-010
  0.960000000000000       5.425347222222223E-010
  0.964000000000000       5.380417003839466E-010
  0.968000000000000       5.336042620039615E-010
  0.972000000000000       5.292214940134465E-010
  0.976000000000000       5.248925020155873E-010
  0.980000000000000       5.206164098292379E-010
  0.984000000000000       5.163923590455417E-010
  0.988000000000000       5.122195085970923E-010
  0.992000000000000       5.080970343392300E-010
  0.996000000000000       5.040241286430865E-010
