  -1.00000000000000       4.244121380293773E-010
 -0.996000000000000       4.289786759411715E-010
 -0.992000000000000       4.336256455664894E-010
 -0.988000000000000       4.383550747999610E-010
 -0.984000000000000       4.431690591119357E-010
 -0.980000000000000       4.480697643713340E-010
 -0.976000000000000       4.530594298109575E-010
 -0.972000000000000       4.581403711437115E-010
 -0.968000000000000       4.633149838387752E-010
 -0.964000000000000       4.685857465673752E-010
 -0.960000000000000       4.739552248284962E-010
 -0.956000000000000       4.794260747655792E-010
 -0.952000000000000       4.850010471860511E-010
 -0.948000000000000       4.906829917963669E-010
 -0.944000000000000       4.964748616661667E-010
 -0.940000000000000       5.023797179361387E-010
 -0.936000000000000       5.084007347852461E-010
 -0.932000000000000       5.145412046741480E-010
 -0.928000000000000       5.208045438828888E-010
 -0.924000000000000       5.271942983623136E-010
 -0.920000000000000       5.337141499201324E-010
 -0.916000000000000       5.403679227641863E-010
 -0.912000000000000       5.471595904272061E-010
 -0.908000000000000       5.540932830992727E-010
 -0.904000000000000       5.611732953962606E-010
 -0.900000000000000       5.684040945948168E-010
 -0.896000000000000       5.757903293668915E-010
 -0.892000000000000       5.833368390495482E-010
 -0.888000000000000       5.910486634887182E-010
 -0.884000000000000       5.989310534988025E-010
 -0.880000000000000       6.069894819835525E-010
 -0.876000000000000       6.152296557675331E-010
 -0.872000000000000       6.236575281917278E-010
 -0.868000000000000       6.322793125314980E-010
 -0.864000000000000       6.411014963002476E-010
 -0.860000000000000       6.501308565077786E-010
 -0.856000000000000       6.593744759485387E-010
 -0.852000000000000       6.688397606018099E-010
 -0.848000000000000       6.785344582334498E-010
 -0.844000000000000       6.884666782971444E-010
 -0.840000000000000       6.986449132423825E-010
 -0.836000000000000       7.090780613465751E-010
 -0.832000000000000       7.197754512001065E-010
 -0.828000000000000       7.307468679856834E-010
 -0.824000000000000       7.420025817073468E-010
 -0.820000000000000       7.535533775400837E-010
 -0.816000000000000       7.654105884883293E-010
 -0.812000000000000       7.775861305610078E-010
 -0.808000000000000       7.900925406923864E-010
 -0.804000000000000       8.029430176622131E-010
 -0.800000000000000       8.161514662957159E-010
 -0.796000000000000       8.297325452544507E-010
 -0.792000000000000       8.437017187631554E-010
 -0.788000000000000       8.580753126562186E-010
 -0.784000000000000       8.728705751707123E-010
 -0.780000000000000       8.881057429618579E-010
 -0.776000000000000       9.038001128721208E-010
 -0.772000000000000       9.199741200477795E-010
 -0.768000000000000       9.366494230679221E-010
 -0.764000000000000       9.538489968316260E-010
 -0.760000000000000       9.715972340411027E-010
 -0.756000000000000       9.899200562235870E-010
 -0.752000000000000       1.008845035354760E-009
 -0.748000000000000       1.028401527283963E-009
 -0.744000000000000       1.048620818319272E-009
 -0.740000000000000       1.069536286511927E-009
 -0.736000000000000       1.091183579388901E-009
 -0.732000000000000       1.113600810124009E-009
 -0.728000000000000       1.136828774417900E-009
 -0.724000000000000       1.160911190682164E-009
 -0.720000000000000       1.185894966500854E-009
 -0.716000000000000       1.211830494783809E-009
 -0.712000000000000       1.238771983542146E-009
 -0.708000000000000       1.266777823821452E-009
 -0.704000000000000       1.295911001040095E-009
 -0.700000000000000       1.326239555819906E-009
 -0.696000000000000       1.357837101390201E-009
 -0.692000000000000       1.390783405825772E-009
 -0.688000000000000       1.425165048784315E-009
 -0.684000000000000       1.461076164087459E-009
 -0.680000000000000       1.498619281502675E-009
 -0.676000000000000       1.537906283506219E-009
 -0.672000000000000       1.579059495734491E-009
 -0.668000000000000       1.622212933381889E-009
 -0.664000000000000       1.667513730127884E-009
 -0.660000000000000       1.715123781466326E-009
 -0.656000000000000       1.765221640810638E-009
 -0.652000000000000       1.818004714774369E-009
 -0.648000000000000       1.873691813984370E-009
 -0.644000000000000       1.932526128203045E-009
 -0.640000000000000       1.994778710109466E-009
 -0.636000000000000       2.060752571729885E-009
 -0.632000000000000       2.130787522428275E-009
 -0.628000000000000       2.205265909187856E-009
 -0.624000000000000       2.284619460819491E-009
 -0.620000000000000       2.369337490691697E-009
 -0.616000000000000       2.459976781661409E-009
 -0.612000000000000       2.557173567731451E-009
 -0.608000000000000       2.661658147452558E-009
 -0.604000000000000       2.774272825368183E-009
 -0.600000000000000       2.895994095805616E-009
 -0.596000000000000       3.027960281124877E-009
 -0.592000000000000       3.171506248019389E-009
 -0.588000000000000       3.328207401066241E-009
 -0.584000000000000       3.499935968782078E-009
 -0.580000000000000       3.688933771475574E-009
 -0.576000000000000       3.897907376601893E-009
 -0.572000000000000       4.130154101575901E-009
 -0.568000000000000       4.389731200547213E-009
 -0.564000000000000       4.681686585510578E-009
 -0.560000000000000       5.012378994392252E-009
 -0.556000000000000       5.389931152430244E-009
 -0.552000000000000       5.824885856641448E-009
 -0.548000000000000       6.331181087860168E-009
 -0.544000000000000       6.927644540833816E-009
 -0.540000000000000       7.640369561796579E-009
 -0.536000000000000       8.506662769305491E-009
 -0.532000000000000       9.581968123092768E-009
 -0.528000000000000       1.095286202839067E-008
 -0.524000000000000       1.276363956841788E-008
 -0.520000000000000       1.527718339167171E-008
 -0.516000000000000       1.903708419823302E-008
 -0.512000000000000       2.540199703822581E-008
 -0.508000000000000       3.898655022450271E-008
 -0.504000000000000       8.797025721373096E-008
 -0.500000000000000       1.699701670312476E-006
 -0.496000000000000       2.148411045936992E-007
 -0.492000000000000       9.480138483035694E-008
 -0.488000000000000       1.165449719475756E-007
 -0.484000000000000       2.143448397057519E-007
 -0.480000000000000       6.340728096656008E-007
 -0.476000000000000       1.054257226647261E-005
 -0.472000000000000       2.380378378708446E-006
 -0.468000000000000       3.954522157540546E-007
 -0.464000000000000       1.602756685249078E-007
 -0.460000000000000       8.908808327749295E-008
 -0.456000000000000       5.871233088601967E-008
 -0.452000000000000       4.324453571898971E-008
 -0.448000000000000       3.454687428341738E-008
 -0.444000000000000       2.941277542271021E-008
 -0.440000000000000       2.638376893080736E-008
 -0.436000000000000       2.473388121537042E-008
 -0.432000000000000       2.408695736768645E-008
 -0.428000000000000       2.425571021025479E-008
 -0.424000000000000       2.517060671726811E-008
 -0.420000000000000       2.685105207641044E-008
 -0.416000000000000       2.940141351366738E-008
 -0.412000000000000       3.302781825421760E-008
 -0.408000000000000       3.808091523588548E-008
 -0.404000000000000       4.514172266666629E-008
 -0.400000000000000       5.519123416017794E-008
 -0.396000000000000       6.996102470656380E-008
 -0.392000000000000       9.271623977531934E-008
 -0.388000000000000       1.302008893887738E-007
 -0.384000000000000       1.982275607090548E-007
 -0.380000000000000       3.414582179274288E-007
 -0.376000000000000       7.306550427933824E-007
 -0.372000000000000       2.567331162126646E-006
 -0.368000000000000       1.726586870128266E-004
 -0.364000000000000       4.485434327743468E-006
 -0.360000000000000       9.633041748720546E-007
 -0.356000000000000       4.097488066706356E-007
 -0.352000000000000       2.266576909483380E-007
 -0.348000000000000       1.443694235198036E-007
 -0.344000000000000       1.004848032353626E-007
 -0.340000000000000       7.436593688560798E-008
 -0.336000000000000       5.758619249728731E-008
 -0.332000000000000       4.618390192801836E-008
 -0.328000000000000       3.809730549988077E-008
 -0.324000000000000       3.216757153726755E-008
 -0.320000000000000       2.770283715953627E-008
 -0.316000000000000       2.426946411705373E-008
 -0.312000000000000       2.158460008797542E-008
 -0.308000000000000       1.945752114427230E-008
 -0.304000000000000       1.775599545542534E-008
 -0.300000000000000       1.638617825366550E-008
 -0.296000000000000       1.528016142192397E-008
 -0.292000000000000       1.438802507068469E-008
 -0.288000000000000       1.367262876745894E-008
 -0.284000000000000       1.310612140863829E-008
 -0.280000000000000       1.266755949143922E-008
 -0.276000000000000       1.234125907122239E-008
 -0.272000000000000       1.211564599613770E-008
 -0.268000000000000       1.198245383720798E-008
 -0.264000000000000       1.193617209152837E-008
 -0.260000000000000       1.197368160536178E-008
 -0.256000000000000       1.209403724923185E-008
 -0.252000000000000       1.229837422114204E-008
 -0.248000000000000       1.258992684995705E-008
 -0.244000000000000       1.297415941739701E-008
 -0.240000000000000       1.345901888758709E-008
 -0.236000000000000       1.405533101422810E-008
 -0.232000000000000       1.477737579379529E-008
 -0.228000000000000       1.564369793840971E-008
 -0.224000000000000       1.667823635215600E-008
 -0.220000000000000       1.791189886983964E-008
 -0.216000000000000       1.938477355963907E-008
 -0.212000000000000       2.114927061661712E-008
 -0.208000000000000       2.327465530014504E-008
 -0.204000000000000       2.585370923518846E-008
 -0.200000000000000       2.901273137458685E-008
 -0.196000000000000       3.292692742148579E-008
 -0.192000000000000       3.784476977863476E-008
 -0.188000000000000       4.412783231630095E-008
 -0.184000000000000       5.231843634754379E-008
 -0.180000000000000       6.325972272850691E-008
 -0.176000000000000       7.832029147637764E-008
 -0.172000000000000       9.984207006773618E-008
 -0.168000000000000       1.321062251044989E-007
 -0.164000000000000       1.836350063927868E-007
 -0.160000000000000       2.734491727090849E-007
 -0.156000000000000       4.514989070570278E-007
 -0.152000000000000       8.866910570247403E-007
 -0.148000000000000       2.486397744857858E-006
 -0.144000000000000       2.368226208007850E-005
 -0.140000000000000       2.001982524365766E-005
 -0.136000000000000       2.351155839439074E-006
 -0.132000000000000       8.574552664998655E-007
 -0.128000000000000       4.408080078699877E-007
 -0.124000000000000       2.683774380226746E-007
 -0.120000000000000       1.808117968887233E-007
 -0.116000000000000       1.303471327090086E-007
 -0.112000000000000       9.864503334245920E-008
 -0.108000000000000       7.744278646262583E-008
 -0.104000000000000       6.257255088675310E-008
 -0.100000000000000       5.174718063167628E-008
 -9.599999999999997E-002  4.362668827364816E-008
 -9.199999999999997E-002  3.738379352334204E-008
 -8.799999999999997E-002  3.248536934546453E-008
 -8.399999999999996E-002  2.857533801259252E-008
 -7.999999999999996E-002  2.540856094721562E-008
 -7.599999999999996E-002  2.281183782707764E-008
 -7.199999999999995E-002  2.066001694071134E-008
 -6.799999999999995E-002  1.886087828761276E-008
 -6.399999999999995E-002  1.734529248948566E-008
 -6.000000000000005E-002  1.606065214282426E-008
 -5.600000000000005E-002  1.496638925993186E-008
 -5.200000000000005E-002  1.403085536665657E-008
 -4.800000000000004E-002  1.322911143187121E-008
 -4.400000000000004E-002  1.254133746877524E-008
 -4.000000000000004E-002  1.195167191750796E-008
 -3.600000000000003E-002  1.144735415135780E-008
 -3.200000000000003E-002  1.101808416417620E-008
 -2.800000000000002E-002  1.065554022083850E-008
 -2.400000000000002E-002  1.035301311031335E-008
 -2.000000000000002E-002  1.010512777861405E-008
 -1.600000000000001E-002  9.907631507433545E-009
 -1.200000000000001E-002  9.757233701610816E-009
 -8.000000000000007E-003  9.651486572813613E-009
 -4.000000000000004E-003  9.588699100359528E-009
  0.000000000000000E+000  9.567878980619179E-009
  4.000000000000004E-003  9.588699100359528E-009
  8.000000000000007E-003  9.651486572813610E-009
  1.200000000000001E-002  9.757233701610814E-009
  1.600000000000001E-002  9.907631507433541E-009
  2.000000000000002E-002  1.010512777861404E-008
  2.400000000000002E-002  1.035301311031334E-008
  2.800000000000002E-002  1.065554022083849E-008
  3.200000000000003E-002  1.101808416417619E-008
  3.600000000000003E-002  1.144735415135780E-008
  4.000000000000004E-002  1.195167191750795E-008
  4.400000000000004E-002  1.254133746877522E-008
  4.800000000000004E-002  1.322911143187119E-008
  5.200000000000005E-002  1.403085536665655E-008
  5.600000000000005E-002  1.496638925993184E-008
  6.000000000000005E-002  1.606065214282424E-008
  6.400000000000006E-002  1.734529248948567E-008
  6.800000000000006E-002  1.886087828761277E-008
  7.200000000000006E-002  2.066001694071135E-008
  7.600000000000007E-002  2.281183782707765E-008
  8.000000000000007E-002  2.540856094721563E-008
  8.400000000000007E-002  2.857533801259255E-008
  8.800000000000008E-002  3.248536934546456E-008
  9.200000000000008E-002  3.738379352334208E-008
  9.600000000000009E-002  4.362668827364821E-008
  0.100000000000000       5.174718063167633E-008
  0.104000000000000       6.257255088675319E-008
  0.108000000000000       7.744278646262596E-008
  0.112000000000000       9.864503334245939E-008
  0.116000000000000       1.303471327090088E-007
  0.120000000000000       1.808117968887238E-007
  0.124000000000000       2.683774380226755E-007
  0.128000000000000       4.408080078699756E-007
  0.132000000000000       8.574552664998324E-007
  0.136000000000000       2.351155839438924E-006
  0.140000000000000       2.001982524365393E-005
  0.144000000000000       2.368226208008330E-005
  0.148000000000000       2.486397744858021E-006
  0.152000000000000       8.866910570247749E-007
  0.156000000000000       4.514989070570403E-007
  0.160000000000000       2.734491727090907E-007
  0.164000000000000       1.836350063927900E-007
  0.168000000000000       1.321062251045008E-007
  0.172000000000000       9.984207006773745E-008
  0.176000000000000       7.832029147637852E-008
  0.180000000000000       6.325972272850752E-008
  0.184000000000000       5.231843634754425E-008
  0.188000000000000       4.412783231630111E-008
  0.192000000000000       3.784476977863487E-008
  0.196000000000000       3.292692742148588E-008
  0.200000000000000       2.901273137458692E-008
  0.204000000000000       2.585370923518852E-008
  0.208000000000000       2.327465530014510E-008
  0.212000000000000       2.114927061661716E-008
  0.216000000000000       1.938477355963910E-008
  0.220000000000000       1.791189886983967E-008
  0.224000000000000       1.667823635215602E-008
  0.228000000000000       1.564369793840973E-008
  0.232000000000000       1.477737579379531E-008
  0.236000000000000       1.405533101422812E-008
  0.240000000000000       1.345901888758710E-008
  0.244000000000000       1.297415941739702E-008
  0.248000000000000       1.258992684995706E-008
  0.252000000000000       1.229837422114205E-008
  0.256000000000000       1.209403724923185E-008
  0.260000000000000       1.197368160536178E-008
  0.264000000000000       1.193617209152837E-008
  0.268000000000000       1.198245383720798E-008
  0.272000000000000       1.211564599613770E-008
  0.276000000000000       1.234125907122239E-008
  0.280000000000000       1.266755949143922E-008
  0.284000000000000       1.310612140863829E-008
  0.288000000000000       1.367262876745893E-008
  0.292000000000000       1.438802507068468E-008
  0.296000000000000       1.528016142192396E-008
  0.300000000000000       1.638617825366548E-008
  0.304000000000000       1.775599545542532E-008
  0.308000000000000       1.945752114427227E-008
  0.312000000000000       2.158460008797539E-008
  0.316000000000000       2.426946411705377E-008
  0.320000000000000       2.770283715953632E-008
  0.324000000000000       3.216757153726762E-008
  0.328000000000000       3.809730549988086E-008
  0.332000000000000       4.618390192801849E-008
  0.336000000000000       5.758619249728750E-008
  0.340000000000000       7.436593688560824E-008
  0.344000000000000       1.004848032353630E-007
  0.348000000000000       1.443694235198044E-007
  0.352000000000000       2.266576909483396E-007
  0.356000000000000       4.097488066706396E-007
  0.360000000000000       9.633041748720688E-007
  0.364000000000000       4.485434327743612E-006
  0.368000000000000       1.726586870127921E-004
  0.372000000000000       2.567331162126583E-006
  0.376000000000000       7.306550427934106E-007
  0.380000000000000       3.414582179274377E-007
  0.384000000000000       1.982275607090587E-007
  0.388000000000000       1.302008893887759E-007
  0.392000000000000       9.271623977532053E-008
  0.396000000000000       6.996102470656456E-008
  0.400000000000000       5.519123416017845E-008
  0.404000000000000       4.514172266666665E-008
  0.408000000000000       3.808091523588574E-008
  0.412000000000000       3.302781825421779E-008
  0.416000000000000       2.940141351366752E-008
  0.420000000000000       2.685105207641054E-008
  0.424000000000000       2.517060671726819E-008
  0.428000000000000       2.425571021025485E-008
  0.432000000000000       2.408695736768650E-008
  0.436000000000000       2.473388121537045E-008
  0.440000000000000       2.638376893080743E-008
  0.444000000000000       2.941277542271029E-008
  0.448000000000000       3.454687428341750E-008
  0.452000000000000       4.324453571898990E-008
  0.456000000000000       5.871233088601999E-008
  0.460000000000000       8.908808327749360E-008
  0.464000000000000       1.602756685249095E-007
  0.468000000000000       3.954522157540610E-007
  0.472000000000000       2.380378378708544E-006
  0.476000000000000       1.054257226647171E-005
  0.480000000000000       6.340728096655878E-007
  0.484000000000000       2.143448397057495E-007
  0.488000000000000       1.165449719475748E-007
  0.492000000000000       9.480138483035654E-008
  0.496000000000000       2.148411045936987E-007
  0.500000000000000       1.699701670312472E-006
  0.504000000000000       8.797025721373077E-008
  0.508000000000000       3.898655022450263E-008
  0.512000000000000       2.540199703822577E-008
  0.516000000000000       1.903708419823299E-008
  0.520000000000000       1.527718339167168E-008
  0.524000000000000       1.276363956841787E-008
  0.528000000000000       1.095286202839066E-008
  0.532000000000000       9.581968123092756E-009
  0.536000000000000       8.506662769305483E-009
  0.540000000000000       7.640369561796572E-009
  0.544000000000000       6.927644540833812E-009
  0.548000000000000       6.331181087860164E-009
  0.552000000000000       5.824885856641445E-009
  0.556000000000000       5.389931152430242E-009
  0.560000000000000       5.012378994392250E-009
  0.564000000000000       4.681686585510575E-009
  0.568000000000000       4.389731200547213E-009
  0.572000000000000       4.130154101575900E-009
  0.576000000000000       3.897907376601893E-009
  0.580000000000000       3.688933771475572E-009
  0.584000000000000       3.499935968782076E-009
  0.588000000000000       3.328207401066240E-009
  0.592000000000000       3.171506248019388E-009
  0.596000000000000       3.027960281124873E-009
  0.600000000000000       2.895994095805612E-009
  0.604000000000000       2.774272825368180E-009
  0.608000000000000       2.661658147452555E-009
  0.612000000000000       2.557173567731448E-009
  0.616000000000000       2.459976781661406E-009
  0.620000000000000       2.369337490691694E-009
  0.624000000000000       2.284619460819489E-009
  0.628000000000000       2.205265909187858E-009
  0.632000000000000       2.130787522428278E-009
  0.636000000000000       2.060752571729888E-009
  0.640000000000000       1.994778710109468E-009
  0.644000000000000       1.932526128203047E-009
  0.648000000000000       1.873691813984372E-009
  0.652000000000000       1.818004714774371E-009
  0.656000000000000       1.765221640810639E-009
  0.660000000000000       1.715123781466326E-009
  0.664000000000000       1.667513730127884E-009
  0.668000000000000       1.622212933381889E-009
  0.672000000000000       1.579059495734491E-009
  0.676000000000000       1.537906283506219E-009
  0.680000000000000       1.498619281502675E-009
  0.684000000000000       1.461076164087459E-009
  0.688000000000000       1.425165048784315E-009
  0.692000000000000       1.390783405825772E-009
  0.696000000000000       1.357837101390201E-009
  0.700000000000000       1.326239555819906E-009
  0.704000000000000       1.295911001040095E-009
  0.708000000000000       1.266777823821452E-009
  0.712000000000000       1.238771983542147E-009
  0.716000000000000       1.211830494783809E-009
  0.720000000000000       1.185894966500854E-009
  0.724000000000000       1.160911190682164E-009
  0.728000000000000       1.136828774417900E-009
  0.732000000000000       1.113600810124009E-009
  0.736000000000000       1.091183579388901E-009
  0.740000000000000       1.069536286511927E-009
  0.744000000000000       1.048620818319272E-009
  0.748000000000000       1.028401527283964E-009
  0.752000000000000       1.008845035354760E-009
  0.756000000000000       9.899200562235872E-010
  0.760000000000000       9.715972340411025E-010
  0.764000000000000       9.538489968316262E-010
  0.768000000000000       9.366494230679225E-010
  0.772000000000000       9.199741200477796E-010
  0.776000000000000       9.038001128721210E-010
  0.780000000000000       8.881057429618581E-010
  0.784000000000000       8.728705751707123E-010
  0.788000000000000       8.580753126562189E-010
  0.792000000000000       8.437017187631557E-010
  0.796000000000000       8.297325452544508E-010
  0.800000000000000       8.161514662957160E-010
  0.804000000000000       8.029430176622132E-010
  0.808000000000000       7.900925406923866E-010
  0.812000000000000       7.775861305610080E-010
  0.816000000000000       7.654105884883293E-010
  0.820000000000000       7.535533775400840E-010
  0.824000000000000       7.420025817073469E-010
  0.828000000000000       7.307468679856835E-010
  0.832000000000000       7.197754512001063E-010
  0.836000000000000       7.090780613465747E-010
  0.840000000000000       6.986449132423823E-010
  0.844000000000000       6.884666782971442E-010
  0.848000000000000       6.785344582334495E-010
  0.852000000000000       6.688397606018098E-010
  0.856000000000000       6.593744759485384E-010
  0.860000000000000       6.501308565077786E-010
  0.864000000000000       6.411014963002474E-010
  0.868000000000000       6.322793125314979E-010
  0.872000000000000       6.236575281917278E-010
  0.876000000000000       6.152296557675334E-010
  0.880000000000000       6.069894819835527E-010
  0.884000000000000       5.989310534988029E-010
  0.888000000000000       5.910486634887185E-010
  0.892000000000000       5.833368390495485E-010
  0.896000000000000       5.757903293668918E-010
  0.900000000000000       5.684040945948170E-010
  0.904000000000000       5.611732953962610E-010
  0.908000000000000       5.540932830992729E-010
  0.912000000000000       5.471595904272066E-010
  0.916000000000000       5.403679227641866E-010
  0.920000000000000       5.337141499201326E-010
  0.924000000000000       5.271942983623137E-010
  0.928000000000000       5.208045438828890E-010
  0.932000000000000       5.145412046741480E-010
  0.936000000000000       5.084007347852462E-010
  0.940000000000000       5.023797179361386E-010
  0.944000000000000       4.964748616661668E-010
  0.948000000000000       4.906829917963669E-010
  0.952000000000000       4.850010471860511E-010
  0.956000000000000       4.794260747655792E-010
  0.960000000000000       4.739552248284962E-010
  0.964000000000000       4.685857465673751E-010
  0.968000000000000       4.633149838387752E-010
  0.972000000000000       4.581403711437116E-010
  0.976000000000000       4.530594298109575E-010
  0.980000000000000       4.480697643713340E-010
  0.984000000000000       4.431690591119357E-010
  0.988000000000000       4.383550747999610E-010
  0.992000000000000       4.336256455664894E-010
  0.996000000000000       4.289786759411715E-010
