  -1.00000000000000       2.499937501562462E-003
 -0.996000000000000       2.520057134735359E-003
 -0.992000000000000       2.540420632686678E-003
 -0.988000000000000       2.561031952459052E-003
 -0.984000000000000       2.581895131681816E-003
 -0.980000000000000       2.603014290548456E-003
 -0.976000000000000       2.624393633850899E-003
 -0.972000000000000       2.646037453072526E-003
 -0.968000000000000       2.667950128541838E-003
 -0.964000000000000       2.690136131648807E-003
 -0.960000000000000       2.712600027126001E-003
 -0.956000000000000       2.735346475396654E-003
 -0.952000000000000       2.758380234991930E-003
 -0.948000000000000       2.781706165039740E-003
 -0.944000000000000       2.805329227827520E-003
 -0.940000000000000       2.829254491441506E-003
 -0.936000000000000       2.853487132485126E-003
 -0.932000000000000       2.878032438879226E-003
 -0.928000000000000       2.902895812746964E-003
 -0.924000000000000       2.928082773386304E-003
 -0.920000000000000       2.953598960333166E-003
 -0.916000000000000       2.979450136518405E-003
 -0.912000000000000       3.005642191521925E-003
 -0.908000000000000       3.032181144927343E-003
 -0.904000000000000       3.059073149780787E-003
 -0.900000000000000       3.086324496157526E-003
 -0.896000000000000       3.113941614840299E-003
 -0.892000000000000       3.141931081113350E-003
 -0.888000000000000       3.170299618676362E-003
 -0.884000000000000       3.199054103682623E-003
 -0.880000000000000       3.228201568905963E-003
 -0.876000000000000       3.257749208041168E-003
 -0.872000000000000       3.287704380142792E-003
 -0.868000000000000       3.318074614207465E-003
 -0.864000000000000       3.348867613905035E-003
 -0.860000000000000       3.380091262464087E-003
 -0.856000000000000       3.411753627717633E-003
 -0.852000000000000       3.443862967314986E-003
 -0.848000000000000       3.476427734106121E-003
 -0.844000000000000       3.509456581705063E-003
 -0.840000000000000       3.542958370239151E-003
 -0.836000000000000       3.576942172291290E-003
 -0.832000000000000       3.611417279042657E-003
 -0.828000000000000       3.646393206623600E-003
 -0.824000000000000       3.681879702680850E-003
 -0.820000000000000       3.717886753169498E-003
 -0.816000000000000       3.754424589378583E-003
 -0.812000000000000       3.791503695199501E-003
 -0.808000000000000       3.829134814646900E-003
 -0.804000000000000       3.867328959642102E-003
 -0.800000000000000       3.906097418069607E-003
 -0.796000000000000       3.945451762117666E-003
 -0.792000000000000       3.985403856914436E-003
 -0.788000000000000       4.025965869471745E-003
 -0.784000000000000       4.067150277949049E-003
 -0.780000000000000       4.108969881250770E-003
 -0.776000000000000       4.151437808970758E-003
 -0.772000000000000       4.194567531698347E-003
 -0.768000000000000       4.238372871701063E-003
 -0.764000000000000       4.282868013999839E-003
 -0.760000000000000       4.328067517853278E-003
 -0.756000000000000       4.373986328668331E-003
 -0.752000000000000       4.420639790355578E-003
 -0.748000000000000       4.468043658148193E-003
 -0.744000000000000       4.516214111904560E-003
 -0.740000000000000       4.565167769915545E-003
 -0.736000000000000       4.614921703238383E-003
 -0.732000000000000       4.665493450580294E-003
 -0.728000000000000       4.716901033756031E-003
 -0.724000000000000       4.769162973744805E-003
 -0.720000000000000       4.822298307373294E-003
 -0.716000000000000       4.876326604652796E-003
 -0.712000000000000       4.931267986799982E-003
 -0.708000000000000       4.987143144972262E-003
 -0.704000000000000       5.043973359750304E-003
 -0.700000000000000       5.101780521401971E-003
 -0.696000000000000       5.160587150963690E-003
 -0.692000000000000       5.220416422177166E-003
 -0.688000000000000       5.281292184321324E-003
 -0.684000000000000       5.343238985981480E-003
 -0.680000000000000       5.406282099799970E-003
 -0.676000000000000       5.470447548254820E-003
 -0.672000000000000       5.535762130515559E-003
 -0.668000000000000       5.602253450427902E-003
 -0.664000000000000       5.669949945681881E-003
 -0.660000000000000       5.738880918220949E-003
 -0.656000000000000       5.809076565952771E-003
 -0.652000000000000       5.880568015825785E-003
 -0.648000000000000       5.953387358339148E-003
 -0.644000000000000       6.027567683557519E-003
 -0.640000000000000       6.103143118706134E-003
 -0.636000000000000       6.180148867425919E-003
 -0.632000000000000       6.258621250772940E-003
 -0.628000000000000       6.338597750051344E-003
 -0.624000000000000       6.420117051574086E-003
 -0.620000000000000       6.503219093451259E-003
 -0.616000000000000       6.587945114511663E-003
 -0.612000000000000       6.674337705469487E-003
 -0.608000000000000       6.762440862454660E-003
 -0.604000000000000       6.852300043032446E-003
 -0.600000000000000       6.943962224845499E-003
 -0.596000000000000       7.037475967019574E-003
 -0.592000000000000       7.132891474482793E-003
 -0.588000000000000       7.230260665357507E-003
 -0.584000000000000       7.329637241593638E-003
 -0.580000000000000       7.431076763022962E-003
 -0.576000000000000       7.534636725024939E-003
 -0.572000000000000       7.640376640006845E-003
 -0.568000000000000       7.748358122913754E-003
 -0.564000000000000       7.858644980997795E-003
 -0.560000000000000       7.971303308090871E-003
 -0.556000000000000       8.086401583640886E-003
 -0.552000000000000       8.204010776788555E-003
 -0.548000000000000       8.324204455780160E-003
 -0.544000000000000       8.447058903031142E-003
 -0.540000000000000       8.572653236176595E-003
 -0.536000000000000       8.701069535467299E-003
 -0.532000000000000       8.832392977894286E-003
 -0.528000000000000       8.966711978451197E-003
 -0.524000000000000       9.104118338971817E-003
 -0.520000000000000       9.244707405010631E-003
 -0.516000000000000       9.388578231266969E-003
 -0.512000000000000       9.535833756088630E-003
 -0.508000000000000       9.686580985628988E-003
 -0.504000000000000       9.840931188272759E-003
 -0.500000000000000       9.999000099990002E-003
 -0.496000000000000       1.016090814132604E-002
 -0.492000000000000       1.032678064678692E-002
 -0.488000000000000       1.049674810743632E-002
 -0.484000000000000       1.067094642758055E-002
 -0.480000000000000       1.084951719648476E-002
 -0.476000000000000       1.103260797613426E-002
 -0.472000000000000       1.122037260613350E-002
 -0.468000000000000       1.141297152691863E-002
 -0.464000000000000       1.161057212255191E-002
 -0.460000000000000       1.181334908446545E-002
 -0.456000000000000       1.202148479763032E-002
 -0.452000000000000       1.223516975074512E-002
 -0.448000000000000       1.245460297216645E-002
 -0.444000000000000       1.267999249344444E-002
 -0.440000000000000       1.291155584247902E-002
 -0.436000000000000       1.314952056848007E-002
 -0.432000000000000       1.339412480109724E-002
 -0.428000000000000       1.364561784628484E-002
 -0.424000000000000       1.390426082168619E-002
 -0.420000000000000       1.417032733456142E-002
 -0.416000000000000       1.444410420554538E-002
 -0.412000000000000       1.472589224181092E-002
 -0.408000000000000       1.501600706352972E-002
 -0.404000000000000       1.531477998787069E-002
 -0.400000000000000       1.562255897516013E-002
 -0.396000000000000       1.593970964224915E-002
 -0.392000000000000       1.626661634860009E-002
 -0.388000000000000       1.660368336111682E-002
 -0.384000000000000       1.695133610431174E-002
 -0.380000000000000       1.731002250302925E-002
 -0.376000000000000       1.768021442564055E-002
 -0.372000000000000       1.806240923639358E-002
 -0.368000000000000       1.845713146645600E-002
 -0.364000000000000       1.886493461413662E-002
 -0.360000000000000       1.928640308582449E-002
 -0.356000000000000       1.972215429035744E-002
 -0.352000000000000       2.017284090083838E-002
 -0.348000000000000       2.063915329937504E-002
 -0.344000000000000       2.112182222184672E-002
 -0.340000000000000       2.162162162162162E-002
 -0.336000000000000       2.213937177318656E-002
 -0.332000000000000       2.267594263893550E-002
 -0.328000000000000       2.323225752492821E-002
 -0.324000000000000       2.380929705431377E-002
 -0.320000000000000       2.440810349035880E-002
 -0.316000000000000       2.502978544467917E-002
 -0.312000000000000       2.567552301040370E-002
 -0.308000000000000       2.634657336466817E-002
 -0.304000000000000       2.704427689012449E-002
 -0.300000000000000       2.777006387114688E-002
 -0.296000000000000       2.852546182722697E-002
 -0.292000000000000       2.931210355379942E-002
 -0.288000000000000       3.013173594957151E-002
 -0.284000000000000       3.098622971951263E-002
 -0.280000000000000       3.187759005419188E-002
 -0.276000000000000       3.280796839936482E-002
 -0.272000000000000       3.377967544487831E-002
 -0.268000000000000       3.479519547940819E-002
 -0.264000000000000       3.585720227764947E-002
 -0.260000000000000       3.696857670979665E-002
 -0.256000000000000       3.813242629001996E-002
 -0.252000000000000       3.935210691180404E-002
 -0.248000000000000       4.063124705423458E-002
 -0.244000000000000       4.197377478551401E-002
 -0.240000000000000       4.338394793926247E-002
 -0.236000000000000       4.486638789684320E-002
 -0.232000000000000       4.642611747664766E-002
 -0.228000000000000       4.806860351093080E-002
 -0.224000000000000       4.979980478476524E-002
 -0.220000000000000       5.162622612287042E-002
 -0.216000000000000       5.355497954199782E-002
 -0.212000000000000       5.559385354355223E-002
 -0.208000000000000       5.775139180854259E-002
 -0.204000000000000       6.003698278139335E-002
 -0.200000000000000       6.246096189881326E-002
 -0.196000000000000       6.503472854504307E-002
 -0.192000000000000       6.777088020819216E-002
 -0.188000000000000       7.068336679012698E-002
 -0.184000000000000       7.378766860482269E-002
 -0.180000000000000       7.710100231303001E-002
 -0.176000000000000       8.064255991742195E-002
 -0.172000000000000       8.443378702421554E-002
 -0.168000000000000       8.849870791886431E-002
 -0.164000000000000       9.286430667508630E-002
 -0.160000000000000       9.756097560975603E-002
 -0.156000000000000       0.102623045030992     
 -0.152000000000000       0.108089411561243     
 -0.148000000000000       0.114004286561175     
 -0.144000000000000       0.120418091614084     
 -0.140000000000000       0.127388535031847     
 -0.136000000000000       0.134981912423735     
 -0.132000000000000       0.143274686228437     
 -0.128000000000000       0.152355414711439     
 -0.124000000000000       0.162327121615479     
 -0.120000000000000       0.173310225303293     
 -0.116000000000000       0.185446183517543     
 -0.112000000000000       0.198902060625348     
 -0.108000000000000       0.213876293951578     
 -0.104000000000000       0.230606032653814     
 -0.100000000000000       0.249376558603491     
 -9.599999999999997E-002  0.270533492046315     
 -9.199999999999997E-002  0.294498763105195     
 -8.799999999999997E-002  0.321791736388210     
 -8.399999999999996E-002  0.353057477757379     
 -7.999999999999996E-002  0.389105058365759     
 -7.599999999999996E-002  0.430960179279435     
 -7.199999999999995E-002  0.479938567863314     
 -6.799999999999995E-002  0.537750053775006     
 -6.399999999999995E-002  0.606648871633099     
 -6.000000000000005E-002  0.689655172413791     
 -5.600000000000005E-002  0.790888959190128     
 -5.200000000000005E-002  0.916086478563574     
 -4.800000000000004E-002   1.07342206955775     
 -4.400000000000004E-002   1.27485976542580     
 -4.000000000000004E-002   1.53846153846153     
 -3.600000000000003E-002   1.89250567751703     
 -3.200000000000003E-002   2.38322211630123     
 -2.800000000000002E-002   3.09023485784918     
 -2.400000000000002E-002   4.15973377703825     
 -2.000000000000002E-002   5.88235294117644     
 -1.600000000000001E-002   8.89679715302487     
 -1.200000000000001E-002   14.7928994082839     
 -8.000000000000007E-003   28.0898876404492     
 -4.000000000000004E-003   60.9756097560972     
  0.000000000000000E+000   100.000000000000     
  4.000000000000004E-003   60.9756097560979     
  8.000000000000007E-003   28.0898876404496     
  1.200000000000001E-002   14.7928994082841     
  1.600000000000001E-002   8.89679715302493     
  2.000000000000002E-002   5.88235294117648     
  2.400000000000002E-002   4.15973377703827     
  2.800000000000002E-002   3.09023485784920     
  3.200000000000003E-002   2.38322211630124     
  3.600000000000003E-002   1.89250567751703     
  4.000000000000004E-002   1.53846153846154     
  4.400000000000004E-002   1.27485976542580     
  4.800000000000004E-002   1.07342206955775     
  5.200000000000005E-002  0.916086478563576     
  5.600000000000005E-002  0.790888959190129     
  6.000000000000005E-002  0.689655172413792     
  6.400000000000006E-002  0.606648871633098     
  6.800000000000006E-002  0.537750053775005     
  7.200000000000006E-002  0.479938567863313     
  7.600000000000007E-002  0.430960179279434     
  8.000000000000007E-002  0.389105058365758     
  8.400000000000007E-002  0.353057477757379     
  8.800000000000008E-002  0.321791736388209     
  9.200000000000008E-002  0.294498763105195     
  9.600000000000009E-002  0.270533492046315     
  0.100000000000000       0.249376558603491     
  0.104000000000000       0.230606032653814     
  0.108000000000000       0.213876293951578     
  0.112000000000000       0.198902060625348     
  0.116000000000000       0.185446183517543     
  0.120000000000000       0.173310225303293     
  0.124000000000000       0.162327121615479     
  0.128000000000000       0.152355414711439     
  0.132000000000000       0.143274686228437     
  0.136000000000000       0.134981912423735     
  0.140000000000000       0.127388535031847     
  0.144000000000000       0.120418091614084     
  0.148000000000000       0.114004286561175     
  0.152000000000000       0.108089411561244     
  0.156000000000000       0.102623045030992     
  0.160000000000000       9.756097560975623E-002
  0.164000000000000       9.286430667508648E-002
  0.168000000000000       8.849870791886449E-002
  0.172000000000000       8.443378702421571E-002
  0.176000000000000       8.064255991742210E-002
  0.180000000000000       7.710100231303015E-002
  0.184000000000000       7.378766860482283E-002
  0.188000000000000       7.068336679012702E-002
  0.192000000000000       6.777088020819221E-002
  0.196000000000000       6.503472854504311E-002
  0.200000000000000       6.246096189881329E-002
  0.204000000000000       6.003698278139338E-002
  0.208000000000000       5.775139180854262E-002
  0.212000000000000       5.559385354355226E-002
  0.216000000000000       5.355497954199784E-002
  0.220000000000000       5.162622612287045E-002
  0.224000000000000       4.979980478476527E-002
  0.228000000000000       4.806860351093082E-002
  0.232000000000000       4.642611747664768E-002
  0.236000000000000       4.486638789684322E-002
  0.240000000000000       4.338394793926249E-002
  0.244000000000000       4.197377478551402E-002
  0.248000000000000       4.063124705423460E-002
  0.252000000000000       3.935210691180407E-002
  0.256000000000000       3.813242629002000E-002
  0.260000000000000       3.696857670979669E-002
  0.264000000000000       3.585720227764950E-002
  0.268000000000000       3.479519547940822E-002
  0.272000000000000       3.377967544487834E-002
  0.276000000000000       3.280796839936485E-002
  0.280000000000000       3.187759005419191E-002
  0.284000000000000       3.098622971951265E-002
  0.288000000000000       3.013173594957153E-002
  0.292000000000000       2.931210355379944E-002
  0.296000000000000       2.852546182722699E-002
  0.300000000000000       2.777006387114691E-002
  0.304000000000000       2.704427689012451E-002
  0.308000000000000       2.634657336466819E-002
  0.312000000000000       2.567552301040372E-002
  0.316000000000000       2.502978544467917E-002
  0.320000000000000       2.440810349035880E-002
  0.324000000000000       2.380929705431377E-002
  0.328000000000000       2.323225752492821E-002
  0.332000000000000       2.267594263893550E-002
  0.336000000000000       2.213937177318656E-002
  0.340000000000000       2.162162162162162E-002
  0.344000000000000       2.112182222184672E-002
  0.348000000000000       2.063915329937504E-002
  0.352000000000000       2.017284090083838E-002
  0.356000000000000       1.972215429035744E-002
  0.360000000000000       1.928640308582449E-002
  0.364000000000000       1.886493461413662E-002
  0.368000000000000       1.845713146645600E-002
  0.372000000000000       1.806240923639358E-002
  0.376000000000000       1.768021442564057E-002
  0.380000000000000       1.731002250302927E-002
  0.384000000000000       1.695133610431175E-002
  0.388000000000000       1.660368336111684E-002
  0.392000000000000       1.626661634860011E-002
  0.396000000000000       1.593970964224917E-002
  0.400000000000000       1.562255897516014E-002
  0.404000000000000       1.531477998787071E-002
  0.408000000000000       1.501600706352973E-002
  0.412000000000000       1.472589224181094E-002
  0.416000000000000       1.444410420554539E-002
  0.420000000000000       1.417032733456144E-002
  0.424000000000000       1.390426082168621E-002
  0.428000000000000       1.364561784628485E-002
  0.432000000000000       1.339412480109725E-002
  0.436000000000000       1.314952056848008E-002
  0.440000000000000       1.291155584247903E-002
  0.444000000000000       1.267999249344445E-002
  0.448000000000000       1.245460297216646E-002
  0.452000000000000       1.223516975074513E-002
  0.456000000000000       1.202148479763033E-002
  0.460000000000000       1.181334908446545E-002
  0.464000000000000       1.161057212255192E-002
  0.468000000000000       1.141297152691864E-002
  0.472000000000000       1.122037260613351E-002
  0.476000000000000       1.103260797613427E-002
  0.480000000000000       1.084951719648476E-002
  0.484000000000000       1.067094642758056E-002
  0.488000000000000       1.049674810743632E-002
  0.492000000000000       1.032678064678693E-002
  0.496000000000000       1.016090814132604E-002
  0.500000000000000       9.999000099990003E-003
  0.504000000000000       9.840931188272759E-003
  0.508000000000000       9.686580985628988E-003
  0.512000000000000       9.535833756088630E-003
  0.516000000000000       9.388578231266969E-003
  0.520000000000000       9.244707405010631E-003
  0.524000000000000       9.104118338971817E-003
  0.528000000000000       8.966711978451197E-003
  0.532000000000000       8.832392977894286E-003
  0.536000000000000       8.701069535467299E-003
  0.540000000000000       8.572653236176595E-003
  0.544000000000000       8.447058903031142E-003
  0.548000000000000       8.324204455780160E-003
  0.552000000000000       8.204010776788555E-003
  0.556000000000000       8.086401583640886E-003
  0.560000000000000       7.971303308090871E-003
  0.564000000000000       7.858644980997795E-003
  0.568000000000000       7.748358122913752E-003
  0.572000000000000       7.640376640006843E-003
  0.576000000000000       7.534636725024938E-003
  0.580000000000000       7.431076763022960E-003
  0.584000000000000       7.329637241593637E-003
  0.588000000000000       7.230260665357505E-003
  0.592000000000000       7.132891474482791E-003
  0.596000000000000       7.037475967019570E-003
  0.600000000000000       6.943962224845494E-003
  0.604000000000000       6.852300043032442E-003
  0.608000000000000       6.762440862454655E-003
  0.612000000000000       6.674337705469483E-003
  0.616000000000000       6.587945114511659E-003
  0.620000000000000       6.503219093451256E-003
  0.624000000000000       6.420117051574081E-003
  0.628000000000000       6.338597750051344E-003
  0.632000000000000       6.258621250772941E-003
  0.636000000000000       6.180148867425920E-003
  0.640000000000000       6.103143118706134E-003
  0.644000000000000       6.027567683557520E-003
  0.648000000000000       5.953387358339148E-003
  0.652000000000000       5.880568015825785E-003
  0.656000000000000       5.809076565952771E-003
  0.660000000000000       5.738880918220947E-003
  0.664000000000000       5.669949945681880E-003
  0.668000000000000       5.602253450427900E-003
  0.672000000000000       5.535762130515557E-003
  0.676000000000000       5.470447548254818E-003
  0.680000000000000       5.406282099799968E-003
  0.684000000000000       5.343238985981478E-003
  0.688000000000000       5.281292184321322E-003
  0.692000000000000       5.220416422177164E-003
  0.696000000000000       5.160587150963688E-003
  0.700000000000000       5.101780521401970E-003
  0.704000000000000       5.043973359750303E-003
  0.708000000000000       4.987143144972262E-003
  0.712000000000000       4.931267986799982E-003
  0.716000000000000       4.876326604652796E-003
  0.720000000000000       4.822298307373294E-003
  0.724000000000000       4.769162973744805E-003
  0.728000000000000       4.716901033756031E-003
  0.732000000000000       4.665493450580294E-003
  0.736000000000000       4.614921703238383E-003
  0.740000000000000       4.565167769915545E-003
  0.744000000000000       4.516214111904560E-003
  0.748000000000000       4.468043658148193E-003
  0.752000000000000       4.420639790355578E-003
  0.756000000000000       4.373986328668331E-003
  0.760000000000000       4.328067517853278E-003
  0.764000000000000       4.282868013999839E-003
  0.768000000000000       4.238372871701063E-003
  0.772000000000000       4.194567531698347E-003
  0.776000000000000       4.151437808970758E-003
  0.780000000000000       4.108969881250770E-003
  0.784000000000000       4.067150277949049E-003
  0.788000000000000       4.025965869471745E-003
  0.792000000000000       3.985403856914436E-003
  0.796000000000000       3.945451762117666E-003
  0.800000000000000       3.906097418069606E-003
  0.804000000000000       3.867328959642101E-003
  0.808000000000000       3.829134814646900E-003
  0.812000000000000       3.791503695199500E-003
  0.816000000000000       3.754424589378582E-003
  0.820000000000000       3.717886753169497E-003
  0.824000000000000       3.681879702680849E-003
  0.828000000000000       3.646393206623599E-003
  0.832000000000000       3.611417279042656E-003
  0.836000000000000       3.576942172291288E-003
  0.840000000000000       3.542958370239148E-003
  0.844000000000000       3.509456581705061E-003
  0.848000000000000       3.476427734106119E-003
  0.852000000000000       3.443862967314984E-003
  0.856000000000000       3.411753627717631E-003
  0.860000000000000       3.380091262464085E-003
  0.864000000000000       3.348867613905033E-003
  0.868000000000000       3.318074614207463E-003
  0.872000000000000       3.287704380142790E-003
  0.876000000000000       3.257749208041168E-003
  0.880000000000000       3.228201568905963E-003
  0.884000000000000       3.199054103682623E-003
  0.888000000000000       3.170299618676362E-003
  0.892000000000000       3.141931081113350E-003
  0.896000000000000       3.113941614840299E-003
  0.900000000000000       3.086324496157526E-003
  0.904000000000000       3.059073149780787E-003
  0.908000000000000       3.032181144927343E-003
  0.912000000000000       3.005642191521925E-003
  0.916000000000000       2.979450136518405E-003
  0.920000000000000       2.953598960333166E-003
  0.924000000000000       2.928082773386304E-003
  0.928000000000000       2.902895812746964E-003
  0.932000000000000       2.878032438879225E-003
  0.936000000000000       2.853487132485125E-003
  0.940000000000000       2.829254491441505E-003
  0.944000000000000       2.805329227827520E-003
  0.948000000000000       2.781706165039739E-003
  0.952000000000000       2.758380234991929E-003
  0.956000000000000       2.735346475396653E-003
  0.960000000000000       2.712600027126000E-003
  0.964000000000000       2.690136131648806E-003
  0.968000000000000       2.667950128541837E-003
  0.972000000000000       2.646037453072526E-003
  0.976000000000000       2.624393633850898E-003
  0.980000000000000       2.603014290548455E-003
  0.984000000000000       2.581895131681815E-003
  0.988000000000000       2.561031952459051E-003
  0.992000000000000       2.540420632686677E-003
  0.996000000000000       2.520057134735358E-003
