  -1.00000000000000       2.493765586034913E-002
 -0.996000000000000       2.513785600231671E-002
 -0.992000000000000       2.534047461695339E-002
 -0.988000000000000       2.554555078251132E-002
 -0.984000000000000       2.575312436904846E-002
 -0.980000000000000       2.596323605774224E-002
 -0.976000000000000       2.617592736075454E-002
 -0.972000000000000       2.639124064166607E-002
 -0.968000000000000       2.660921913649891E-002
 -0.964000000000000       2.682990697534654E-002
 -0.960000000000000       2.705334920463154E-002
 -0.956000000000000       2.727959181001183E-002
 -0.952000000000000       2.750868173995714E-002
 -0.948000000000000       2.774066693001807E-002
 -0.944000000000000       2.797559632781133E-002
 -0.940000000000000       2.821351991874507E-002
 -0.936000000000000       2.845448875250969E-002
 -0.932000000000000       2.869855497036014E-002
 -0.928000000000000       2.894577183321678E-002
 -0.924000000000000       2.919619375061312E-002
 -0.920000000000000       2.944987631051950E-002
 -0.916000000000000       2.970687631007325E-002
 -0.912000000000000       2.996725178724690E-002
 -0.908000000000000       3.023106205348722E-002
 -0.904000000000000       3.049836772735923E-002
 -0.900000000000000       3.076923076923077E-002
 -0.896000000000000       3.104371451703431E-002
 -0.892000000000000       3.132188372314462E-002
 -0.888000000000000       3.160380459241206E-002
 -0.884000000000000       3.188954482139304E-002
 -0.880000000000000       3.217917363882096E-002
 -0.876000000000000       3.247276184736244E-002
 -0.872000000000000       3.277038186670583E-002
 -0.868000000000000       3.307210777803060E-002
 -0.864000000000000       3.337801536990852E-002
 -0.860000000000000       3.368818218568927E-002
 -0.856000000000000       3.400268757242574E-002
 -0.852000000000000       3.432161273139633E-002
 -0.848000000000000       3.464504077028399E-002
 -0.844000000000000       3.497305675707436E-002
 -0.840000000000000       3.530574777573790E-002
 -0.836000000000000       3.564320298376382E-002
 -0.832000000000000       3.598551367161636E-002
 -0.828000000000000       3.633277332418717E-002
 -0.824000000000000       3.668507768432051E-002
 -0.820000000000000       3.704252481849163E-002
 -0.816000000000000       3.740521518472192E-002
 -0.812000000000000       3.777325170281819E-002
 -0.808000000000000       3.814673982702742E-002
 -0.804000000000000       3.852578762120213E-002
 -0.800000000000000       3.891050583657588E-002
 -0.796000000000000       3.930100799225299E-002
 -0.792000000000000       3.969741045852097E-002
 -0.788000000000000       4.009983254309930E-002
 -0.784000000000000       4.050839658044320E-002
 -0.780000000000000       4.092322802422656E-002
 -0.776000000000000       4.134445554313385E-002
 -0.772000000000000       4.177221112009678E-002
 -0.768000000000000       4.220663015511782E-002
 -0.764000000000000       4.264785157182922E-002
 -0.760000000000000       4.309601792794347E-002
 -0.756000000000000       4.355127552975772E-002
 -0.752000000000000       4.401377455088346E-002
 -0.748000000000000       4.448366915537968E-002
 -0.744000000000000       4.496111762547750E-002
 -0.740000000000000       4.544628249409199E-002
 -0.736000000000000       4.593933068232770E-002
 -0.732000000000000       4.644043364219319E-002
 -0.728000000000000       4.694976750475133E-002
 -0.724000000000000       4.746751323394270E-002
 -0.720000000000000       4.799385678633136E-002
 -0.716000000000000       4.852898927703454E-002
 -0.712000000000000       4.907310715211094E-002
 -0.708000000000000       4.962641236769600E-002
 -0.704000000000000       5.018911257618709E-002
 -0.700000000000000       5.076142131979697E-002
 -0.696000000000000       5.134355823181002E-002
 -0.692000000000000       5.193574924589294E-002
 -0.688000000000000       5.253822681382976E-002
 -0.684000000000000       5.315123013207020E-002
 -0.680000000000000       5.377500537750056E-002
 -0.676000000000000       5.440980595286807E-002
 -0.672000000000000       5.505589274231202E-002
 -0.668000000000000       5.571353437747927E-002
 -0.664000000000000       5.638300751472727E-002
 -0.660000000000000       5.706459712394433E-002
 -0.656000000000000       5.775859678954616E-002
 -0.652000000000000       5.846530902423738E-002
 -0.648000000000000       5.918504559615913E-002
 -0.644000000000000       5.991812787007833E-002
 -0.640000000000000       6.066488716330989E-002
 -0.636000000000000       6.142566511710189E-002
 -0.632000000000000       6.220081408425474E-002
 -0.628000000000000       6.299069753378821E-002
 -0.624000000000000       6.379569047351713E-002
 -0.620000000000000       6.461617989144482E-002
 -0.616000000000000       6.545256521693599E-002
 -0.612000000000000       6.630525880268616E-002
 -0.608000000000000       6.717468642856377E-002
 -0.604000000000000       6.806128782846378E-002
 -0.600000000000000       6.896551724137932E-002
 -0.596000000000000       6.988784398796812E-002
 -0.592000000000000       7.082875307396787E-002
 -0.588000000000000       7.178874582189498E-002
 -0.584000000000000       7.276834053254781E-002
 -0.580000000000000       7.376807317792858E-002
 -0.576000000000000       7.478849812729599E-002
 -0.572000000000000       7.583018890816659E-002
 -0.568000000000000       7.689373900419531E-002
 -0.564000000000000       7.797976269198617E-002
 -0.560000000000000       7.908889591901296E-002
 -0.556000000000000       8.022179722496758E-002
 -0.552000000000000       8.137914870900118E-002
 -0.548000000000000       8.256165704548156E-002
 -0.544000000000000       8.377005455105951E-002
 -0.540000000000000       8.500510030601835E-002
 -0.536000000000000       8.626758133307567E-002
 -0.532000000000000       8.755831383701544E-002
 -0.528000000000000       8.887814450875271E-002
 -0.524000000000000       9.022795189767428E-002
 -0.520000000000000       9.160864785635764E-002
 -0.516000000000000       9.302117906204885E-002
 -0.512000000000000       9.446652861957951E-002
 -0.508000000000000       9.594571775072536E-002
 -0.504000000000000       9.745980757535593E-002
 -0.500000000000000       9.900990099009901E-002
 -0.496000000000000       0.100597144650646     
 -0.492000000000000       0.102222731064261     
 -0.488000000000000       0.103887900799521     
 -0.484000000000000       0.105593944820828     
 -0.480000000000000       0.107342206955775     
 -0.476000000000000       0.109134086504042     
 -0.472000000000000       0.110971040997141     
 -0.468000000000000       0.112854589119012     
 -0.464000000000000       0.114786313798233     
 -0.460000000000000       0.116767865483419     
 -0.456000000000000       0.118800965614249     
 -0.452000000000000       0.120887410301542     
 -0.448000000000000       0.123029074230822     
 -0.444000000000000       0.125227914804945     
 -0.440000000000000       0.127485976542580     
 -0.436000000000000       0.129805395750690     
 -0.432000000000000       0.132188405490578     
 -0.428000000000000       0.134637340858663     
 -0.424000000000000       0.137154644604885     
 -0.420000000000000       0.139742873113471     
 -0.416000000000000       0.142404702772904     
 -0.412000000000000       0.145142936764125     
 -0.408000000000000       0.147960512298478     
 -0.404000000000000       0.150860508339569     
 -0.400000000000000       0.153846153846154     
 -0.396000000000000       0.156920836576364     
 -0.392000000000000       0.160088112497118     
 -0.388000000000000       0.163351715846423     
 -0.384000000000000       0.166715569900504     
 -0.380000000000000       0.170183798502383     
 -0.376000000000000       0.173760738413634     
 -0.372000000000000       0.177450952556713     
 -0.368000000000000       0.181259244221455     
 -0.364000000000000       0.185190672316217     
 -0.360000000000000       0.189250567751703     
 -0.356000000000000       0.193444551053886     
 -0.352000000000000       0.197778551311667     
 -0.348000000000000       0.202258826575192     
 -0.344000000000000       0.206891985832037     
 -0.340000000000000       0.211685012701101     
 -0.336000000000000       0.216645290997955     
 -0.332000000000000       0.221780632340939     
 -0.328000000000000       0.227099305984521     
 -0.324000000000000       0.232610071085638     
 -0.320000000000000       0.238322211630124     
 -0.316000000000000       0.244245574270194     
 -0.312000000000000       0.250390609350587     
 -0.308000000000000       0.256768415430755     
 -0.304000000000000       0.263390787643811     
 -0.300000000000000       0.270270270270270     
 -0.296000000000000       0.277420213946469     
 -0.292000000000000       0.284854837974568     
 -0.288000000000000       0.292589298253827     
 -0.284000000000000       0.300639761412285     
 -0.280000000000000       0.309023485784920     
 -0.276000000000000       0.317758909959835     
 -0.272000000000000       0.326865749699283     
 -0.268000000000000       0.336365104138636     
 -0.264000000000000       0.346279572275472     
 -0.260000000000000       0.356633380884451     
 -0.256000000000000       0.367452525133753     
 -0.252000000000000       0.378764923337979     
 -0.248000000000000       0.390600587463283     
 -0.244000000000000       0.402991811206396     
 -0.240000000000000       0.415973377703827     
 -0.236000000000000       0.429582789195134     
 -0.232000000000000       0.443860521269796     
 -0.228000000000000       0.458850304676602     
 -0.224000000000000       0.474599438074265     
 -0.220000000000000       0.491159135559921     
 -0.216000000000000       0.508584913337131     
 -0.212000000000000       0.526937020487311     
 -0.208000000000000       0.546280919500044     
 -0.204000000000000       0.566687823012059     
 -0.200000000000000       0.588235294117647     
 -0.196000000000000       0.611007918662626     
 -0.192000000000000       0.635098059140331     
 -0.188000000000000       0.660606701194377     
 -0.184000000000000       0.687644405325118     
 -0.180000000000000       0.716332378223495     
 -0.176000000000000       0.746803680248536     
 -0.172000000000000       0.779204587956613     
 -0.168000000000000       0.813696133315974     
 -0.164000000000000       0.850455844332562     
 -0.160000000000000       0.889679715302491     
 -0.156000000000000       0.931584438813533     
 -0.152000000000000       0.976409935947508     
 -0.148000000000000        1.02442222586461     
 -0.144000000000000        1.07591668101222     
 -0.140000000000000        1.13122171945701     
 -0.136000000000000        1.19070299104591     
 -0.132000000000000        1.25476811885164     
 -0.128000000000000        1.32387206100402     
 -0.124000000000000        1.39852315954352     
 -0.120000000000000        1.47928994082840     
 -0.116000000000000        1.56680872399097     
 -0.112000000000000        1.66179207657538     
 -0.108000000000000        1.76503812482350     
 -0.104000000000000        1.87744067287474     
 -0.100000000000000        2.00000000000000     
 -9.599999999999997E-002   2.13383407306248     
 -9.199999999999997E-002   2.28018971178402     
 -8.799999999999997E-002   2.44045294806716     
 -8.399999999999996E-002   2.61615738802846     
 -7.999999999999996E-002   2.80898876404494     
 -7.599999999999996E-002   3.02078298695022     
 -7.199999999999995E-002   3.25351379489849     
 -6.799999999999995E-002   3.50926445816957     
 -6.399999999999995E-002   3.79017586416010     
 -6.000000000000005E-002   4.09836065573770     
 -5.600000000000005E-002   4.43577004968062     
 -5.200000000000005E-002   4.80399692544196     
 -4.800000000000004E-002   5.20399666944212     
 -4.400000000000004E-002   5.63570784490531     
 -4.000000000000004E-002   6.09756097560975     
 -3.600000000000003E-002   6.58587987355110     
 -3.200000000000003E-002   7.09421112372303     
 -2.800000000000002E-002   7.61266747868452     
 -2.400000000000002E-002   8.12743823146943     
 -2.000000000000002E-002   8.62068965517241     
 -1.600000000000001E-002   9.07111756168359     
 -1.200000000000001E-002   9.45537065052950     
 -8.000000000000007E-003   9.75039001560062     
 -4.000000000000004E-003   9.93640699523052     
  0.000000000000000E+000   10.0000000000000     
  4.000000000000004E-003   9.93640699523053     
  8.000000000000007E-003   9.75039001560062     
  1.200000000000001E-002   9.45537065052950     
  1.600000000000001E-002   9.07111756168360     
  2.000000000000002E-002   8.62068965517241     
  2.400000000000002E-002   8.12743823146944     
  2.800000000000002E-002   7.61266747868453     
  3.200000000000003E-002   7.09421112372304     
  3.600000000000003E-002   6.58587987355111     
  4.000000000000004E-002   6.09756097560976     
  4.400000000000004E-002   5.63570784490532     
  4.800000000000004E-002   5.20399666944213     
  5.200000000000005E-002   4.80399692544197     
  5.600000000000005E-002   4.43577004968062     
  6.000000000000005E-002   4.09836065573770     
  6.400000000000006E-002   3.79017586416010     
  6.800000000000006E-002   3.50926445816957     
  7.200000000000006E-002   3.25351379489849     
  7.600000000000007E-002   3.02078298695022     
  8.000000000000007E-002   2.80898876404494     
  8.400000000000007E-002   2.61615738802846     
  8.800000000000008E-002   2.44045294806716     
  9.200000000000008E-002   2.28018971178402     
  9.600000000000009E-002   2.13383407306248     
  0.100000000000000        2.00000000000000     
  0.104000000000000        1.87744067287474     
  0.108000000000000        1.76503812482349     
  0.112000000000000        1.66179207657538     
  0.116000000000000        1.56680872399097     
  0.120000000000000        1.47928994082840     
  0.124000000000000        1.39852315954352     
  0.128000000000000        1.32387206100403     
  0.132000000000000        1.25476811885164     
  0.136000000000000        1.19070299104592     
  0.140000000000000        1.13122171945702     
  0.144000000000000        1.07591668101222     
  0.148000000000000        1.02442222586461     
  0.152000000000000       0.976409935947510     
  0.156000000000000       0.931584438813535     
  0.160000000000000       0.889679715302492     
  0.164000000000000       0.850455844332563     
  0.168000000000000       0.813696133315975     
  0.172000000000000       0.779204587956615     
  0.176000000000000       0.746803680248537     
  0.180000000000000       0.716332378223496     
  0.184000000000000       0.687644405325119     
  0.188000000000000       0.660606701194377     
  0.192000000000000       0.635098059140332     
  0.196000000000000       0.611007918662626     
  0.200000000000000       0.588235294117648     
  0.204000000000000       0.566687823012060     
  0.208000000000000       0.546280919500044     
  0.212000000000000       0.526937020487312     
  0.216000000000000       0.508584913337131     
  0.220000000000000       0.491159135559922     
  0.224000000000000       0.474599438074266     
  0.228000000000000       0.458850304676602     
  0.232000000000000       0.443860521269796     
  0.236000000000000       0.429582789195134     
  0.240000000000000       0.415973377703827     
  0.244000000000000       0.402991811206396     
  0.248000000000000       0.390600587463284     
  0.252000000000000       0.378764923337980     
  0.256000000000000       0.367452525133753     
  0.260000000000000       0.356633380884451     
  0.264000000000000       0.346279572275472     
  0.268000000000000       0.336365104138636     
  0.272000000000000       0.326865749699284     
  0.276000000000000       0.317758909959835     
  0.280000000000000       0.309023485784920     
  0.284000000000000       0.300639761412285     
  0.288000000000000       0.292589298253827     
  0.292000000000000       0.284854837974568     
  0.296000000000000       0.277420213946469     
  0.300000000000000       0.270270270270270     
  0.304000000000000       0.263390787643811     
  0.308000000000000       0.256768415430755     
  0.312000000000000       0.250390609350587     
  0.316000000000000       0.244245574270194     
  0.320000000000000       0.238322211630124     
  0.324000000000000       0.232610071085638     
  0.328000000000000       0.227099305984521     
  0.332000000000000       0.221780632340939     
  0.336000000000000       0.216645290997955     
  0.340000000000000       0.211685012701101     
  0.344000000000000       0.206891985832037     
  0.348000000000000       0.202258826575192     
  0.352000000000000       0.197778551311667     
  0.356000000000000       0.193444551053886     
  0.360000000000000       0.189250567751703     
  0.364000000000000       0.185190672316217     
  0.368000000000000       0.181259244221455     
  0.372000000000000       0.177450952556713     
  0.376000000000000       0.173760738413634     
  0.380000000000000       0.170183798502383     
  0.384000000000000       0.166715569900504     
  0.388000000000000       0.163351715846423     
  0.392000000000000       0.160088112497119     
  0.396000000000000       0.156920836576364     
  0.400000000000000       0.153846153846154     
  0.404000000000000       0.150860508339569     
  0.408000000000000       0.147960512298478     
  0.412000000000000       0.145142936764125     
  0.416000000000000       0.142404702772904     
  0.420000000000000       0.139742873113471     
  0.424000000000000       0.137154644604885     
  0.428000000000000       0.134637340858663     
  0.432000000000000       0.132188405490578     
  0.436000000000000       0.129805395750691     
  0.440000000000000       0.127485976542580     
  0.444000000000000       0.125227914804945     
  0.448000000000000       0.123029074230822     
  0.452000000000000       0.120887410301542     
  0.456000000000000       0.118800965614249     
  0.460000000000000       0.116767865483419     
  0.464000000000000       0.114786313798233     
  0.468000000000000       0.112854589119012     
  0.472000000000000       0.110971040997141     
  0.476000000000000       0.109134086504042     
  0.480000000000000       0.107342206955775     
  0.484000000000000       0.105593944820828     
  0.488000000000000       0.103887900799521     
  0.492000000000000       0.102222731064261     
  0.496000000000000       0.100597144650646     
  0.500000000000000       9.900990099009904E-002
  0.504000000000000       9.745980757535593E-002
  0.508000000000000       9.594571775072536E-002
  0.512000000000000       9.446652861957951E-002
  0.516000000000000       9.302117906204885E-002
  0.520000000000000       9.160864785635764E-002
  0.524000000000000       9.022795189767428E-002
  0.528000000000000       8.887814450875271E-002
  0.532000000000000       8.755831383701544E-002
  0.536000000000000       8.626758133307567E-002
  0.540000000000000       8.500510030601835E-002
  0.544000000000000       8.377005455105951E-002
  0.548000000000000       8.256165704548156E-002
  0.552000000000000       8.137914870900118E-002
  0.556000000000000       8.022179722496758E-002
  0.560000000000000       7.908889591901296E-002
  0.564000000000000       7.797976269198617E-002
  0.568000000000000       7.689373900419531E-002
  0.572000000000000       7.583018890816659E-002
  0.576000000000000       7.478849812729599E-002
  0.580000000000000       7.376807317792858E-002
  0.584000000000000       7.276834053254781E-002
  0.588000000000000       7.178874582189498E-002
  0.592000000000000       7.082875307396787E-002
  0.596000000000000       6.988784398796809E-002
  0.600000000000000       6.896551724137930E-002
  0.604000000000000       6.806128782846375E-002
  0.608000000000000       6.717468642856374E-002
  0.612000000000000       6.630525880268615E-002
  0.616000000000000       6.545256521693596E-002
  0.620000000000000       6.461617989144480E-002
  0.624000000000000       6.379569047351712E-002
  0.628000000000000       6.299069753378823E-002
  0.632000000000000       6.220081408425475E-002
  0.636000000000000       6.142566511710190E-002
  0.640000000000000       6.066488716330989E-002
  0.644000000000000       5.991812787007834E-002
  0.648000000000000       5.918504559615914E-002
  0.652000000000000       5.846530902423739E-002
  0.656000000000000       5.775859678954617E-002
  0.660000000000000       5.706459712394431E-002
  0.664000000000000       5.638300751472725E-002
  0.668000000000000       5.571353437747926E-002
  0.672000000000000       5.505589274231201E-002
  0.676000000000000       5.440980595286805E-002
  0.680000000000000       5.377500537750055E-002
  0.684000000000000       5.315123013207018E-002
  0.688000000000000       5.253822681382975E-002
  0.692000000000000       5.193574924589293E-002
  0.696000000000000       5.134355823181001E-002
  0.700000000000000       5.076142131979695E-002
  0.704000000000000       5.018911257618707E-002
  0.708000000000000       4.962641236769599E-002
  0.712000000000000       4.907310715211093E-002
  0.716000000000000       4.852898927703453E-002
  0.720000000000000       4.799385678633135E-002
  0.724000000000000       4.746751323394269E-002
  0.728000000000000       4.694976750475131E-002
  0.732000000000000       4.644043364219318E-002
  0.736000000000000       4.593933068232769E-002
  0.740000000000000       4.544628249409198E-002
  0.744000000000000       4.496111762547748E-002
  0.748000000000000       4.448366915537967E-002
  0.752000000000000       4.401377455088344E-002
  0.756000000000000       4.355127552975771E-002
  0.760000000000000       4.309601792794345E-002
  0.764000000000000       4.264785157182921E-002
  0.768000000000000       4.220663015511780E-002
  0.772000000000000       4.177221112009677E-002
  0.776000000000000       4.134445554313384E-002
  0.780000000000000       4.092322802422654E-002
  0.784000000000000       4.050839658044319E-002
  0.788000000000000       4.009983254309929E-002
  0.792000000000000       3.969741045852096E-002
  0.796000000000000       3.930100799225297E-002
  0.800000000000000       3.891050583657587E-002
  0.804000000000000       3.852578762120212E-002
  0.808000000000000       3.814673982702741E-002
  0.812000000000000       3.777325170281818E-002
  0.816000000000000       3.740521518472190E-002
  0.820000000000000       3.704252481849162E-002
  0.824000000000000       3.668507768432049E-002
  0.828000000000000       3.633277332418716E-002
  0.832000000000000       3.598551367161634E-002
  0.836000000000000       3.564320298376380E-002
  0.840000000000000       3.530574777573788E-002
  0.844000000000000       3.497305675707434E-002
  0.848000000000000       3.464504077028396E-002
  0.852000000000000       3.432161273139630E-002
  0.856000000000000       3.400268757242571E-002
  0.860000000000000       3.368818218568925E-002
  0.864000000000000       3.337801536990850E-002
  0.868000000000000       3.307210777803058E-002
  0.872000000000000       3.277038186670581E-002
  0.876000000000000       3.247276184736243E-002
  0.880000000000000       3.217917363882097E-002
  0.884000000000000       3.188954482139305E-002
  0.888000000000000       3.160380459241206E-002
  0.892000000000000       3.132188372314462E-002
  0.896000000000000       3.104371451703431E-002
  0.900000000000000       3.076923076923077E-002
  0.904000000000000       3.049836772735924E-002
  0.908000000000000       3.023106205348722E-002
  0.912000000000000       2.996725178724690E-002
  0.916000000000000       2.970687631007325E-002
  0.920000000000000       2.944987631051950E-002
  0.924000000000000       2.919619375061312E-002
  0.928000000000000       2.894577183321678E-002
  0.932000000000000       2.869855497036013E-002
  0.936000000000000       2.845448875250969E-002
  0.940000000000000       2.821351991874507E-002
  0.944000000000000       2.797559632781133E-002
  0.948000000000000       2.774066693001807E-002
  0.952000000000000       2.750868173995713E-002
  0.956000000000000       2.727959181001183E-002
  0.960000000000000       2.705334920463153E-002
  0.964000000000000       2.682990697534653E-002
  0.968000000000000       2.660921913649891E-002
  0.972000000000000       2.639124064166607E-002
  0.976000000000000       2.617592736075454E-002
  0.980000000000000       2.596323605774224E-002
  0.984000000000000       2.575312436904845E-002
  0.988000000000000       2.554555078251131E-002
  0.992000000000000       2.534047461695338E-002
  0.996000000000000       2.513785600231670E-002
