  -1.00000000000000       2.741706338326563E-002
 -0.996000000000000       2.763705214157005E-002
 -0.992000000000000       2.785969654205447E-002
 -0.988000000000000       2.808503945692726E-002
 -0.984000000000000       2.831312462613806E-002
 -0.980000000000000       2.854399667851676E-002
 -0.976000000000000       2.877770115351491E-002
 -0.972000000000000       2.901428452356963E-002
 -0.968000000000000       2.925379421710997E-002
 -0.964000000000000       2.949627864222731E-002
 -0.960000000000000       2.974178721103150E-002
 -0.956000000000000       2.999037036471563E-002
 -0.952000000000000       3.024207959935294E-002
 -0.948000000000000       3.049696749245062E-002
 -0.944000000000000       3.075508773028572E-002
 -0.940000000000000       3.101649513604963E-002
 -0.936000000000000       3.128124569882873E-002
 -0.932000000000000       3.154939660344933E-002
 -0.928000000000000       3.182100626121691E-002
 -0.924000000000000       3.209613434157990E-002
 -0.920000000000000       3.237484180475027E-002
 -0.916000000000000       3.265719093531383E-002
 -0.912000000000000       3.294324537686474E-002
 -0.908000000000000       3.323307016770012E-002
 -0.904000000000000       3.352673177761171E-002
 -0.900000000000000       3.382429814581348E-002
 -0.896000000000000       3.412583872004527E-002
 -0.892000000000000       3.443142449689429E-002
 -0.888000000000000       3.474112806337793E-002
 -0.884000000000000       3.505502363983322E-002
 -0.880000000000000       3.537318712415989E-002
 -0.876000000000000       3.569569613746608E-002
 -0.872000000000000       3.602263007116763E-002
 -0.868000000000000       3.635407013559408E-002
 -0.864000000000000       3.669009941015663E-002
 -0.860000000000000       3.703080289513551E-002
 -0.856000000000000       3.737626756514684E-002
 -0.852000000000000       3.772658242435135E-002
 -0.848000000000000       3.808183856346997E-002
 -0.844000000000000       3.844212921867422E-002
 -0.840000000000000       3.880754983242195E-002
 -0.836000000000000       3.917819811631224E-002
 -0.832000000000000       3.955417411603614E-002
 -0.828000000000000       3.993558027850348E-002
 -0.824000000000000       4.032252152122944E-002
 -0.820000000000000       4.071510530406781E-002
 -0.816000000000000       4.111344170338221E-002
 -0.812000000000000       4.151764348875023E-002
 -0.808000000000000       4.192782620229948E-002
 -0.804000000000000       4.234410824077938E-002
 -0.800000000000000       4.276661094047666E-002
 -0.796000000000000       4.319545866508755E-002
 -0.792000000000000       4.363077889666487E-002
 -0.788000000000000       4.407270232976318E-002
 -0.784000000000000       4.452136296891114E-002
 -0.780000000000000       4.497689822954574E-002
 -0.776000000000000       4.543944904254951E-002
 -0.772000000000000       4.590915996253813E-002
 -0.768000000000000       4.638617928005277E-002
 -0.764000000000000       4.687065913781849E-002
 -0.760000000000000       4.736275565123790E-002
 -0.756000000000000       4.786262903329673E-002
 -0.752000000000000       4.837044372406685E-002
 -0.748000000000000       4.888636852500049E-002
 -0.744000000000000       4.941057673821918E-002
 -0.740000000000000       4.994324631101022E-002
 -0.736000000000000       5.048455998575418E-002
 -0.732000000000000       5.103470545551723E-002
 -0.728000000000000       5.159387552555399E-002
 -0.724000000000000       5.216226828097823E-002
 -0.720000000000000       5.274008726087166E-002
 -0.716000000000000       5.332754163911411E-002
 -0.712000000000000       5.392484641223291E-002
 -0.708000000000000       5.453222259458367E-002
 -0.704000000000000       5.514989742119081E-002
 -0.700000000000000       5.577810455859238E-002
 -0.696000000000000       5.641708432405154E-002
 -0.692000000000000       5.706708391351537E-002
 -0.688000000000000       5.772835763872126E-002
 -0.684000000000000       5.840116717387197E-002
 -0.680000000000000       5.908578181232209E-002
 -0.676000000000000       5.978247873374190E-002
 -0.672000000000000       6.049154328224916E-002
 -0.668000000000000       6.121326925602508E-002
 -0.664000000000000       6.194795920895838E-002
 -0.660000000000000       6.269592476489030E-002
 -0.656000000000000       6.345748694506427E-002
 -0.652000000000000       6.423297650941655E-002
 -0.648000000000000       6.502273431237866E-002
 -0.644000000000000       6.582711167389967E-002
 -0.640000000000000       6.664647076643442E-002
 -0.636000000000000       6.748118501868615E-002
 -0.632000000000000       6.833163953693511E-002
 -0.628000000000000       6.919823154483165E-002
 -0.624000000000000       7.008137084258195E-002
 -0.620000000000000       7.098148028650707E-002
 -0.616000000000000       7.189899629001180E-002
 -0.612000000000000       7.283436934705975E-002
 -0.608000000000000       7.378806457931412E-002
 -0.604000000000000       7.476056230817120E-002
 -0.600000000000000       7.575235865298534E-002
 -0.596000000000000       7.676396615686089E-002
 -0.592000000000000       7.779591444146775E-002
 -0.588000000000000       7.884875089242448E-002
 -0.584000000000000       7.992304137688508E-002
 -0.580000000000000       8.101937099506516E-002
 -0.576000000000000       8.213834486754816E-002
 -0.572000000000000       8.328058896032511E-002
 -0.568000000000000       8.444675094964209E-002
 -0.564000000000000       8.563750112885796E-002
 -0.560000000000000       8.685353335965257E-002
 -0.556000000000000       8.809556607007279E-002
 -0.552000000000000       8.936434330206121E-002
 -0.548000000000000       9.066063581128081E-002
 -0.544000000000000       9.198524222222965E-002
 -0.540000000000000       9.333899024183283E-002
 -0.536000000000000       9.472273793490653E-002
 -0.532000000000000       9.613737506511122E-002
 -0.528000000000000       9.758382450525001E-002
 -0.524000000000000       9.906304372102405E-002
 -0.520000000000000       0.100576026332632     
 -0.516000000000000       0.102123803758899     
 -0.512000000000000       0.103707446948927     
 -0.508000000000000       0.105328068206627     
 -0.504000000000000       0.106986823113822     
 -0.500000000000000       0.108684912558048     
 -0.496000000000000       0.110423584871567     
 -0.492000000000000       0.112204138088613     
 -0.488000000000000       0.114027922328326     
 -0.484000000000000       0.115896342311437     
 -0.480000000000000       0.117810860019278     
 -0.476000000000000       0.119772997504366     
 -0.472000000000000       0.121784339862450     
 -0.468000000000000       0.123846538376665     
 -0.464000000000000       0.125961313845210     
 -0.460000000000000       0.128130460104834     
 -0.456000000000000       0.130355847763331     
 -0.452000000000000       0.132639428155251     
 -0.448000000000000       0.134983237536139     
 -0.444000000000000       0.137389401531767     
 -0.440000000000000       0.139860139860140     
 -0.436000000000000       0.142397771345426     
 -0.432000000000000       0.145004719244499     
 -0.428000000000000       0.147683516908420     
 -0.424000000000000       0.150436813802988     
 -0.420000000000000       0.153267381914449     
 -0.416000000000000       0.156178122568591     
 -0.412000000000000       0.159172073693776     
 -0.408000000000000       0.162252417561022     
 -0.404000000000000       0.165422489037000     
 -0.400000000000000       0.168685784388897     
 -0.396000000000000       0.172045970683367     
 -0.392000000000000       0.175506895825489     
 -0.388000000000000       0.179072599287617     
 -0.384000000000000       0.182747323582379     
 -0.380000000000000       0.186535526538918     
 -0.376000000000000       0.190441894446714     
 -0.372000000000000       0.194471356137162     
 -0.368000000000000       0.198629098079437     
 -0.364000000000000       0.202920580574228     
 -0.360000000000000       0.207351555136663     
 -0.356000000000000       0.211928083168286     
 -0.352000000000000       0.216656556027385     
 -0.348000000000000       0.221543716617390     
 -0.344000000000000       0.226596682624566     
 -0.340000000000000       0.231822971548999     
 -0.336000000000000       0.237230527686959     
 -0.332000000000000       0.242827751238422     
 -0.328000000000000       0.248623529730854     
 -0.324000000000000       0.254627271969704     
 -0.320000000000000       0.260848944747451     
 -0.316000000000000       0.267299112566946     
 -0.312000000000000       0.273988980661359     
 -0.308000000000000       0.280930441622654     
 -0.304000000000000       0.288136125983592     
 -0.300000000000000       0.295619457135179     
 -0.296000000000000       0.303394711002747     
 -0.292000000000000       0.311477080950062     
 -0.288000000000000       0.319882748432574     
 -0.284000000000000       0.328628959978968     
 -0.280000000000000       0.337734111145226     
 -0.276000000000000       0.347217838158609     
 -0.272000000000000       0.357101118051137     
 -0.268000000000000       0.367406378174725     
 -0.264000000000000       0.378157616094388     
 -0.260000000000000       0.389380530973451     
 -0.256000000000000       0.401102667697379     
 -0.252000000000000       0.413353575132649     
 -0.248000000000000       0.426164980086473     
 -0.244000000000000       0.439570978724765     
 -0.240000000000000       0.453608247422680     
 -0.236000000000000       0.468316275267792     
 -0.232000000000000       0.483737620714524     
 -0.228000000000000       0.499918195204421     
 -0.224000000000000       0.516907576925246     
 -0.220000000000000       0.534759358288770     
 -0.216000000000000       0.553531531168857     
 -0.212000000000000       0.573286914465592     
 -0.208000000000000       0.594093629155955     
 -0.204000000000000       0.616025626666069     
 -0.200000000000000       0.639163277164439     
 -0.196000000000000       0.663594025240704     
 -0.192000000000000       0.689413121411918     
 -0.188000000000000       0.716724439000235     
 -0.184000000000000       0.745641387164122     
 -0.180000000000000       0.776287932251234     
 -0.176000000000000       0.808799741184082     
 -0.172000000000000       0.843325462295685     
 -0.168000000000000       0.880028160901148     
 -0.164000000000000       0.919086928912803     
 -0.160000000000000       0.960698689956331     
 -0.156000000000000        1.00508022367603     
 -0.152000000000000        1.05247043514868     
 -0.148000000000000        1.10313289742870     
 -0.144000000000000        1.15735869702454     
 -0.140000000000000        1.21546961325967     
 -0.136000000000000        1.27782166256215     
 -0.132000000000000        1.34480903711673     
 -0.128000000000000        1.41686846308414     
 -0.124000000000000        1.49448399543503     
 -0.120000000000000        1.57819225251076     
 -0.116000000000000        1.66858807111219     
 -0.112000000000000        1.76633052861455     
 -0.108000000000000        1.87214922731295     
 -0.104000000000000        1.98685066107940     
 -0.100000000000000        2.11132437619962     
 -9.599999999999997E-002   2.24654848460093     
 -9.199999999999997E-002   2.39359387239969     
 -8.799999999999997E-002   2.55362614913177     
 -8.399999999999996E-002   2.72790397777998     
 -7.999999999999996E-002   2.91777188328913     
 -7.599999999999996E-002   3.12464492671287     
 -7.199999999999995E-002   3.34998172737240     
 -6.799999999999995E-002   3.59524120800105     
 -6.399999999999995E-002   3.86181716051117     
 -6.000000000000005E-002   4.15094339622641     
 -5.600000000000005E-002   4.46356111020938     
 -5.200000000000005E-002   4.80013964042590     
 -4.800000000000004E-002   5.16044285982360     
 -4.400000000000004E-002   5.54323725055432     
 -4.000000000000004E-002   5.94594594594594     
 -3.600000000000003E-002   6.36426753066419     
 -3.200000000000003E-002   6.79180044455421     
 -2.800000000000002E-002   7.21974271462325     
 -2.400000000000002E-002   7.63676756456539     
 -2.000000000000002E-002   8.02919708029197     
 -1.600000000000001E-002   8.38159097836025     
 -1.200000000000001E-002   8.67781634585042     
 -8.000000000000007E-003   8.90255746196180     
 -4.000000000000004E-003   9.04307793488984     
  0.000000000000000E+000   9.09090909090909     
  4.000000000000004E-003   9.04307793488984     
  8.000000000000007E-003   8.90255746196180     
  1.200000000000001E-002   8.67781634585043     
  1.600000000000001E-002   8.38159097836026     
  2.000000000000002E-002   8.02919708029197     
  2.400000000000002E-002   7.63676756456540     
  2.800000000000002E-002   7.21974271462326     
  3.200000000000003E-002   6.79180044455421     
  3.600000000000003E-002   6.36426753066420     
  4.000000000000004E-002   5.94594594594594     
  4.400000000000004E-002   5.54323725055432     
  4.800000000000004E-002   5.16044285982360     
  5.200000000000005E-002   4.80013964042590     
  5.600000000000005E-002   4.46356111020938     
  6.000000000000005E-002   4.15094339622641     
  6.400000000000006E-002   3.86181716051116     
  6.800000000000006E-002   3.59524120800104     
  7.200000000000006E-002   3.34998172737239     
  7.600000000000007E-002   3.12464492671287     
  8.000000000000007E-002   2.91777188328912     
  8.400000000000007E-002   2.72790397777998     
  8.800000000000008E-002   2.55362614913177     
  9.200000000000008E-002   2.39359387239968     
  9.600000000000009E-002   2.24654848460093     
  0.100000000000000        2.11132437619961     
  0.104000000000000        1.98685066107940     
  0.108000000000000        1.87214922731295     
  0.112000000000000        1.76633052861455     
  0.116000000000000        1.66858807111219     
  0.120000000000000        1.57819225251076     
  0.124000000000000        1.49448399543503     
  0.128000000000000        1.41686846308414     
  0.132000000000000        1.34480903711673     
  0.136000000000000        1.27782166256215     
  0.140000000000000        1.21546961325967     
  0.144000000000000        1.15735869702454     
  0.148000000000000        1.10313289742870     
  0.152000000000000        1.05247043514869     
  0.156000000000000        1.00508022367604     
  0.160000000000000       0.960698689956333     
  0.164000000000000       0.919086928912805     
  0.168000000000000       0.880028160901150     
  0.172000000000000       0.843325462295686     
  0.176000000000000       0.808799741184084     
  0.180000000000000       0.776287932251236     
  0.184000000000000       0.745641387164123     
  0.188000000000000       0.716724439000235     
  0.192000000000000       0.689413121411919     
  0.196000000000000       0.663594025240704     
  0.200000000000000       0.639163277164440     
  0.204000000000000       0.616025626666070     
  0.208000000000000       0.594093629155955     
  0.212000000000000       0.573286914465593     
  0.216000000000000       0.553531531168858     
  0.220000000000000       0.534759358288770     
  0.224000000000000       0.516907576925246     
  0.228000000000000       0.499918195204421     
  0.232000000000000       0.483737620714525     
  0.236000000000000       0.468316275267792     
  0.240000000000000       0.453608247422681     
  0.244000000000000       0.439570978724765     
  0.248000000000000       0.426164980086473     
  0.252000000000000       0.413353575132649     
  0.256000000000000       0.401102667697379     
  0.260000000000000       0.389380530973451     
  0.264000000000000       0.378157616094388     
  0.268000000000000       0.367406378174725     
  0.272000000000000       0.357101118051137     
  0.276000000000000       0.347217838158609     
  0.280000000000000       0.337734111145226     
  0.284000000000000       0.328628959978968     
  0.288000000000000       0.319882748432575     
  0.292000000000000       0.311477080950062     
  0.296000000000000       0.303394711002747     
  0.300000000000000       0.295619457135179     
  0.304000000000000       0.288136125983592     
  0.308000000000000       0.280930441622654     
  0.312000000000000       0.273988980661360     
  0.316000000000000       0.267299112566946     
  0.320000000000000       0.260848944747451     
  0.324000000000000       0.254627271969704     
  0.328000000000000       0.248623529730854     
  0.332000000000000       0.242827751238422     
  0.336000000000000       0.237230527686959     
  0.340000000000000       0.231822971548999     
  0.344000000000000       0.226596682624566     
  0.348000000000000       0.221543716617390     
  0.352000000000000       0.216656556027385     
  0.356000000000000       0.211928083168286     
  0.360000000000000       0.207351555136663     
  0.364000000000000       0.202920580574228     
  0.368000000000000       0.198629098079437     
  0.372000000000000       0.194471356137162     
  0.376000000000000       0.190441894446715     
  0.380000000000000       0.186535526538918     
  0.384000000000000       0.182747323582379     
  0.388000000000000       0.179072599287617     
  0.392000000000000       0.175506895825489     
  0.396000000000000       0.172045970683367     
  0.400000000000000       0.168685784388898     
  0.404000000000000       0.165422489037001     
  0.408000000000000       0.162252417561022     
  0.412000000000000       0.159172073693776     
  0.416000000000000       0.156178122568591     
  0.420000000000000       0.153267381914449     
  0.424000000000000       0.150436813802988     
  0.428000000000000       0.147683516908420     
  0.432000000000000       0.145004719244499     
  0.436000000000000       0.142397771345426     
  0.440000000000000       0.139860139860140     
  0.444000000000000       0.137389401531767     
  0.448000000000000       0.134983237536139     
  0.452000000000000       0.132639428155251     
  0.456000000000000       0.130355847763331     
  0.460000000000000       0.128130460104834     
  0.464000000000000       0.125961313845210     
  0.468000000000000       0.123846538376665     
  0.472000000000000       0.121784339862450     
  0.476000000000000       0.119772997504366     
  0.480000000000000       0.117810860019278     
  0.484000000000000       0.115896342311437     
  0.488000000000000       0.114027922328326     
  0.492000000000000       0.112204138088613     
  0.496000000000000       0.110423584871567     
  0.500000000000000       0.108684912558048     
  0.504000000000000       0.106986823113822     
  0.508000000000000       0.105328068206627     
  0.512000000000000       0.103707446948927     
  0.516000000000000       0.102123803758899     
  0.520000000000000       0.100576026332632     
  0.524000000000000       9.906304372102405E-002
  0.528000000000000       9.758382450525001E-002
  0.532000000000000       9.613737506511122E-002
  0.536000000000000       9.472273793490653E-002
  0.540000000000000       9.333899024183283E-002
  0.544000000000000       9.198524222222965E-002
  0.548000000000000       9.066063581128081E-002
  0.552000000000000       8.936434330206121E-002
  0.556000000000000       8.809556607007279E-002
  0.560000000000000       8.685353335965257E-002
  0.564000000000000       8.563750112885796E-002
  0.568000000000000       8.444675094964209E-002
  0.572000000000000       8.328058896032511E-002
  0.576000000000000       8.213834486754816E-002
  0.580000000000000       8.101937099506516E-002
  0.584000000000000       7.992304137688508E-002
  0.588000000000000       7.884875089242448E-002
  0.592000000000000       7.779591444146775E-002
  0.596000000000000       7.676396615686086E-002
  0.600000000000000       7.575235865298531E-002
  0.604000000000000       7.476056230817117E-002
  0.608000000000000       7.378806457931410E-002
  0.612000000000000       7.283436934705972E-002
  0.616000000000000       7.189899629001177E-002
  0.620000000000000       7.098148028650704E-002
  0.624000000000000       7.008137084258192E-002
  0.628000000000000       6.919823154483166E-002
  0.632000000000000       6.833163953693513E-002
  0.636000000000000       6.748118501868618E-002
  0.640000000000000       6.664647076643443E-002
  0.644000000000000       6.582711167389969E-002
  0.648000000000000       6.502273431237869E-002
  0.652000000000000       6.423297650941658E-002
  0.656000000000000       6.345748694506430E-002
  0.660000000000000       6.269592476489030E-002
  0.664000000000000       6.194795920895836E-002
  0.668000000000000       6.121326925602506E-002
  0.672000000000000       6.049154328224915E-002
  0.676000000000000       5.978247873374189E-002
  0.680000000000000       5.908578181232207E-002
  0.684000000000000       5.840116717387196E-002
  0.688000000000000       5.772835763872124E-002
  0.692000000000000       5.706708391351536E-002
  0.696000000000000       5.641708432405153E-002
  0.700000000000000       5.577810455859236E-002
  0.704000000000000       5.514989742119079E-002
  0.708000000000000       5.453222259458366E-002
  0.712000000000000       5.392484641223290E-002
  0.716000000000000       5.332754163911410E-002
  0.720000000000000       5.274008726087165E-002
  0.724000000000000       5.216226828097822E-002
  0.728000000000000       5.159387552555397E-002
  0.732000000000000       5.103470545551722E-002
  0.736000000000000       5.048455998575417E-002
  0.740000000000000       4.994324631101021E-002
  0.744000000000000       4.941057673821916E-002
  0.748000000000000       4.888636852500048E-002
  0.752000000000000       4.837044372406684E-002
  0.756000000000000       4.786262903329672E-002
  0.760000000000000       4.736275565123788E-002
  0.764000000000000       4.687065913781848E-002
  0.768000000000000       4.638617928005275E-002
  0.772000000000000       4.590915996253812E-002
  0.776000000000000       4.543944904254949E-002
  0.780000000000000       4.497689822954572E-002
  0.784000000000000       4.452136296891113E-002
  0.788000000000000       4.407270232976317E-002
  0.792000000000000       4.363077889666486E-002
  0.796000000000000       4.319545866508753E-002
  0.800000000000000       4.276661094047664E-002
  0.804000000000000       4.234410824077937E-002
  0.808000000000000       4.192782620229946E-002
  0.812000000000000       4.151764348875021E-002
  0.816000000000000       4.111344170338220E-002
  0.820000000000000       4.071510530406779E-002
  0.824000000000000       4.032252152122943E-002
  0.828000000000000       3.993558027850346E-002
  0.832000000000000       3.955417411603611E-002
  0.836000000000000       3.917819811631222E-002
  0.840000000000000       3.880754983242193E-002
  0.844000000000000       3.844212921867420E-002
  0.848000000000000       3.808183856346994E-002
  0.852000000000000       3.772658242435133E-002
  0.856000000000000       3.737626756514682E-002
  0.860000000000000       3.703080289513548E-002
  0.864000000000000       3.669009941015661E-002
  0.868000000000000       3.635407013559406E-002
  0.872000000000000       3.602263007116760E-002
  0.876000000000000       3.569569613746607E-002
  0.880000000000000       3.537318712415989E-002
  0.884000000000000       3.505502363983322E-002
  0.888000000000000       3.474112806337792E-002
  0.892000000000000       3.443142449689428E-002
  0.896000000000000       3.412583872004527E-002
  0.900000000000000       3.382429814581348E-002
  0.904000000000000       3.352673177761170E-002
  0.908000000000000       3.323307016770011E-002
  0.912000000000000       3.294324537686474E-002
  0.916000000000000       3.265719093531382E-002
  0.920000000000000       3.237484180475027E-002
  0.924000000000000       3.209613434157989E-002
  0.928000000000000       3.182100626121690E-002
  0.932000000000000       3.154939660344932E-002
  0.936000000000000       3.128124569882872E-002
  0.940000000000000       3.101649513604963E-002
  0.944000000000000       3.075508773028571E-002
  0.948000000000000       3.049696749245061E-002
  0.952000000000000       3.024207959935293E-002
  0.956000000000000       2.999037036471562E-002
  0.960000000000000       2.974178721103150E-002
  0.964000000000000       2.949627864222730E-002
  0.968000000000000       2.925379421710996E-002
  0.972000000000000       2.901428452356962E-002
  0.976000000000000       2.877770115351490E-002
  0.980000000000000       2.854399667851675E-002
  0.984000000000000       2.831312462613806E-002
  0.988000000000000       2.808503945692725E-002
  0.992000000000000       2.785969654205446E-002
  0.996000000000000       2.763705214157004E-002
