  -1.00000000000000       2.989238740534077E-002
 -0.996000000000000       3.013209912255328E-002
 -0.992000000000000       3.037470232791719E-002
 -0.988000000000000       3.062024365548552E-002
 -0.984000000000000       3.086877068207636E-002
 -0.980000000000000       3.112033195020747E-002
 -0.976000000000000       3.137497699168355E-002
 -0.972000000000000       3.163275635185749E-002
 -0.968000000000000       3.189372161458777E-002
 -0.964000000000000       3.215792542791480E-002
 -0.960000000000000       3.242542153047991E-002
 -0.956000000000000       3.269626477871169E-002
 -0.952000000000000       3.297051117480526E-002
 -0.948000000000000       3.324821789552081E-002
 -0.944000000000000       3.352944332182902E-002
 -0.940000000000000       3.381424706943193E-002
 -0.936000000000000       3.410269002018880E-002
 -0.932000000000000       3.439483435447776E-002
 -0.928000000000000       3.469074358452515E-002
 -0.924000000000000       3.499048258873587E-002
 -0.920000000000000       3.529411764705882E-002
 -0.916000000000000       3.560171647742377E-002
 -0.912000000000000       3.591334827328622E-002
 -0.908000000000000       3.622908374231944E-002
 -0.904000000000000       3.654899514629345E-002
 -0.900000000000000       3.687315634218290E-002
 -0.896000000000000       3.720164282454714E-002
 -0.892000000000000       3.753453176922769E-002
 -0.888000000000000       3.787190207840999E-002
 -0.884000000000000       3.821383442709820E-002
 -0.880000000000000       3.856041131105399E-002
 -0.876000000000000       3.891171709625203E-002
 -0.872000000000000       3.926783806990723E-002
 -0.868000000000000       3.962886249313100E-002
 -0.864000000000000       3.999488065527613E-002
 -0.860000000000000       4.036598493003230E-002
 -0.856000000000000       4.074226983333696E-002
 -0.852000000000000       4.112383208316885E-002
 -0.848000000000000       4.151077066129426E-002
 -0.844000000000000       4.190318687703930E-002
 -0.840000000000000       4.230118443316414E-002
 -0.836000000000000       4.270486949391884E-002
 -0.832000000000000       4.311435075536343E-002
 -0.828000000000000       4.352973951803872E-002
 -0.824000000000000       4.395114976207778E-002
 -0.820000000000000       4.437869822485207E-002
 -0.816000000000000       4.481250448125045E-002
 -0.812000000000000       4.525269102669306E-002
 -0.808000000000000       4.569938336298716E-002
 -0.804000000000000       4.615271008713632E-002
 -0.800000000000000       4.661280298321939E-002
 -0.796000000000000       4.707979711746096E-002
 -0.792000000000000       4.755383093662025E-002
 -0.788000000000000       4.803504636983143E-002
 -0.784000000000000       4.852358893403380E-002
 -0.780000000000000       4.901960784313725E-002
 -0.776000000000000       4.952325612107446E-002
 -0.772000000000000       5.003469071889844E-002
 -0.768000000000000       5.055407263609157E-002
 -0.764000000000000       5.108156704625947E-002
 -0.760000000000000       5.161734342739160E-002
 -0.756000000000000       5.216157569687865E-002
 -0.752000000000000       5.271444235148585E-002
 -0.748000000000000       5.327612661249077E-002
 -0.744000000000000       5.384681657620402E-002
 -0.740000000000000       5.442670537010160E-002
 -0.736000000000000       5.501599131480885E-002
 -0.732000000000000       5.561487809218723E-002
 -0.728000000000000       5.622357491978771E-002
 -0.724000000000000       5.684229673194689E-002
 -0.720000000000000       5.747126436781610E-002
 -0.716000000000000       5.811070476662742E-002
 -0.712000000000000       5.876085117051617E-002
 -0.708000000000000       5.942194333523484E-002
 -0.704000000000000       6.009422774911061E-002
 -0.700000000000000       6.077795786061590E-002
 -0.696000000000000       6.147339431494050E-002
 -0.692000000000000       6.218080519997348E-002
 -0.688000000000000       6.290046630212352E-002
 -0.684000000000000       6.363266137242925E-002
 -0.680000000000000       6.437768240343349E-002
 -0.676000000000000       6.513582991732093E-002
 -0.672000000000000       6.590741326584415E-002
 -0.668000000000000       6.669275094259089E-002
 -0.664000000000000       6.749217090817466E-002
 -0.660000000000000       6.830601092896177E-002
 -0.656000000000000       6.913461892998045E-002
 -0.652000000000000       6.997835336269313E-002
 -0.648000000000000       7.083758358834863E-002
 -0.644000000000000       7.171269027767153E-002
 -0.640000000000000       7.260406582768635E-002
 -0.636000000000000       7.351211479651847E-002
 -0.632000000000000       7.443725435706061E-002
 -0.628000000000000       7.537991477044304E-002
 -0.624000000000000       7.634053988029803E-002
 -0.620000000000000       7.731958762886598E-002
 -0.616000000000000       7.831753059604862E-002
 -0.612000000000000       7.933485656257934E-002
 -0.608000000000000       8.037206909854687E-002
 -0.604000000000000       8.142968817858073E-002
 -0.600000000000000       8.250825082508251E-002
 -0.596000000000000       8.360831178096852E-002
 -0.592000000000000       8.473044421347550E-002
 -0.588000000000000       8.587524045067324E-002
 -0.584000000000000       8.704331275242558E-002
 -0.580000000000000       8.823529411764704E-002
 -0.576000000000000       8.945183912981249E-002
 -0.572000000000000       9.069362484279769E-002
 -0.568000000000000       9.196135170925497E-002
 -0.564000000000000       9.325574455386450E-002
 -0.560000000000000       9.457755359394701E-002
 -0.556000000000000       9.592755551007877E-002
 -0.552000000000000       9.730655456951579E-002
 -0.548000000000000       9.871538380541221E-002
 -0.544000000000000       0.100154906255008     
 -0.540000000000000       0.101626016260163     
 -0.536000000000000       0.103129640833838     
 -0.532000000000000       0.104666741096349     
 -0.528000000000000       0.106238313785484     
 -0.524000000000000       0.107845392844818     
 -0.520000000000000       0.109489051094891     
 -0.516000000000000       0.111170401992174     
 -0.512000000000000       0.112890601481125     
 -0.508000000000000       0.114650849944968     
 -0.504000000000000       0.116452394261226     
 -0.500000000000000       0.118296529968454     
 -0.496000000000000       0.120184603551054     
 -0.492000000000000       0.122118014849551     
 -0.488000000000000       0.124098219604209     
 -0.484000000000000       0.126126732140455     
 -0.480000000000000       0.128205128205128     
 -0.476000000000000       0.130335047963298     
 -0.472000000000000       0.132518199166019     
 -0.468000000000000       0.134756360500216     
 -0.464000000000000       0.137051385132666     
 -0.460000000000000       0.139405204460967     
 -0.456000000000000       0.141819832085319     
 -0.452000000000000       0.144297368016007     
 -0.448000000000000       0.146840003132587     
 -0.444000000000000       0.149450023912004     
 -0.440000000000000       0.152129817444219     
 -0.436000000000000       0.154881876755328     
 -0.432000000000000       0.157708806459753     
 -0.428000000000000       0.160613328764776     
 -0.424000000000000       0.163598289852543     
 -0.420000000000000       0.166666666666667     
 -0.416000000000000       0.169821574132778     
 -0.412000000000000       0.173066272844748     
 -0.408000000000000       0.176404177250917     
 -0.404000000000000       0.179838864377518     
 -0.400000000000000       0.183374083129584     
 -0.396000000000000       0.187013764213046     
 -0.392000000000000       0.190762030725404     
 -0.388000000000000       0.194623209466473     
 -0.384000000000000       0.198601843025103     
 -0.380000000000000       0.202702702702703     
 -0.376000000000000       0.206930802339698     
 -0.372000000000000       0.211291413116971     
 -0.368000000000000       0.215790079410749     
 -0.364000000000000       0.220432635786504     
 -0.360000000000000       0.225225225225225     
 -0.356000000000000       0.230174318684017     
 -0.352000000000000       0.235286736102397     
 -0.348000000000000       0.240569668976135     
 -0.344000000000000       0.246030704631938     
 -0.340000000000000       0.251677852348993     
 -0.336000000000000       0.257519571487433     
 -0.332000000000000       0.263564801799269     
 -0.328000000000000       0.269822996114549     
 -0.324000000000000       0.276304155614500     
 -0.320000000000000       0.283018867924528     
 -0.316000000000000       0.289978348283328     
 -0.312000000000000       0.297194484070375     
 -0.308000000000000       0.304679883002925     
 -0.304000000000000       0.312447925345775     
 -0.300000000000000       0.320512820512820     
 -0.296000000000000       0.328889668479214     
 -0.292000000000000       0.337594526467411     
 -0.288000000000000       0.346644481419856     
 -0.284000000000000       0.356057728826433     
 -0.280000000000000       0.365853658536585     
 -0.276000000000000       0.376052948255114     
 -0.272000000000000       0.386677665498041     
 -0.268000000000000       0.397751378871447     
 -0.264000000000000       0.409299279633268     
 -0.260000000000000       0.421348314606741     
 -0.256000000000000       0.433927331636195     
 -0.252000000000000       0.447067238912732     
 -0.248000000000000       0.460801179651020     
 -0.244000000000000       0.475164723770907     
 -0.240000000000000       0.490196078431372     
 -0.236000000000000       0.505936319481921     
 -0.232000000000000       0.522429646140986     
 -0.228000000000000       0.539723661485319     
 -0.224000000000000       0.557869681642368     
 -0.220000000000000       0.576923076923077     
 -0.216000000000000       0.596943648519580     
 -0.212000000000000       0.617996044825313     
 -0.208000000000000       0.640150221918744     
 -0.204000000000000       0.663481953290871     
 -0.200000000000000       0.688073394495413     
 -0.196000000000000       0.714013709063214     
 -0.192000000000000       0.741399762752076     
 -0.188000000000000       0.770336894001644     
 -0.184000000000000       0.800939769329346     
 -0.180000000000000       0.833333333333333     
 -0.176000000000000       0.867653863951873     
 -0.172000000000000       0.904050144648022     
 -0.168000000000000       0.942684766214177     
 -0.164000000000000       0.983735571878278     
 -0.160000000000000        1.02739726027397     
 -0.156000000000000        1.07388316151203     
 -0.152000000000000        1.12342720191732     
 -0.148000000000000        1.17628607277290     
 -0.144000000000000        1.23274161735700     
 -0.140000000000000        1.29310344827586     
 -0.136000000000000        1.35771180304127     
 -0.132000000000000        1.42694063926941     
 -0.128000000000000        1.50120096076861     
 -0.124000000000000        1.58094435075885     
 -0.120000000000000        1.66666666666667     
 -0.116000000000000        1.75891181988743     
 -0.112000000000000        1.85827552031715     
 -0.108000000000000        1.96540880503145     
 -0.104000000000000        2.08102108768035     
 -0.100000000000000        2.20588235294118     
 -9.599999999999997E-002   2.34082397003745     
 -9.199999999999997E-002   2.48673740053050     
 -8.799999999999997E-002   2.64456981664316     
 -8.399999999999996E-002   2.81531531531532     
 -7.999999999999996E-002   3.00000000000000     
 -7.599999999999996E-002   3.19965870307167     
 -7.199999999999995E-002   3.41530054644809     
 -6.799999999999995E-002   3.64785992217899     
 -6.399999999999995E-002   3.89812889812890     
 -6.000000000000005E-002   4.16666666666666     
 -5.600000000000005E-002   4.45368171021377     
 -5.200000000000005E-002   4.75888324873096     
 -4.800000000000004E-002   5.08130081300812     
 -4.400000000000004E-002   5.41907514450866     
 -4.000000000000004E-002   5.76923076923076     
 -3.600000000000003E-002   6.12745098039215     
 -3.200000000000003E-002   6.48788927335640     
 -2.800000000000002E-002   6.84306569343065     
 -2.400000000000002E-002   7.18390804597701     
 -2.000000000000002E-002   7.50000000000000     
 -1.600000000000001E-002   7.78008298755186     
 -1.200000000000001E-002   8.01282051282051     
 -8.000000000000007E-003   8.18777292576419     
 -4.000000000000004E-003   8.29646017699115     
  0.000000000000000E+000   8.33333333333333     
  4.000000000000004E-003   8.29646017699115     
  8.000000000000007E-003   8.18777292576419     
  1.200000000000001E-002   8.01282051282051     
  1.600000000000001E-002   7.78008298755187     
  2.000000000000002E-002   7.50000000000000     
  2.400000000000002E-002   7.18390804597701     
  2.800000000000002E-002   6.84306569343066     
  3.200000000000003E-002   6.48788927335640     
  3.600000000000003E-002   6.12745098039216     
  4.000000000000004E-002   5.76923076923077     
  4.400000000000004E-002   5.41907514450867     
  4.800000000000004E-002   5.08130081300813     
  5.200000000000005E-002   4.75888324873096     
  5.600000000000005E-002   4.45368171021378     
  6.000000000000005E-002   4.16666666666667     
  6.400000000000006E-002   3.89812889812890     
  6.800000000000006E-002   3.64785992217899     
  7.200000000000006E-002   3.41530054644809     
  7.600000000000007E-002   3.19965870307167     
  8.000000000000007E-002   3.00000000000000     
  8.400000000000007E-002   2.81531531531531     
  8.800000000000008E-002   2.64456981664316     
  9.200000000000008E-002   2.48673740053050     
  9.600000000000009E-002   2.34082397003745     
  0.100000000000000        2.20588235294117     
  0.104000000000000        2.08102108768035     
  0.108000000000000        1.96540880503144     
  0.112000000000000        1.85827552031714     
  0.116000000000000        1.75891181988743     
  0.120000000000000        1.66666666666666     
  0.124000000000000        1.58094435075885     
  0.128000000000000        1.50120096076862     
  0.132000000000000        1.42694063926941     
  0.136000000000000        1.35771180304128     
  0.140000000000000        1.29310344827586     
  0.144000000000000        1.23274161735700     
  0.148000000000000        1.17628607277290     
  0.152000000000000        1.12342720191732     
  0.156000000000000        1.07388316151203     
  0.160000000000000        1.02739726027397     
  0.164000000000000       0.983735571878280     
  0.168000000000000       0.942684766214179     
  0.172000000000000       0.904050144648024     
  0.176000000000000       0.867653863951875     
  0.180000000000000       0.833333333333334     
  0.184000000000000       0.800939769329347     
  0.188000000000000       0.770336894001644     
  0.192000000000000       0.741399762752076     
  0.196000000000000       0.714013709063214     
  0.200000000000000       0.688073394495413     
  0.204000000000000       0.663481953290871     
  0.208000000000000       0.640150221918744     
  0.212000000000000       0.617996044825313     
  0.216000000000000       0.596943648519580     
  0.220000000000000       0.576923076923077     
  0.224000000000000       0.557869681642369     
  0.228000000000000       0.539723661485320     
  0.232000000000000       0.522429646140987     
  0.236000000000000       0.505936319481921     
  0.240000000000000       0.490196078431373     
  0.244000000000000       0.475164723770907     
  0.248000000000000       0.460801179651020     
  0.252000000000000       0.447067238912733     
  0.256000000000000       0.433927331636195     
  0.260000000000000       0.421348314606742     
  0.264000000000000       0.409299279633268     
  0.268000000000000       0.397751378871447     
  0.272000000000000       0.386677665498041     
  0.276000000000000       0.376052948255114     
  0.280000000000000       0.365853658536585     
  0.284000000000000       0.356057728826434     
  0.288000000000000       0.346644481419856     
  0.292000000000000       0.337594526467411     
  0.296000000000000       0.328889668479214     
  0.300000000000000       0.320512820512821     
  0.304000000000000       0.312447925345776     
  0.308000000000000       0.304679883002925     
  0.312000000000000       0.297194484070376     
  0.316000000000000       0.289978348283328     
  0.320000000000000       0.283018867924528     
  0.324000000000000       0.276304155614500     
  0.328000000000000       0.269822996114549     
  0.332000000000000       0.263564801799269     
  0.336000000000000       0.257519571487433     
  0.340000000000000       0.251677852348993     
  0.344000000000000       0.246030704631938     
  0.348000000000000       0.240569668976135     
  0.352000000000000       0.235286736102397     
  0.356000000000000       0.230174318684017     
  0.360000000000000       0.225225225225225     
  0.364000000000000       0.220432635786504     
  0.368000000000000       0.215790079410749     
  0.372000000000000       0.211291413116971     
  0.376000000000000       0.206930802339698     
  0.380000000000000       0.202702702702703     
  0.384000000000000       0.198601843025103     
  0.388000000000000       0.194623209466473     
  0.392000000000000       0.190762030725405     
  0.396000000000000       0.187013764213046     
  0.400000000000000       0.183374083129584     
  0.404000000000000       0.179838864377518     
  0.408000000000000       0.176404177250917     
  0.412000000000000       0.173066272844748     
  0.416000000000000       0.169821574132778     
  0.420000000000000       0.166666666666667     
  0.424000000000000       0.163598289852543     
  0.428000000000000       0.160613328764777     
  0.432000000000000       0.157708806459753     
  0.436000000000000       0.154881876755328     
  0.440000000000000       0.152129817444219     
  0.444000000000000       0.149450023912004     
  0.448000000000000       0.146840003132587     
  0.452000000000000       0.144297368016007     
  0.456000000000000       0.141819832085319     
  0.460000000000000       0.139405204460967     
  0.464000000000000       0.137051385132666     
  0.468000000000000       0.134756360500216     
  0.472000000000000       0.132518199166019     
  0.476000000000000       0.130335047963298     
  0.480000000000000       0.128205128205128     
  0.484000000000000       0.126126732140455     
  0.488000000000000       0.124098219604209     
  0.492000000000000       0.122118014849551     
  0.496000000000000       0.120184603551054     
  0.500000000000000       0.118296529968454     
  0.504000000000000       0.116452394261226     
  0.508000000000000       0.114650849944968     
  0.512000000000000       0.112890601481125     
  0.516000000000000       0.111170401992174     
  0.520000000000000       0.109489051094890     
  0.524000000000000       0.107845392844818     
  0.528000000000000       0.106238313785484     
  0.532000000000000       0.104666741096349     
  0.536000000000000       0.103129640833838     
  0.540000000000000       0.101626016260163     
  0.544000000000000       0.100154906255008     
  0.548000000000000       9.871538380541221E-002
  0.552000000000000       9.730655456951579E-002
  0.556000000000000       9.592755551007877E-002
  0.560000000000000       9.457755359394701E-002
  0.564000000000000       9.325574455386450E-002
  0.568000000000000       9.196135170925497E-002
  0.572000000000000       9.069362484279769E-002
  0.576000000000000       8.945183912981249E-002
  0.580000000000000       8.823529411764704E-002
  0.584000000000000       8.704331275242558E-002
  0.588000000000000       8.587524045067324E-002
  0.592000000000000       8.473044421347550E-002
  0.596000000000000       8.360831178096849E-002
  0.600000000000000       8.250825082508248E-002
  0.604000000000000       8.142968817858071E-002
  0.608000000000000       8.037206909854684E-002
  0.612000000000000       7.933485656257931E-002
  0.616000000000000       7.831753059604860E-002
  0.620000000000000       7.731958762886595E-002
  0.624000000000000       7.634053988029800E-002
  0.628000000000000       7.537991477044306E-002
  0.632000000000000       7.443725435706064E-002
  0.636000000000000       7.351211479651849E-002
  0.640000000000000       7.260406582768637E-002
  0.644000000000000       7.171269027767155E-002
  0.648000000000000       7.083758358834866E-002
  0.652000000000000       6.997835336269316E-002
  0.656000000000000       6.913461892998048E-002
  0.660000000000000       6.830601092896177E-002
  0.664000000000000       6.749217090817466E-002
  0.668000000000000       6.669275094259089E-002
  0.672000000000000       6.590741326584415E-002
  0.676000000000000       6.513582991732093E-002
  0.680000000000000       6.437768240343349E-002
  0.684000000000000       6.363266137242925E-002
  0.688000000000000       6.290046630212352E-002
  0.692000000000000       6.218080519997347E-002
  0.696000000000000       6.147339431494049E-002
  0.700000000000000       6.077795786061588E-002
  0.704000000000000       6.009422774911060E-002
  0.708000000000000       5.942194333523483E-002
  0.712000000000000       5.876085117051615E-002
  0.716000000000000       5.811070476662741E-002
  0.720000000000000       5.747126436781608E-002
  0.724000000000000       5.684229673194688E-002
  0.728000000000000       5.622357491978770E-002
  0.732000000000000       5.561487809218722E-002
  0.736000000000000       5.501599131480883E-002
  0.740000000000000       5.442670537010159E-002
  0.744000000000000       5.384681657620401E-002
  0.748000000000000       5.327612661249076E-002
  0.752000000000000       5.271444235148583E-002
  0.756000000000000       5.216157569687864E-002
  0.760000000000000       5.161734342739159E-002
  0.764000000000000       5.108156704625946E-002
  0.768000000000000       5.055407263609155E-002
  0.772000000000000       5.003469071889843E-002
  0.776000000000000       4.952325612107444E-002
  0.780000000000000       4.901960784313724E-002
  0.784000000000000       4.852358893403379E-002
  0.788000000000000       4.803504636983141E-002
  0.792000000000000       4.755383093662024E-002
  0.796000000000000       4.707979711746094E-002
  0.800000000000000       4.661280298321938E-002
  0.804000000000000       4.615271008713630E-002
  0.808000000000000       4.569938336298714E-002
  0.812000000000000       4.525269102669304E-002
  0.816000000000000       4.481250448125043E-002
  0.820000000000000       4.437869822485205E-002
  0.824000000000000       4.395114976207776E-002
  0.828000000000000       4.352973951803871E-002
  0.832000000000000       4.311435075536341E-002
  0.836000000000000       4.270486949391881E-002
  0.840000000000000       4.230118443316411E-002
  0.844000000000000       4.190318687703927E-002
  0.848000000000000       4.151077066129423E-002
  0.852000000000000       4.112383208316882E-002
  0.856000000000000       4.074226983333694E-002
  0.860000000000000       4.036598493003227E-002
  0.864000000000000       3.999488065527611E-002
  0.868000000000000       3.962886249313098E-002
  0.872000000000000       3.926783806990720E-002
  0.876000000000000       3.891171709625203E-002
  0.880000000000000       3.856041131105398E-002
  0.884000000000000       3.821383442709819E-002
  0.888000000000000       3.787190207840999E-002
  0.892000000000000       3.753453176922769E-002
  0.896000000000000       3.720164282454713E-002
  0.900000000000000       3.687315634218289E-002
  0.904000000000000       3.654899514629344E-002
  0.908000000000000       3.622908374231943E-002
  0.912000000000000       3.591334827328621E-002
  0.916000000000000       3.560171647742377E-002
  0.920000000000000       3.529411764705882E-002
  0.924000000000000       3.499048258873586E-002
  0.928000000000000       3.469074358452515E-002
  0.932000000000000       3.439483435447774E-002
  0.936000000000000       3.410269002018879E-002
  0.940000000000000       3.381424706943192E-002
  0.944000000000000       3.352944332182901E-002
  0.948000000000000       3.324821789552079E-002
  0.952000000000000       3.297051117480525E-002
  0.956000000000000       3.269626477871167E-002
  0.960000000000000       3.242542153047989E-002
  0.964000000000000       3.215792542791479E-002
  0.968000000000000       3.189372161458776E-002
  0.972000000000000       3.163275635185747E-002
  0.976000000000000       3.137497699168353E-002
  0.980000000000000       3.112033195020747E-002
  0.984000000000000       3.086877068207635E-002
  0.988000000000000       3.062024365548551E-002
  0.992000000000000       3.037470232791718E-002
  0.996000000000000       3.013209912255327E-002
