  -1.00000000000000       3.236326520451095E-002
 -0.996000000000000       3.262262846038259E-002
 -0.992000000000000       3.288511761235834E-002
 -0.988000000000000       3.315078302149498E-002
 -0.984000000000000       3.341967606565065E-002
 -0.980000000000000       3.369184916418298E-002
 -0.976000000000000       3.396735580334888E-002
 -0.972000000000000       3.424625056242882E-002
 -0.968000000000000       3.452858914059936E-002
 -0.964000000000000       3.481442838457840E-002
 -0.960000000000000       3.510382631706857E-002
 -0.956000000000000       3.539684216602536E-002
 -0.952000000000000       3.569353639477711E-002
 -0.948000000000000       3.599397073302553E-002
 -0.944000000000000       3.629820820875603E-002
 -0.940000000000000       3.660631318108862E-002
 -0.936000000000000       3.691835137410105E-002
 -0.932000000000000       3.723438991165712E-002
 -0.928000000000000       3.755449735327458E-002
 -0.924000000000000       3.787874373106791E-002
 -0.920000000000000       3.820720058780309E-002
 -0.916000000000000       3.853994101610259E-002
 -0.912000000000000       3.887703969884052E-002
 -0.908000000000000       3.921857295076923E-002
 -0.904000000000000       3.956461876142049E-002
 -0.900000000000000       3.991525683932574E-002
 -0.896000000000000       4.027056865760228E-002
 -0.892000000000000       4.063063750095326E-002
 -0.888000000000000       4.099554851413212E-002
 -0.884000000000000       4.136538875192350E-002
 -0.880000000000000       4.174024723069514E-002
 -0.876000000000000       4.212021498157727E-002
 -0.872000000000000       4.250538510532835E-002
 -0.868000000000000       4.289585282894851E-002
 -0.864000000000000       4.329171556410438E-002
 -0.860000000000000       4.369307296743186E-002
 -0.856000000000000       4.410002700278577E-002
 -0.852000000000000       4.451268200550863E-002
 -0.848000000000000       4.493114474879344E-002
 -0.844000000000000       4.535552451221879E-002
 -0.840000000000000       4.578593315253761E-002
 -0.836000000000000       4.622248517680457E-002
 -0.832000000000000       4.666529781793069E-002
 -0.828000000000000       4.711449111275730E-002
 -0.824000000000000       4.757018798274593E-002
 -0.820000000000000       4.803251431738408E-002
 -0.816000000000000       4.850159906041210E-002
 -0.812000000000000       4.897757429898021E-002
 -0.808000000000000       4.946057535584982E-002
 -0.804000000000000       4.995074088475827E-002
 -0.800000000000000       5.044821296907137E-002
 -0.796000000000000       5.095313722385360E-002
 -0.792000000000000       5.146566290149156E-002
 -0.788000000000000       5.198594300101253E-002
 -0.784000000000000       5.251413438124616E-002
 -0.780000000000000       5.305039787798409E-002
 -0.776000000000000       5.359489842529944E-002
 -0.772000000000000       5.414780518119523E-002
 -0.768000000000000       5.470929165775888E-002
 -0.764000000000000       5.527953585600787E-002
 -0.760000000000000       5.585872040562025E-002
 -0.756000000000000       5.644703270975284E-002
 -0.752000000000000       5.704466509515928E-002
 -0.748000000000000       5.765181496783030E-002
 -0.744000000000000       5.826868497438868E-002
 -0.740000000000000       5.889548316948309E-002
 -0.736000000000000       5.953242318943584E-002
 -0.732000000000000       6.017972443241262E-002
 -0.728000000000000       6.083761224539461E-002
 -0.724000000000000       6.150631811824733E-002
 -0.720000000000000       6.218607988519494E-002
 -0.716000000000000       6.287714193402351E-002
 -0.712000000000000       6.357975542335315E-002
 -0.708000000000000       6.429417850833551E-002
 -0.704000000000000       6.502067657515091E-002
 -0.700000000000000       6.575952248469828E-002
 -0.696000000000000       6.651099682589059E-002
 -0.692000000000000       6.727538817898980E-002
 -0.688000000000000       6.805299338943693E-002
 -0.684000000000000       6.884411785265665E-002
 -0.680000000000000       6.964907581034023E-002
 -0.676000000000000       7.046819065873666E-002
 -0.672000000000000       7.130179526950983E-002
 -0.668000000000000       7.215023232374811E-002
 -0.664000000000000       7.301385465974422E-002
 -0.660000000000000       7.389302563519584E-002
 -0.656000000000000       7.478811950451145E-002
 -0.652000000000000       7.569952181194375E-002
 -0.648000000000000       7.662762980131045E-002
 -0.644000000000000       7.757285284310472E-002
 -0.640000000000000       7.853561287984051E-002
 -0.636000000000000       7.951634489052434E-002
 -0.632000000000000       8.051549737519478E-002
 -0.628000000000000       8.153353286052246E-002
 -0.624000000000000       8.257092842751924E-002
 -0.620000000000000       8.362817626246381E-002
 -0.616000000000000       8.470578423221374E-002
 -0.612000000000000       8.580427648514002E-002
 -0.608000000000000       8.692419407899137E-002
 -0.604000000000000       8.806609563707014E-002
 -0.600000000000000       8.923055803418217E-002
 -0.596000000000000       9.041817711390744E-002
 -0.592000000000000       9.162956843882948E-002
 -0.588000000000000       9.286536807545809E-002
 -0.584000000000000       9.412623341568170E-002
 -0.580000000000000       9.541284403669723E-002
 -0.576000000000000       9.672590260148034E-002
 -0.572000000000000       9.806613580198484E-002
 -0.568000000000000       9.943429534739281E-002
 -0.564000000000000       0.100831158999879     
 -0.560000000000000       0.102257531660505     
 -0.556000000000000       0.103714246508021     
 -0.552000000000000       0.105202166193527     
 -0.548000000000000       0.106722184094126     
 -0.544000000000000       0.108275225628912     
 -0.540000000000000       0.109862249640835     
 -0.536000000000000       0.111484249848210     
 -0.532000000000000       0.113142256369909     
 -0.528000000000000       0.114837337328495     
 -0.524000000000000       0.116570600535866     
 -0.520000000000000       0.118343195266272     
 -0.516000000000000       0.120156314121879     
 -0.512000000000000       0.122011194996415     
 -0.508000000000000       0.123909123142793     
 -0.504000000000000       0.125851433351017     
 -0.500000000000000       0.127839512243092     
 -0.496000000000000       0.129874800692133     
 -0.492000000000000       0.131958796373366     
 -0.488000000000000       0.134093056455240     
 -0.484000000000000       0.136279200439448     
 -0.480000000000000       0.138518913159297     
 -0.476000000000000       0.140813947946499     
 -0.472000000000000       0.143166129977226     
 -0.468000000000000       0.145577359809002     
 -0.464000000000000       0.148049617120913     
 -0.460000000000000       0.150584964670451     
 -0.456000000000000       0.153185552481370     
 -0.452000000000000       0.155853622277957     
 -0.448000000000000       0.158591512182268     
 -0.444000000000000       0.161401661692185     
 -0.440000000000000       0.164286616959434     
 -0.436000000000000       0.167249036388244     
 -0.432000000000000       0.170291696576875     
 -0.428000000000000       0.173417498626000     
 -0.424000000000000       0.176629474839811     
 -0.420000000000000       0.179930795847751     
 -0.416000000000000       0.183324778177018     
 -0.412000000000000       0.186814892308400     
 -0.408000000000000       0.190404771250637     
 -0.404000000000000       0.194098219671407     
 -0.400000000000000       0.197899223626123     
 -0.396000000000000       0.201811960929204     
 -0.392000000000000       0.205840812216177     
 -0.388000000000000       0.209990372749065     
 -0.384000000000000       0.214265465021987     
 -0.380000000000000       0.218671152228764     
 -0.376000000000000       0.223212752659666     
 -0.372000000000000       0.227895855100309     
 -0.368000000000000       0.232726335312104     
 -0.364000000000000       0.237710373680707     
 -0.360000000000000       0.242854474126658     
 -0.356000000000000       0.248165484380846     
 -0.352000000000000       0.253650617736812     
 -0.348000000000000       0.259317476402110     
 -0.344000000000000       0.265174076582273     
 -0.340000000000000       0.271228875443355     
 -0.336000000000000       0.277490800112704     
 -0.332000000000000       0.283969278892782     
 -0.328000000000000       0.290674274879482     
 -0.324000000000000       0.297616322194852     
 -0.320000000000000       0.304806565064478     
 -0.316000000000000       0.312256799992314     
 -0.312000000000000       0.319979521310636     
 -0.308000000000000       0.327987970410439     
 -0.304000000000000       0.336296188988110     
 -0.300000000000000       0.344919076678164     
 -0.296000000000000       0.353872453479383     
 -0.292000000000000       0.363173127423482     
 -0.288000000000000       0.372838967981736     
 -0.284000000000000       0.382888985756530     
 -0.280000000000000       0.393343419062027     
 -0.276000000000000       0.404223828061840     
 -0.272000000000000       0.415553197202368     
 -0.268000000000000       0.427356046759326     
 -0.264000000000000       0.439658554402673     
 -0.260000000000000       0.452488687782805     
 -0.256000000000000       0.465876349249580     
 -0.252000000000000       0.479853533936718     
 -0.248000000000000       0.494454502578770     
 -0.244000000000000       0.509715970577626     
 -0.240000000000000       0.525677315002022     
 -0.236000000000000       0.542380801388495     
 -0.232000000000000       0.559871832417440     
 -0.228000000000000       0.578199220765358     
 -0.224000000000000       0.597415488685870     
 -0.220000000000000       0.617577197149644     
 -0.216000000000000       0.638745307678701     
 -0.212000000000000       0.660985580345340     
 -0.208000000000000       0.684369011771147     
 -0.204000000000000       0.708972317357824     
 -0.200000000000000       0.734878462408140     
 -0.196000000000000       0.762177247250299     
 -0.192000000000000       0.790965951957945     
 -0.188000000000000       0.821350046753772     
 -0.184000000000000       0.853443974685538     
 -0.180000000000000       0.887372013651876     
 -0.176000000000000       0.923269225306099     
 -0.172000000000000       0.961282498742938     
 -0.168000000000000        1.00157169712472     
 -0.164000000000000        1.04431091545901     
 -0.160000000000000        1.08968985750209     
 -0.156000000000000        1.13791533909877     
 -0.152000000000000        1.18921292400015     
 -0.148000000000000        1.24382869608481     
 -0.144000000000000        1.30203116862305     
 -0.140000000000000        1.36411332633788     
 -0.136000000000000        1.43039478896175     
 -0.132000000000000        1.50122407501501     
 -0.128000000000000        1.57698093066136     
 -0.124000000000000        1.65807866945564     
 -0.120000000000000        1.74496644295302     
 -0.116000000000000        1.83813132741361     
 -0.112000000000000        1.93810006559723     
 -0.108000000000000        2.04544024167663     
 -0.104000000000000        2.16076058772688     
 -0.100000000000000        2.28471001757469     
 -9.599999999999997E-002   2.41797485306153     
 -9.199999999999997E-002   2.56127354401450     
 -8.799999999999997E-002   2.71534798228758     
 -8.399999999999996E-002   2.88095027036610     
 -7.999999999999996E-002   3.05882352941177     
 -7.599999999999996E-002   3.24967503249675     
 -7.199999999999995E-002   3.45413965352322     
 -6.799999999999995E-002   3.67273138207707     
 -6.399999999999995E-002   3.90578055522173     
 -6.000000000000005E-002   4.15335463258785     
 -5.600000000000005E-002   4.41516098356201     
 -5.200000000000005E-002   4.69043151969981     
 -4.800000000000004E-002   4.97779139224996     
 -4.400000000000004E-002   5.27511767570199     
 -4.000000000000004E-002   5.57939914163090     
 -3.600000000000003E-002   5.88661474370585     
 -3.200000000000003E-002   6.19165555343875     
 -2.800000000000002E-002   6.48832102216011     
 -2.400000000000002E-002   6.76942303686732     
 -2.000000000000002E-002   7.02702702702702     
 -1.600000000000001E-002   7.25284534702075     
 -1.200000000000001E-002   7.43877317463950     
 -8.000000000000007E-003   7.57752389834460     
 -4.000000000000004E-003   7.66328696062249     
  0.000000000000000E+000   7.69230769230769     
  4.000000000000004E-003   7.66328696062249     
  8.000000000000007E-003   7.57752389834460     
  1.200000000000001E-002   7.43877317463951     
  1.600000000000001E-002   7.25284534702076     
  2.000000000000002E-002   7.02702702702703     
  2.400000000000002E-002   6.76942303686732     
  2.800000000000002E-002   6.48832102216011     
  3.200000000000003E-002   6.19165555343875     
  3.600000000000003E-002   5.88661474370585     
  4.000000000000004E-002   5.57939914163090     
  4.400000000000004E-002   5.27511767570200     
  4.800000000000004E-002   4.97779139224996     
  5.200000000000005E-002   4.69043151969981     
  5.600000000000005E-002   4.41516098356201     
  6.000000000000005E-002   4.15335463258786     
  6.400000000000006E-002   3.90578055522173     
  6.800000000000006E-002   3.67273138207707     
  7.200000000000006E-002   3.45413965352322     
  7.600000000000007E-002   3.24967503249675     
  8.000000000000007E-002   3.05882352941176     
  8.400000000000007E-002   2.88095027036610     
  8.800000000000008E-002   2.71534798228757     
  9.200000000000008E-002   2.56127354401450     
  9.600000000000009E-002   2.41797485306153     
  0.100000000000000        2.28471001757469     
  0.104000000000000        2.16076058772688     
  0.108000000000000        2.04544024167663     
  0.112000000000000        1.93810006559723     
  0.116000000000000        1.83813132741361     
  0.120000000000000        1.74496644295302     
  0.124000000000000        1.65807866945564     
  0.128000000000000        1.57698093066136     
  0.132000000000000        1.50122407501501     
  0.136000000000000        1.43039478896176     
  0.140000000000000        1.36411332633788     
  0.144000000000000        1.30203116862305     
  0.148000000000000        1.24382869608481     
  0.152000000000000        1.18921292400015     
  0.156000000000000        1.13791533909877     
  0.160000000000000        1.08968985750210     
  0.164000000000000        1.04431091545902     
  0.168000000000000        1.00157169712472     
  0.172000000000000       0.961282498742939     
  0.176000000000000       0.923269225306100     
  0.180000000000000       0.887372013651878     
  0.184000000000000       0.853443974685539     
  0.188000000000000       0.821350046753773     
  0.192000000000000       0.790965951957946     
  0.196000000000000       0.762177247250300     
  0.200000000000000       0.734878462408141     
  0.204000000000000       0.708972317357824     
  0.208000000000000       0.684369011771147     
  0.212000000000000       0.660985580345340     
  0.216000000000000       0.638745307678702     
  0.220000000000000       0.617577197149644     
  0.224000000000000       0.597415488685870     
  0.228000000000000       0.578199220765358     
  0.232000000000000       0.559871832417441     
  0.236000000000000       0.542380801388495     
  0.240000000000000       0.525677315002022     
  0.244000000000000       0.509715970577626     
  0.248000000000000       0.494454502578771     
  0.252000000000000       0.479853533936719     
  0.256000000000000       0.465876349249581     
  0.260000000000000       0.452488687782806     
  0.264000000000000       0.439658554402673     
  0.268000000000000       0.427356046759326     
  0.272000000000000       0.415553197202368     
  0.276000000000000       0.404223828061840     
  0.280000000000000       0.393343419062027     
  0.284000000000000       0.382888985756530     
  0.288000000000000       0.372838967981737     
  0.292000000000000       0.363173127423482     
  0.296000000000000       0.353872453479383     
  0.300000000000000       0.344919076678164     
  0.304000000000000       0.336296188988111     
  0.308000000000000       0.327987970410439     
  0.312000000000000       0.319979521310636     
  0.316000000000000       0.312256799992314     
  0.320000000000000       0.304806565064478     
  0.324000000000000       0.297616322194852     
  0.328000000000000       0.290674274879482     
  0.332000000000000       0.283969278892782     
  0.336000000000000       0.277490800112704     
  0.340000000000000       0.271228875443355     
  0.344000000000000       0.265174076582273     
  0.348000000000000       0.259317476402110     
  0.352000000000000       0.253650617736812     
  0.356000000000000       0.248165484380846     
  0.360000000000000       0.242854474126658     
  0.364000000000000       0.237710373680707     
  0.368000000000000       0.232726335312104     
  0.372000000000000       0.227895855100309     
  0.376000000000000       0.223212752659666     
  0.380000000000000       0.218671152228764     
  0.384000000000000       0.214265465021987     
  0.388000000000000       0.209990372749065     
  0.392000000000000       0.205840812216177     
  0.396000000000000       0.201811960929205     
  0.400000000000000       0.197899223626123     
  0.404000000000000       0.194098219671407     
  0.408000000000000       0.190404771250637     
  0.412000000000000       0.186814892308400     
  0.416000000000000       0.183324778177019     
  0.420000000000000       0.179930795847751     
  0.424000000000000       0.176629474839811     
  0.428000000000000       0.173417498626000     
  0.432000000000000       0.170291696576875     
  0.436000000000000       0.167249036388244     
  0.440000000000000       0.164286616959434     
  0.444000000000000       0.161401661692185     
  0.448000000000000       0.158591512182268     
  0.452000000000000       0.155853622277957     
  0.456000000000000       0.153185552481370     
  0.460000000000000       0.150584964670451     
  0.464000000000000       0.148049617120913     
  0.468000000000000       0.145577359809003     
  0.472000000000000       0.143166129977226     
  0.476000000000000       0.140813947946499     
  0.480000000000000       0.138518913159297     
  0.484000000000000       0.136279200439448     
  0.488000000000000       0.134093056455240     
  0.492000000000000       0.131958796373366     
  0.496000000000000       0.129874800692133     
  0.500000000000000       0.127839512243092     
  0.504000000000000       0.125851433351017     
  0.508000000000000       0.123909123142793     
  0.512000000000000       0.122011194996415     
  0.516000000000000       0.120156314121879     
  0.520000000000000       0.118343195266272     
  0.524000000000000       0.116570600535866     
  0.528000000000000       0.114837337328495     
  0.532000000000000       0.113142256369909     
  0.536000000000000       0.111484249848210     
  0.540000000000000       0.109862249640835     
  0.544000000000000       0.108275225628912     
  0.548000000000000       0.106722184094126     
  0.552000000000000       0.105202166193527     
  0.556000000000000       0.103714246508021     
  0.560000000000000       0.102257531660505     
  0.564000000000000       0.100831158999879     
  0.568000000000000       9.943429534739281E-002
  0.572000000000000       9.806613580198484E-002
  0.576000000000000       9.672590260148034E-002
  0.580000000000000       9.541284403669723E-002
  0.584000000000000       9.412623341568170E-002
  0.588000000000000       9.286536807545809E-002
  0.592000000000000       9.162956843882948E-002
  0.596000000000000       9.041817711390740E-002
  0.600000000000000       8.923055803418214E-002
  0.604000000000000       8.806609563707012E-002
  0.608000000000000       8.692419407899134E-002
  0.612000000000000       8.580427648514000E-002
  0.616000000000000       8.470578423221371E-002
  0.620000000000000       8.362817626246379E-002
  0.624000000000000       8.257092842751922E-002
  0.628000000000000       8.153353286052249E-002
  0.632000000000000       8.051549737519481E-002
  0.636000000000000       7.951634489052437E-002
  0.640000000000000       7.853561287984054E-002
  0.644000000000000       7.757285284310475E-002
  0.648000000000000       7.662762980131048E-002
  0.652000000000000       7.569952181194378E-002
  0.656000000000000       7.478811950451147E-002
  0.660000000000000       7.389302563519584E-002
  0.664000000000000       7.301385465974422E-002
  0.668000000000000       7.215023232374811E-002
  0.672000000000000       7.130179526950983E-002
  0.676000000000000       7.046819065873666E-002
  0.680000000000000       6.964907581034023E-002
  0.684000000000000       6.884411785265665E-002
  0.688000000000000       6.805299338943693E-002
  0.692000000000000       6.727538817898980E-002
  0.696000000000000       6.651099682589059E-002
  0.700000000000000       6.575952248469828E-002
  0.704000000000000       6.502067657515091E-002
  0.708000000000000       6.429417850833551E-002
  0.712000000000000       6.357975542335315E-002
  0.716000000000000       6.287714193402351E-002
  0.720000000000000       6.218607988519493E-002
  0.724000000000000       6.150631811824731E-002
  0.728000000000000       6.083761224539459E-002
  0.732000000000000       6.017972443241261E-002
  0.736000000000000       5.953242318943583E-002
  0.740000000000000       5.889548316948307E-002
  0.744000000000000       5.826868497438867E-002
  0.748000000000000       5.765181496783028E-002
  0.752000000000000       5.704466509515927E-002
  0.756000000000000       5.644703270975283E-002
  0.760000000000000       5.585872040562024E-002
  0.764000000000000       5.527953585600786E-002
  0.768000000000000       5.470929165775886E-002
  0.772000000000000       5.414780518119521E-002
  0.776000000000000       5.359489842529942E-002
  0.780000000000000       5.305039787798407E-002
  0.784000000000000       5.251413438124614E-002
  0.788000000000000       5.198594300101252E-002
  0.792000000000000       5.146566290149154E-002
  0.796000000000000       5.095313722385358E-002
  0.800000000000000       5.044821296907136E-002
  0.804000000000000       4.995074088475825E-002
  0.808000000000000       4.946057535584981E-002
  0.812000000000000       4.897757429898020E-002
  0.816000000000000       4.850159906041208E-002
  0.820000000000000       4.803251431738406E-002
  0.824000000000000       4.757018798274591E-002
  0.828000000000000       4.711449111275728E-002
  0.832000000000000       4.666529781793066E-002
  0.836000000000000       4.622248517680455E-002
  0.840000000000000       4.578593315253758E-002
  0.844000000000000       4.535552451221876E-002
  0.848000000000000       4.493114474879341E-002
  0.852000000000000       4.451268200550860E-002
  0.856000000000000       4.410002700278575E-002
  0.860000000000000       4.369307296743184E-002
  0.864000000000000       4.329171556410436E-002
  0.868000000000000       4.289585282894848E-002
  0.872000000000000       4.250538510532833E-002
  0.876000000000000       4.212021498157727E-002
  0.880000000000000       4.174024723069514E-002
  0.884000000000000       4.136538875192349E-002
  0.888000000000000       4.099554851413212E-002
  0.892000000000000       4.063063750095326E-002
  0.896000000000000       4.027056865760228E-002
  0.900000000000000       3.991525683932574E-002
  0.904000000000000       3.956461876142048E-002
  0.908000000000000       3.921857295076923E-002
  0.912000000000000       3.887703969884051E-002
  0.916000000000000       3.853994101610258E-002
  0.920000000000000       3.820720058780309E-002
  0.924000000000000       3.787874373106791E-002
  0.928000000000000       3.755449735327458E-002
  0.932000000000000       3.723438991165711E-002
  0.936000000000000       3.691835137410104E-002
  0.940000000000000       3.660631318108861E-002
  0.944000000000000       3.629820820875602E-002
  0.948000000000000       3.599397073302552E-002
  0.952000000000000       3.569353639477710E-002
  0.956000000000000       3.539684216602534E-002
  0.960000000000000       3.510382631706856E-002
  0.964000000000000       3.481442838457838E-002
  0.968000000000000       3.452858914059935E-002
  0.972000000000000       3.424625056242880E-002
  0.976000000000000       3.396735580334886E-002
  0.980000000000000       3.369184916418297E-002
  0.984000000000000       3.341967606565063E-002
  0.988000000000000       3.315078302149496E-002
  0.992000000000000       3.288511761235832E-002
  0.996000000000000       3.262262846038257E-002
