  -1.00000000000000       3.482933625236343E-002
 -0.996000000000000       3.510827391675930E-002
 -0.992000000000000       3.539057033420833E-002
 -0.988000000000000       3.567627955524932E-002
 -0.984000000000000       3.596545672019698E-002
 -0.980000000000000       3.625815808556927E-002
 -0.976000000000000       3.655444105126396E-002
 -0.972000000000000       3.685436418850904E-002
 -0.968000000000000       3.715798726861192E-002
 -0.964000000000000       3.746537129253391E-002
 -0.960000000000000       3.777657852131679E-002
 -0.956000000000000       3.809167250738980E-002
 -0.952000000000000       3.841071812678611E-002
 -0.948000000000000       3.873378161229921E-002
 -0.944000000000000       3.906093058761034E-002
 -0.940000000000000       3.939223410241982E-002
 -0.936000000000000       3.972776266861599E-002
 -0.932000000000000       4.006758829751674E-002
 -0.928000000000000       4.041178453822031E-002
 -0.924000000000000       4.076042651710308E-002
 -0.920000000000000       4.111359097850347E-002
 -0.916000000000000       4.147135632663315E-002
 -0.912000000000000       4.183380266875757E-002
 -0.908000000000000       4.220101185969009E-002
 -0.904000000000000       4.257306754764535E-002
 -0.900000000000000       4.295005522149958E-002
 -0.896000000000000       4.333206225950707E-002
 -0.892000000000000       4.371917797952445E-002
 -0.888000000000000       4.411149369079608E-002
 -0.884000000000000       4.450910274735617E-002
 -0.880000000000000       4.491210060310536E-002
 -0.876000000000000       4.532058486862211E-002
 -0.872000000000000       4.573465536977123E-002
 -0.868000000000000       4.615441420817488E-002
 -0.864000000000000       4.657996582361366E-002
 -0.860000000000000       4.701141705842849E-002
 -0.856000000000000       4.744887722399668E-002
 -0.852000000000000       4.789245816935869E-002
 -0.848000000000000       4.834227435207542E-002
 -0.844000000000000       4.879844291139877E-002
 -0.840000000000000       4.926108374384238E-002
 -0.836000000000000       4.973031958124231E-002
 -0.832000000000000       5.020627607140195E-002
 -0.828000000000000       5.068908186141895E-002
 -0.824000000000000       5.117886868379648E-002
 -0.820000000000000       5.167577144544516E-002
 -0.816000000000000       5.217992831968704E-002
 -0.812000000000000       5.269148084137757E-002
 -0.808000000000000       5.321057400526633E-002
 -0.804000000000000       5.373735636772320E-002
 -0.800000000000000       5.427198015196155E-002
 -0.796000000000000       5.481460135689631E-002
 -0.792000000000000       5.536537986978064E-002
 -0.788000000000000       5.592447958277143E-002
 -0.784000000000000       5.649206851358070E-002
 -0.780000000000000       5.706831893037666E-002
 -0.776000000000000       5.765340748110617E-002
 -0.772000000000000       5.824751532741761E-002
 -0.768000000000000       5.885082828337179E-002
 -0.764000000000000       5.946353695913667E-002
 -0.760000000000000       6.008583690987126E-002
 -0.756000000000000       6.071792879001313E-002
 -0.752000000000000       6.136001851319417E-002
 -0.748000000000000       6.201231741801973E-002
 -0.744000000000000       6.267504243995732E-002
 -0.740000000000000       6.334841628959277E-002
 -0.736000000000000       6.403266763752388E-002
 -0.732000000000000       6.472803130617469E-002
 -0.728000000000000       6.543474846882689E-002
 -0.724000000000000       6.615306685617946E-002
 -0.720000000000000       6.688324097076248E-002
 -0.716000000000000       6.762553230954720E-002
 -0.712000000000000       6.838020959511103E-002
 -0.708000000000000       6.914754901573404E-002
 -0.704000000000000       6.992783447482200E-002
 -0.700000000000000       7.072135785007073E-002
 -0.696000000000000       7.152841926280769E-002
 -0.692000000000000       7.234932735796795E-002
 -0.688000000000000       7.318439959518575E-002
 -0.684000000000000       7.403396255150650E-002
 -0.680000000000000       7.489835223625083E-002
 -0.676000000000000       7.577791441858855E-002
 -0.672000000000000       7.667300496841074E-002
 -0.668000000000000       7.758399021111714E-002
 -0.664000000000000       7.851124729696994E-002
 -0.660000000000000       7.945516458569810E-002
 -0.656000000000000       8.041614204707331E-002
 -0.652000000000000       8.139459167821694E-002
 -0.648000000000000       8.239093793843749E-002
 -0.644000000000000       8.340561820244212E-002
 -0.640000000000000       8.443908323281062E-002
 -0.636000000000000       8.549179767266901E-002
 -0.632000000000000       8.656424055955125E-002
 -0.628000000000000       8.765690586149208E-002
 -0.624000000000000       8.877030303645163E-002
 -0.620000000000000       8.990495761623428E-002
 -0.616000000000000       9.106141181612881E-002
 -0.612000000000000       9.224022517156683E-002
 -0.608000000000000       9.344197520316957E-002
 -0.604000000000000       9.466725811163165E-002
 -0.600000000000000       9.591668950397372E-002
 -0.596000000000000       9.719090515278414E-002
 -0.592000000000000       9.849056179016445E-002
 -0.588000000000000       9.981633793819372E-002
 -0.584000000000000       0.101168934777833     
 -0.580000000000000       0.102549077058306     
 -0.576000000000000       0.103957514049115     
 -0.572000000000000       0.105395020536973     
 -0.568000000000000       0.106862397870080     
 -0.564000000000000       0.108360475052323     
 -0.560000000000000       0.109890109890110     
 -0.556000000000000       0.111452190194755     
 -0.552000000000000       0.113047635043475     
 -0.548000000000000       0.114677396102279     
 -0.544000000000000       0.116342459014214     
 -0.540000000000000       0.118043844856661     
 -0.536000000000000       0.119782611671618     
 -0.532000000000000       0.121559856073130     
 -0.528000000000000       0.123376714936338     
 -0.524000000000000       0.125234367172852     
 -0.520000000000000       0.127134035597530     
 -0.516000000000000       0.129076988892003     
 -0.512000000000000       0.131064543670706     
 -0.508000000000000       0.133098066655512     
 -0.504000000000000       0.135178976965502     
 -0.500000000000000       0.137308748528835     
 -0.496000000000000       0.139488912624145     
 -0.492000000000000       0.141721060559434     
 -0.488000000000000       0.144006846496931     
 -0.484000000000000       0.146347990433023     
 -0.480000000000000       0.148746281342966     
 -0.476000000000000       0.151203580500786     
 -0.472000000000000       0.153721824985506     
 -0.468000000000000       0.156303031385649     
 -0.464000000000000       0.158949299714800     
 -0.460000000000000       0.161662817551963     
 -0.456000000000000       0.164445864421432     
 -0.452000000000000       0.167300816427984     
 -0.448000000000000       0.170230151164374     
 -0.444000000000000       0.173236452909382     
 -0.440000000000000       0.176322418136020     
 -0.436000000000000       0.179490861351002     
 -0.432000000000000       0.182744721288194     
 -0.428000000000000       0.186087067480487     
 -0.424000000000000       0.189521107236457     
 -0.420000000000000       0.193050193050193     
 -0.416000000000000       0.196677830474949     
 -0.412000000000000       0.200407686493667     
 -0.408000000000000       0.204243598422072     
 -0.404000000000000       0.208189583382902     
 -0.400000000000000       0.212249848392965     
 -0.396000000000000       0.216428801108115     
 -0.392000000000000       0.220731061274943     
 -0.388000000000000       0.225161472942024     
 -0.384000000000000       0.229725117487989     
 -0.380000000000000       0.234427327528466     
 -0.376000000000000       0.239273701769258     
 -0.372000000000000       0.244270120878814     
 -0.368000000000000       0.249422764459394     
 -0.364000000000000       0.254738129203179     
 -0.360000000000000       0.260223048327137     
 -0.356000000000000       0.265884712388708     
 -0.352000000000000       0.271730691593429     
 -0.348000000000000       0.277768959715565     
 -0.344000000000000       0.284007919763705     
 -0.340000000000000       0.290456431535270     
 -0.336000000000000       0.297123841217019     
 -0.332000000000000       0.304020013203155     
 -0.328000000000000       0.311155364318481     
 -0.324000000000000       0.318540900651644     
 -0.320000000000000       0.326188257222740     
 -0.316000000000000       0.334109740730841     
 -0.312000000000000       0.342318375650405     
 -0.308000000000000       0.350827953971372     
 -0.304000000000000       0.359653088906243     
 -0.300000000000000       0.368809272918862     
 -0.296000000000000       0.378312940464352     
 -0.292000000000000       0.388181535867974     
 -0.288000000000000       0.398433586812986     
 -0.284000000000000       0.409088783954369     
 -0.280000000000000       0.420168067226891     
 -0.276000000000000       0.431693719473087     
 -0.272000000000000       0.443689468079712     
 -0.268000000000000       0.456180595380845     
 -0.264000000000000       0.469194058662663     
 -0.260000000000000       0.482758620689655     
 -0.256000000000000       0.496904991765574     
 -0.252000000000000       0.511665984445354     
 -0.248000000000000       0.527076682127583     
 -0.244000000000000       0.543174622881619     
 -0.240000000000000       0.560000000000000     
 -0.236000000000000       0.577595880916232     
 -0.232000000000000       0.596008446291125     
 -0.228000000000000       0.615287251248154     
 -0.224000000000000       0.635485510930351     
 -0.220000000000000       0.656660412757974     
 -0.216000000000000       0.678873457987431     
 -0.212000000000000       0.702190835406468     
 -0.208000000000000       0.726683830246657     
 -0.204000000000000       0.752429271648465     
 -0.200000000000000       0.779510022271715     
 -0.196000000000000       0.808015513897867     
 -0.192000000000000       0.838042333109856     
 -0.188000000000000       0.869694861345791     
 -0.184000000000000       0.903085973784704     
 -0.180000000000000       0.938337801608578     
 -0.176000000000000       0.975582562158545     
 -0.172000000000000        1.01496346131539     
 -0.168000000000000        1.05663567202029     
 -0.164000000000000        1.10076739212479     
 -0.160000000000000        1.14754098360656     
 -0.156000000000000        1.19715419346012     
 -0.152000000000000        1.24982145407799     
 -0.148000000000000        1.30577525742426     
 -0.144000000000000        1.36526759244812     
 -0.140000000000000        1.42857142857143     
 -0.136000000000000        1.49598221918277     
 -0.132000000000000        1.56781938720659     
 -0.128000000000000        1.64442773914678     
 -0.124000000000000        1.72617873347800     
 -0.120000000000000        1.81347150259067     
 -0.116000000000000        1.90673349313576     
 -0.112000000000000        2.00642054574639     
 -0.108000000000000        2.11301617966675     
 -0.104000000000000        2.22702977856961     
 -0.100000000000000        2.34899328859060     
 -9.599999999999997E-002   2.47945593652593     
 -9.199999999999997E-002   2.61897635438491     
 -8.799999999999997E-002   2.76811135716545     
 -8.399999999999996E-002   2.92740046838408     
 -7.999999999999996E-002   3.09734513274336     
 -7.599999999999996E-002   3.27838141626077     
 -7.199999999999995E-002   3.47084490281634     
 -6.799999999999995E-002   3.67492650146997     
 -6.399999999999995E-002   3.89061805246776     
 -6.000000000000005E-002   4.11764705882352     
 -5.600000000000005E-002   4.35540069686411     
 -5.200000000000005E-002   4.60284061020515     
 -4.800000000000004E-002   4.85841199333703     
 -4.400000000000004E-002   5.11995318899941     
 -4.000000000000004E-002   5.38461538461538     
 -3.600000000000003E-002   5.64880568108457     
 -3.200000000000003E-002   5.90817015530047     
 -2.800000000000002E-002   6.15763546798029     
 -2.400000000000002E-002   6.39152666179693     
 -2.000000000000002E-002   6.60377358490566     
 -1.600000000000001E-002   6.78820791311094     
 -1.200000000000001E-002   6.93893735130848     
 -8.000000000000007E-003   7.05076551168412     
 -4.000000000000004E-003   7.11960943856794     
  0.000000000000000E+000   7.14285714285714     
  4.000000000000004E-003   7.11960943856794     
  8.000000000000007E-003   7.05076551168413     
  1.200000000000001E-002   6.93893735130849     
  1.600000000000001E-002   6.78820791311094     
  2.000000000000002E-002   6.60377358490566     
  2.400000000000002E-002   6.39152666179693     
  2.800000000000002E-002   6.15763546798030     
  3.200000000000003E-002   5.90817015530047     
  3.600000000000003E-002   5.64880568108457     
  4.000000000000004E-002   5.38461538461538     
  4.400000000000004E-002   5.11995318899941     
  4.800000000000004E-002   4.85841199333703     
  5.200000000000005E-002   4.60284061020515     
  5.600000000000005E-002   4.35540069686411     
  6.000000000000005E-002   4.11764705882353     
  6.400000000000006E-002   3.89061805246776     
  6.800000000000006E-002   3.67492650146997     
  7.200000000000006E-002   3.47084490281634     
  7.600000000000007E-002   3.27838141626077     
  8.000000000000007E-002   3.09734513274336     
  8.400000000000007E-002   2.92740046838407     
  8.800000000000008E-002   2.76811135716545     
  9.200000000000008E-002   2.61897635438491     
  9.600000000000009E-002   2.47945593652593     
  0.100000000000000        2.34899328859060     
  0.104000000000000        2.22702977856961     
  0.108000000000000        2.11301617966675     
  0.112000000000000        2.00642054574639     
  0.116000000000000        1.90673349313576     
  0.120000000000000        1.81347150259067     
  0.124000000000000        1.72617873347800     
  0.128000000000000        1.64442773914678     
  0.132000000000000        1.56781938720660     
  0.136000000000000        1.49598221918277     
  0.140000000000000        1.42857142857143     
  0.144000000000000        1.36526759244812     
  0.148000000000000        1.30577525742427     
  0.152000000000000        1.24982145407799     
  0.156000000000000        1.19715419346012     
  0.160000000000000        1.14754098360656     
  0.164000000000000        1.10076739212480     
  0.168000000000000        1.05663567202029     
  0.172000000000000        1.01496346131539     
  0.176000000000000       0.975582562158547     
  0.180000000000000       0.938337801608580     
  0.184000000000000       0.903085973784705     
  0.188000000000000       0.869694861345791     
  0.192000000000000       0.838042333109856     
  0.196000000000000       0.808015513897867     
  0.200000000000000       0.779510022271716     
  0.204000000000000       0.752429271648466     
  0.208000000000000       0.726683830246658     
  0.212000000000000       0.702190835406469     
  0.216000000000000       0.678873457987431     
  0.220000000000000       0.656660412757974     
  0.224000000000000       0.635485510930351     
  0.228000000000000       0.615287251248154     
  0.232000000000000       0.596008446291125     
  0.236000000000000       0.577595880916232     
  0.240000000000000       0.560000000000000     
  0.244000000000000       0.543174622881619     
  0.248000000000000       0.527076682127583     
  0.252000000000000       0.511665984445354     
  0.256000000000000       0.496904991765575     
  0.260000000000000       0.482758620689655     
  0.264000000000000       0.469194058662663     
  0.268000000000000       0.456180595380846     
  0.272000000000000       0.443689468079712     
  0.276000000000000       0.431693719473087     
  0.280000000000000       0.420168067226891     
  0.284000000000000       0.409088783954369     
  0.288000000000000       0.398433586812987     
  0.292000000000000       0.388181535867974     
  0.296000000000000       0.378312940464352     
  0.300000000000000       0.368809272918862     
  0.304000000000000       0.359653088906244     
  0.308000000000000       0.350827953971372     
  0.312000000000000       0.342318375650405     
  0.316000000000000       0.334109740730841     
  0.320000000000000       0.326188257222740     
  0.324000000000000       0.318540900651644     
  0.328000000000000       0.311155364318481     
  0.332000000000000       0.304020013203155     
  0.336000000000000       0.297123841217019     
  0.340000000000000       0.290456431535270     
  0.344000000000000       0.284007919763705     
  0.348000000000000       0.277768959715565     
  0.352000000000000       0.271730691593429     
  0.356000000000000       0.265884712388708     
  0.360000000000000       0.260223048327137     
  0.364000000000000       0.254738129203179     
  0.368000000000000       0.249422764459394     
  0.372000000000000       0.244270120878814     
  0.376000000000000       0.239273701769258     
  0.380000000000000       0.234427327528466     
  0.384000000000000       0.229725117487989     
  0.388000000000000       0.225161472942024     
  0.392000000000000       0.220731061274943     
  0.396000000000000       0.216428801108116     
  0.400000000000000       0.212249848392966     
  0.404000000000000       0.208189583382902     
  0.408000000000000       0.204243598422072     
  0.412000000000000       0.200407686493667     
  0.416000000000000       0.196677830474949     
  0.420000000000000       0.193050193050193     
  0.424000000000000       0.189521107236457     
  0.428000000000000       0.186087067480488     
  0.432000000000000       0.182744721288194     
  0.436000000000000       0.179490861351002     
  0.440000000000000       0.176322418136020     
  0.444000000000000       0.173236452909383     
  0.448000000000000       0.170230151164374     
  0.452000000000000       0.167300816427984     
  0.456000000000000       0.164445864421433     
  0.460000000000000       0.161662817551963     
  0.464000000000000       0.158949299714800     
  0.468000000000000       0.156303031385649     
  0.472000000000000       0.153721824985506     
  0.476000000000000       0.151203580500786     
  0.480000000000000       0.148746281342966     
  0.484000000000000       0.146347990433023     
  0.488000000000000       0.144006846496931     
  0.492000000000000       0.141721060559434     
  0.496000000000000       0.139488912624145     
  0.500000000000000       0.137308748528835     
  0.504000000000000       0.135178976965502     
  0.508000000000000       0.133098066655512     
  0.512000000000000       0.131064543670706     
  0.516000000000000       0.129076988892003     
  0.520000000000000       0.127134035597530     
  0.524000000000000       0.125234367172852     
  0.528000000000000       0.123376714936338     
  0.532000000000000       0.121559856073130     
  0.536000000000000       0.119782611671618     
  0.540000000000000       0.118043844856661     
  0.544000000000000       0.116342459014214     
  0.548000000000000       0.114677396102279     
  0.552000000000000       0.113047635043475     
  0.556000000000000       0.111452190194755     
  0.560000000000000       0.109890109890110     
  0.564000000000000       0.108360475052323     
  0.568000000000000       0.106862397870080     
  0.572000000000000       0.105395020536973     
  0.576000000000000       0.103957514049115     
  0.580000000000000       0.102549077058306     
  0.584000000000000       0.101168934777833     
  0.588000000000000       9.981633793819369E-002
  0.592000000000000       9.849056179016442E-002
  0.596000000000000       9.719090515278407E-002
  0.600000000000000       9.591668950397365E-002
  0.604000000000000       9.466725811163160E-002
  0.608000000000000       9.344197520316952E-002
  0.612000000000000       9.224022517156680E-002
  0.616000000000000       9.106141181612877E-002
  0.620000000000000       8.990495761623424E-002
  0.624000000000000       8.877030303645160E-002
  0.628000000000000       8.765690586149211E-002
  0.632000000000000       8.656424055955128E-002
  0.636000000000000       8.549179767266904E-002
  0.640000000000000       8.443908323281064E-002
  0.644000000000000       8.340561820244215E-002
  0.648000000000000       8.239093793843752E-002
  0.652000000000000       8.139459167821697E-002
  0.656000000000000       8.041614204707334E-002
  0.660000000000000       7.945516458569810E-002
  0.664000000000000       7.851124729696994E-002
  0.668000000000000       7.758399021111714E-002
  0.672000000000000       7.667300496841074E-002
  0.676000000000000       7.577791441858855E-002
  0.680000000000000       7.489835223625083E-002
  0.684000000000000       7.403396255150650E-002
  0.688000000000000       7.318439959518575E-002
  0.692000000000000       7.234932735796795E-002
  0.696000000000000       7.152841926280769E-002
  0.700000000000000       7.072135785007073E-002
  0.704000000000000       6.992783447482200E-002
  0.708000000000000       6.914754901573404E-002
  0.712000000000000       6.838020959511103E-002
  0.716000000000000       6.762553230954720E-002
  0.720000000000000       6.688324097076248E-002
  0.724000000000000       6.615306685617946E-002
  0.728000000000000       6.543474846882689E-002
  0.732000000000000       6.472803130617469E-002
  0.736000000000000       6.403266763752388E-002
  0.740000000000000       6.334841628959277E-002
  0.744000000000000       6.267504243995732E-002
  0.748000000000000       6.201231741801971E-002
  0.752000000000000       6.136001851319416E-002
  0.756000000000000       6.071792879001311E-002
  0.760000000000000       6.008583690987124E-002
  0.764000000000000       5.946353695913666E-002
  0.768000000000000       5.885082828337178E-002
  0.772000000000000       5.824751532741760E-002
  0.776000000000000       5.765340748110615E-002
  0.780000000000000       5.706831893037664E-002
  0.784000000000000       5.649206851358068E-002
  0.788000000000000       5.592447958277142E-002
  0.792000000000000       5.536537986978062E-002
  0.796000000000000       5.481460135689629E-002
  0.800000000000000       5.427198015196154E-002
  0.804000000000000       5.373735636772319E-002
  0.808000000000000       5.321057400526632E-002
  0.812000000000000       5.269148084137756E-002
  0.816000000000000       5.217992831968703E-002
  0.820000000000000       5.167577144544514E-002
  0.824000000000000       5.117886868379647E-002
  0.828000000000000       5.068908186141893E-002
  0.832000000000000       5.020627607140192E-002
  0.836000000000000       4.973031958124228E-002
  0.840000000000000       4.926108374384235E-002
  0.844000000000000       4.879844291139875E-002
  0.848000000000000       4.834227435207539E-002
  0.852000000000000       4.789245816935866E-002
  0.856000000000000       4.744887722399665E-002
  0.860000000000000       4.701141705842846E-002
  0.864000000000000       4.657996582361364E-002
  0.868000000000000       4.615441420817486E-002
  0.872000000000000       4.573465536977121E-002
  0.876000000000000       4.532058486862211E-002
  0.880000000000000       4.491210060310536E-002
  0.884000000000000       4.450910274735616E-002
  0.888000000000000       4.411149369079608E-002
  0.892000000000000       4.371917797952444E-002
  0.896000000000000       4.333206225950706E-002
  0.900000000000000       4.295005522149958E-002
  0.904000000000000       4.257306754764535E-002
  0.908000000000000       4.220101185969008E-002
  0.912000000000000       4.183380266875757E-002
  0.916000000000000       4.147135632663315E-002
  0.920000000000000       4.111359097850347E-002
  0.924000000000000       4.076042651710308E-002
  0.928000000000000       4.041178453822031E-002
  0.932000000000000       4.006758829751673E-002
  0.936000000000000       3.972776266861597E-002
  0.940000000000000       3.939223410241981E-002
  0.944000000000000       3.906093058761032E-002
  0.948000000000000       3.873378161229919E-002
  0.952000000000000       3.841071812678610E-002
  0.956000000000000       3.809167250738978E-002
  0.960000000000000       3.777657852131678E-002
  0.964000000000000       3.746537129253390E-002
  0.968000000000000       3.715798726861191E-002
  0.972000000000000       3.685436418850902E-002
  0.976000000000000       3.655444105126394E-002
  0.980000000000000       3.625815808556925E-002
  0.984000000000000       3.596545672019696E-002
  0.988000000000000       3.567627955524930E-002
  0.992000000000000       3.539057033420832E-002
  0.996000000000000       3.510827391675928E-002
