  -1.00000000000000       3.974562798092211E-002
 -0.996000000000000       4.006346052146601E-002
 -0.992000000000000       4.038511243215302E-002
 -0.988000000000000       4.071064501945969E-002
 -0.984000000000000       4.104012082211571E-002
 -0.980000000000000       4.137360364087713E-002
 -0.976000000000000       4.171115856914043E-002
 -0.972000000000000       4.205285202442430E-002
 -0.968000000000000       4.239875178074758E-002
 -0.964000000000000       4.274892700193226E-002
 -0.960000000000000       4.310344827586208E-002
 -0.956000000000000       4.346238764972794E-002
 -0.952000000000000       4.382581866629270E-002
 -0.948000000000000       4.419381640120915E-002
 -0.944000000000000       4.456645750142614E-002
 -0.940000000000000       4.494382022471911E-002
 -0.936000000000000       4.532598448038293E-002
 -0.932000000000000       4.571303187112583E-002
 -0.928000000000000       4.610504573620537E-002
 -0.924000000000000       4.650211119584829E-002
 -0.920000000000000       4.690431519699813E-002
 -0.916000000000000       4.731174656043603E-002
 -0.912000000000000       4.772449602932193E-002
 -0.908000000000000       4.814265631920507E-002
 -0.904000000000000       4.856632216955475E-002
 -0.900000000000000       4.899559039686429E-002
 -0.896000000000000       4.943055994938311E-002
 -0.892000000000000       4.987133196353409E-002
 -0.888000000000000       5.031800982207552E-002
 -0.884000000000000       5.077069921406958E-002
 -0.880000000000000       5.122950819672132E-002
 -0.876000000000000       5.169454725915511E-002
 -0.872000000000000       5.216592938819799E-002
 -0.868000000000000       5.264377013624209E-002
 -0.864000000000000       5.312818769126149E-002
 -0.860000000000000       5.361930294906167E-002
 -0.856000000000000       5.411723958784311E-002
 -0.852000000000000       5.462212414516377E-002
 -0.848000000000000       5.513408609738886E-002
 -0.844000000000000       5.565325794171992E-002
 -0.840000000000000       5.617977528089889E-002
 -0.836000000000000       5.671377691068716E-002
 -0.832000000000000       5.725540491022354E-002
 -0.828000000000000       5.780480473536960E-002
 -0.824000000000000       5.836212531515548E-002
 -0.820000000000000       5.892751915144372E-002
 -0.816000000000000       5.950114242193450E-002
 -0.812000000000000       6.008315508663991E-002
 -0.808000000000000       6.067372099796137E-002
 -0.804000000000000       6.127300801450945E-002
 -0.800000000000000       6.188118811881188E-002
 -0.796000000000000       6.249843753906153E-002
 -0.792000000000000       6.312493687506313E-002
 -0.788000000000000       6.376087122854446E-002
 -0.784000000000000       6.440643033800494E-002
 -0.780000000000000       6.506180871828236E-002
 -0.776000000000000       6.572720580502682E-002
 -0.772000000000000       6.640282610427900E-002
 -0.768000000000000       6.708887934735938E-002
 -0.764000000000000       6.778558065128386E-002
 -0.760000000000000       6.849315068493150E-002
 -0.756000000000000       6.921181584120041E-002
 -0.752000000000000       6.994180841539839E-002
 -0.748000000000000       7.068336679012695E-002
 -0.744000000000000       7.143673562692879E-002
 -0.740000000000000       7.220216606498195E-002
 -0.736000000000000       7.297991592713686E-002
 -0.732000000000000       7.377024993360679E-002
 -0.728000000000000       7.457343992363680E-002
 -0.724000000000000       7.538976508549200E-002
 -0.720000000000000       7.621951219512196E-002
 -0.716000000000000       7.706297586387596E-002
 -0.712000000000000       7.792045879566140E-002
 -0.708000000000000       7.879227205395696E-002
 -0.704000000000000       7.967873533911271E-002
 -0.700000000000000       8.058017727639002E-002
 -0.696000000000000       8.149693571521713E-002
 -0.692000000000000       8.242935804015961E-002
 -0.688000000000000       8.337780149413024E-002
 -0.684000000000000       8.434263351438888E-002
 -0.680000000000000       8.532423208191130E-002
 -0.676000000000000       8.632298608473468E-002
 -0.672000000000000       8.733929569591954E-002
 -0.668000000000000       8.837357276679986E-002
 -0.664000000000000       8.942624123622840E-002
 -0.660000000000000       9.049773755656113E-002
 -0.656000000000000       9.158851113716296E-002
 -0.652000000000000       9.269902480625905E-002
 -0.648000000000000       9.382975529199820E-002
 -0.644000000000000       9.498119372364273E-002
 -0.640000000000000       9.615384615384616E-002
 -0.636000000000000       9.734823410303338E-002
 -0.632000000000000       9.856489512695160E-002
 -0.628000000000000       9.980438340851931E-002
 -0.624000000000000       0.101067270375162     
 -0.620000000000000       0.102354145342886     
 -0.616000000000000       0.103665616188423     
 -0.612000000000000       0.105002310050821     
 -0.608000000000000       0.106364874063989     
 -0.604000000000000       0.107753976121719     
 -0.600000000000000       0.109170305676856     
 -0.596000000000000       0.110614574576346     
 -0.592000000000000       0.112087517934003     
 -0.588000000000000       0.113589895042937     
 -0.584000000000000       0.115122490329711     
 -0.580000000000000       0.116686114352392     
 -0.576000000000000       0.118281604844815     
 -0.572000000000000       0.119909827809487     
 -0.568000000000000       0.121571678661739     
 -0.564000000000000       0.123268083427839     
 -0.560000000000000       0.125000000000000     
 -0.556000000000000       0.126768419451346     
 -0.552000000000000       0.128574367414112     
 -0.548000000000000       0.130418905524545     
 -0.544000000000000       0.132303132938188     
 -0.540000000000000       0.134228187919463     
 -0.536000000000000       0.136195249509697     
 -0.532000000000000       0.138205539278014     
 -0.528000000000000       0.140260323159785     
 -0.524000000000000       0.142360913387620     
 -0.520000000000000       0.144508670520231     
 -0.516000000000000       0.146705005574790     
 -0.512000000000000       0.148951382268827     
 -0.508000000000000       0.151249319378063     
 -0.504000000000000       0.153600393217007     
 -0.500000000000000       0.156006240249610     
 -0.496000000000000       0.158468559837728     
 -0.492000000000000       0.160989117135682     
 -0.488000000000000       0.163569746139754     
 -0.484000000000000       0.166212352902068     
 -0.480000000000000       0.168918918918919     
 -0.476000000000000       0.171691504704347     
 -0.472000000000000       0.174532253560458     
 -0.468000000000000       0.177443395556817     
 -0.464000000000000       0.180427251732102     
 -0.460000000000000       0.183486238532110     
 -0.456000000000000       0.186622872499253     
 -0.452000000000000       0.189839775229706     
 -0.448000000000000       0.193139678615575     
 -0.444000000000000       0.196525430390693     
 -0.440000000000000       0.200000000000000     
 -0.436000000000000       0.203566484813940     
 -0.432000000000000       0.207228116710875     
 -0.428000000000000       0.210988269052241     
 -0.424000000000000       0.214850464077002     
 -0.420000000000000       0.218818380743982     
 -0.416000000000000       0.222895863052782     
 -0.412000000000000       0.227086928876374     
 -0.408000000000000       0.231395779340985     
 -0.404000000000000       0.235826808791623     
 -0.400000000000000       0.240384615384615     
 -0.396000000000000       0.245074012351730     
 -0.392000000000000       0.249900039984006     
 -0.388000000000000       0.254867978387195     
 -0.384000000000000       0.259983361064892     
 -0.380000000000000       0.265251989389920     
 -0.376000000000000       0.270679948029450     
 -0.372000000000000       0.276273621394629     
 -0.368000000000000       0.282039711191336     
 -0.364000000000000       0.287985255154936     
 -0.360000000000000       0.294117647058823     
 -0.356000000000000       0.300444658093979     
 -0.352000000000000       0.306974459724951     
 -0.348000000000000       0.313715648136529     
 -0.344000000000000       0.320677270395074     
 -0.340000000000000       0.327868852459016     
 -0.336000000000000       0.335300429184549     
 -0.332000000000000       0.342982576485115     
 -0.328000000000000       0.350926445816957     
 -0.324000000000000       0.359143801177992     
 -0.320000000000000       0.367647058823529     
 -0.316000000000000       0.376449329920193     
 -0.312000000000000       0.385564466378778     
 -0.308000000000000       0.395007110127982     
 -0.304000000000000       0.404792746113989     
 -0.300000000000000       0.414937759336099     
 -0.296000000000000       0.425459496255956     
 -0.292000000000000       0.436376330947809     
 -0.288000000000000       0.447707736389685     
 -0.284000000000000       0.459474361330638     
 -0.280000000000000       0.471698113207547     
 -0.276000000000000       0.484402247626429     
 -0.272000000000000       0.497611464968153     
 -0.268000000000000       0.511352014726938     
 -0.264000000000000       0.525651808242220     
 -0.260000000000000       0.540540540540540     
 -0.256000000000000       0.556049822064057     
 -0.252000000000000       0.572213321126116     
 -0.248000000000000       0.589066918001885     
 -0.244000000000000       0.606648871633099     
 -0.240000000000000       0.625000000000000     
 -0.236000000000000       0.644163875289874     
 -0.232000000000000       0.664187035069075     
 -0.228000000000000       0.685119210742669     
 -0.224000000000000       0.707013574660633     
 -0.220000000000000       0.729927007299270     
 -0.216000000000000       0.753920386007238     
 -0.212000000000000       0.779058896852602     
 -0.208000000000000       0.805412371134021     
 -0.204000000000000       0.833055648117294     
 -0.200000000000000       0.862068965517242     
 -0.196000000000000       0.892538379150304     
 -0.192000000000000       0.924556213017752     
 -0.188000000000000       0.958221540820238     
 -0.184000000000000       0.993640699523052     
 -0.180000000000000        1.03092783505155     
 -0.176000000000000        1.07020547945205     
 -0.172000000000000        1.11160515784793     
 -0.168000000000000        1.15526802218115     
 -0.164000000000000        1.20134550696780     
 -0.160000000000000        1.25000000000000     
 -0.156000000000000        1.30140551795940     
 -0.152000000000000        1.35574837310195     
 -0.148000000000000        1.41322781232335     
 -0.144000000000000        1.47405660377358     
 -0.140000000000000        1.53846153846154     
 -0.136000000000000        1.60668380462725     
 -0.132000000000000        1.67897918065816     
 -0.128000000000000        1.75561797752809     
 -0.124000000000000        1.83688464364438     
 -0.120000000000000        1.92307692307692     
 -0.116000000000000        2.01450443190975     
 -0.112000000000000        2.11148648648649     
 -0.108000000000000        2.21434898139947     
 -0.104000000000000        2.32342007434944     
 -0.100000000000000        2.43902439024390     
 -9.599999999999997E-002   2.56147540983607     
 -9.199999999999997E-002   2.69106566200215     
 -8.799999999999997E-002   2.82805429864253     
 -8.399999999999996E-002   2.97265160523187     
 -7.999999999999996E-002   3.12500000000000     
 -7.599999999999996E-002   3.28515111695138     
 -7.199999999999995E-002   3.45303867403315     
 -6.799999999999995E-002   3.62844702467344     
 -6.399999999999995E-002   3.81097560975610     
 -6.000000000000005E-002   4.00000000000000     
 -5.600000000000005E-002   4.19463087248322     
 -5.200000000000005E-002   4.39367311072056     
 -4.800000000000004E-002   4.59558823529411     
 -4.400000000000004E-002   4.79846449136276     
 -4.000000000000004E-002   5.00000000000000     
 -3.600000000000003E-002   5.19750519750519     
 -3.200000000000003E-002   5.38793103448276     
 -2.800000000000002E-002   5.56792873051225     
 -2.400000000000002E-002   5.73394495412844     
 -2.000000000000002E-002   5.88235294117647     
 -1.600000000000001E-002   6.00961538461538     
 -1.200000000000001E-002   6.11246943765281     
 -8.000000000000007E-003   6.18811881188119     
 -4.000000000000004E-003   6.23441396508728     
  0.000000000000000E+000   6.25000000000000     
  4.000000000000004E-003   6.23441396508728     
  8.000000000000007E-003   6.18811881188119     
  1.200000000000001E-002   6.11246943765281     
  1.600000000000001E-002   6.00961538461539     
  2.000000000000002E-002   5.88235294117647     
  2.400000000000002E-002   5.73394495412844     
  2.800000000000002E-002   5.56792873051225     
  3.200000000000003E-002   5.38793103448276     
  3.600000000000003E-002   5.19750519750520     
  4.000000000000004E-002   5.00000000000000     
  4.400000000000004E-002   4.79846449136276     
  4.800000000000004E-002   4.59558823529412     
  5.200000000000005E-002   4.39367311072056     
  5.600000000000005E-002   4.19463087248322     
  6.000000000000005E-002   4.00000000000000     
  6.400000000000006E-002   3.81097560975610     
  6.800000000000006E-002   3.62844702467344     
  7.200000000000006E-002   3.45303867403315     
  7.600000000000007E-002   3.28515111695138     
  8.000000000000007E-002   3.12500000000000     
  8.400000000000007E-002   2.97265160523187     
  8.800000000000008E-002   2.82805429864253     
  9.200000000000008E-002   2.69106566200215     
  9.600000000000009E-002   2.56147540983606     
  0.100000000000000        2.43902439024390     
  0.104000000000000        2.32342007434944     
  0.108000000000000        2.21434898139947     
  0.112000000000000        2.11148648648648     
  0.116000000000000        2.01450443190975     
  0.120000000000000        1.92307692307692     
  0.124000000000000        1.83688464364438     
  0.128000000000000        1.75561797752809     
  0.132000000000000        1.67897918065816     
  0.136000000000000        1.60668380462725     
  0.140000000000000        1.53846153846154     
  0.144000000000000        1.47405660377359     
  0.148000000000000        1.41322781232335     
  0.152000000000000        1.35574837310195     
  0.156000000000000        1.30140551795940     
  0.160000000000000        1.25000000000000     
  0.164000000000000        1.20134550696781     
  0.168000000000000        1.15526802218115     
  0.172000000000000        1.11160515784793     
  0.176000000000000        1.07020547945206     
  0.180000000000000        1.03092783505155     
  0.184000000000000       0.993640699523053     
  0.188000000000000       0.958221540820238     
  0.192000000000000       0.924556213017752     
  0.196000000000000       0.892538379150304     
  0.200000000000000       0.862068965517242     
  0.204000000000000       0.833055648117295     
  0.208000000000000       0.805412371134021     
  0.212000000000000       0.779058896852602     
  0.216000000000000       0.753920386007238     
  0.220000000000000       0.729927007299270     
  0.224000000000000       0.707013574660634     
  0.228000000000000       0.685119210742669     
  0.232000000000000       0.664187035069076     
  0.236000000000000       0.644163875289874     
  0.240000000000000       0.625000000000000     
  0.244000000000000       0.606648871633099     
  0.248000000000000       0.589066918001885     
  0.252000000000000       0.572213321126116     
  0.256000000000000       0.556049822064057     
  0.260000000000000       0.540540540540541     
  0.264000000000000       0.525651808242220     
  0.268000000000000       0.511352014726938     
  0.272000000000000       0.497611464968153     
  0.276000000000000       0.484402247626429     
  0.280000000000000       0.471698113207547     
  0.284000000000000       0.459474361330638     
  0.288000000000000       0.447707736389685     
  0.292000000000000       0.436376330947809     
  0.296000000000000       0.425459496255956     
  0.300000000000000       0.414937759336100     
  0.304000000000000       0.404792746113990     
  0.308000000000000       0.395007110127982     
  0.312000000000000       0.385564466378779     
  0.316000000000000       0.376449329920193     
  0.320000000000000       0.367647058823529     
  0.324000000000000       0.359143801177992     
  0.328000000000000       0.350926445816957     
  0.332000000000000       0.342982576485115     
  0.336000000000000       0.335300429184549     
  0.340000000000000       0.327868852459016     
  0.344000000000000       0.320677270395074     
  0.348000000000000       0.313715648136529     
  0.352000000000000       0.306974459724951     
  0.356000000000000       0.300444658093979     
  0.360000000000000       0.294117647058823     
  0.364000000000000       0.287985255154936     
  0.368000000000000       0.282039711191336     
  0.372000000000000       0.276273621394629     
  0.376000000000000       0.270679948029450     
  0.380000000000000       0.265251989389921     
  0.384000000000000       0.259983361064892     
  0.388000000000000       0.254867978387196     
  0.392000000000000       0.249900039984007     
  0.396000000000000       0.245074012351730     
  0.400000000000000       0.240384615384616     
  0.404000000000000       0.235826808791624     
  0.408000000000000       0.231395779340985     
  0.412000000000000       0.227086928876374     
  0.416000000000000       0.222895863052782     
  0.420000000000000       0.218818380743983     
  0.424000000000000       0.214850464077003     
  0.428000000000000       0.210988269052241     
  0.432000000000000       0.207228116710875     
  0.436000000000000       0.203566484813940     
  0.440000000000000       0.200000000000000     
  0.444000000000000       0.196525430390693     
  0.448000000000000       0.193139678615575     
  0.452000000000000       0.189839775229706     
  0.456000000000000       0.186622872499254     
  0.460000000000000       0.183486238532110     
  0.464000000000000       0.180427251732102     
  0.468000000000000       0.177443395556817     
  0.472000000000000       0.174532253560458     
  0.476000000000000       0.171691504704347     
  0.480000000000000       0.168918918918919     
  0.484000000000000       0.166212352902068     
  0.488000000000000       0.163569746139754     
  0.492000000000000       0.160989117135682     
  0.496000000000000       0.158468559837728     
  0.500000000000000       0.156006240249610     
  0.504000000000000       0.153600393217007     
  0.508000000000000       0.151249319378063     
  0.512000000000000       0.148951382268827     
  0.516000000000000       0.146705005574790     
  0.520000000000000       0.144508670520231     
  0.524000000000000       0.142360913387620     
  0.528000000000000       0.140260323159785     
  0.532000000000000       0.138205539278014     
  0.536000000000000       0.136195249509697     
  0.540000000000000       0.134228187919463     
  0.544000000000000       0.132303132938188     
  0.548000000000000       0.130418905524545     
  0.552000000000000       0.128574367414112     
  0.556000000000000       0.126768419451346     
  0.560000000000000       0.125000000000000     
  0.564000000000000       0.123268083427839     
  0.568000000000000       0.121571678661739     
  0.572000000000000       0.119909827809487     
  0.576000000000000       0.118281604844814     
  0.580000000000000       0.116686114352392     
  0.584000000000000       0.115122490329711     
  0.588000000000000       0.113589895042937     
  0.592000000000000       0.112087517934003     
  0.596000000000000       0.110614574576346     
  0.600000000000000       0.109170305676856     
  0.604000000000000       0.107753976121719     
  0.608000000000000       0.106364874063989     
  0.612000000000000       0.105002310050821     
  0.616000000000000       0.103665616188423     
  0.620000000000000       0.102354145342886     
  0.624000000000000       0.101067270375162     
  0.628000000000000       9.980438340851933E-002
  0.632000000000000       9.856489512695160E-002
  0.636000000000000       9.734823410303339E-002
  0.640000000000000       9.615384615384617E-002
  0.644000000000000       9.498119372364273E-002
  0.648000000000000       9.382975529199822E-002
  0.652000000000000       9.269902480625905E-002
  0.656000000000000       9.158851113716296E-002
  0.660000000000000       9.049773755656110E-002
  0.664000000000000       8.942624123622837E-002
  0.668000000000000       8.837357276679983E-002
  0.672000000000000       8.733929569591951E-002
  0.676000000000000       8.632298608473465E-002
  0.680000000000000       8.532423208191127E-002
  0.684000000000000       8.434263351438885E-002
  0.688000000000000       8.337780149413021E-002
  0.692000000000000       8.242935804015958E-002
  0.696000000000000       8.149693571521710E-002
  0.700000000000000       8.058017727639002E-002
  0.704000000000000       7.967873533911271E-002
  0.708000000000000       7.879227205395696E-002
  0.712000000000000       7.792045879566140E-002
  0.716000000000000       7.706297586387596E-002
  0.720000000000000       7.621951219512196E-002
  0.724000000000000       7.538976508549200E-002
  0.728000000000000       7.457343992363680E-002
  0.732000000000000       7.377024993360679E-002
  0.736000000000000       7.297991592713686E-002
  0.740000000000000       7.220216606498195E-002
  0.744000000000000       7.143673562692879E-002
  0.748000000000000       7.068336679012695E-002
  0.752000000000000       6.994180841539839E-002
  0.756000000000000       6.921181584120041E-002
  0.760000000000000       6.849315068493150E-002
  0.764000000000000       6.778558065128386E-002
  0.768000000000000       6.708887934735938E-002
  0.772000000000000       6.640282610427900E-002
  0.776000000000000       6.572720580502682E-002
  0.780000000000000       6.506180871828236E-002
  0.784000000000000       6.440643033800494E-002
  0.788000000000000       6.376087122854446E-002
  0.792000000000000       6.312493687506313E-002
  0.796000000000000       6.249843753906151E-002
  0.800000000000000       6.188118811881187E-002
  0.804000000000000       6.127300801450943E-002
  0.808000000000000       6.067372099796135E-002
  0.812000000000000       6.008315508663990E-002
  0.816000000000000       5.950114242193449E-002
  0.820000000000000       5.892751915144371E-002
  0.824000000000000       5.836212531515547E-002
  0.828000000000000       5.780480473536959E-002
  0.832000000000000       5.725540491022351E-002
  0.836000000000000       5.671377691068713E-002
  0.840000000000000       5.617977528089886E-002
  0.844000000000000       5.565325794171989E-002
  0.848000000000000       5.513408609738883E-002
  0.852000000000000       5.462212414516374E-002
  0.856000000000000       5.411723958784308E-002
  0.860000000000000       5.361930294906164E-002
  0.864000000000000       5.312818769126146E-002
  0.868000000000000       5.264377013624206E-002
  0.872000000000000       5.216592938819796E-002
  0.876000000000000       5.169454725915511E-002
  0.880000000000000       5.122950819672132E-002
  0.884000000000000       5.077069921406958E-002
  0.888000000000000       5.031800982207552E-002
  0.892000000000000       4.987133196353408E-002
  0.896000000000000       4.943055994938311E-002
  0.900000000000000       4.899559039686428E-002
  0.904000000000000       4.856632216955475E-002
  0.908000000000000       4.814265631920507E-002
  0.912000000000000       4.772449602932193E-002
  0.916000000000000       4.731174656043603E-002
  0.920000000000000       4.690431519699813E-002
  0.924000000000000       4.650211119584829E-002
  0.928000000000000       4.610504573620537E-002
  0.932000000000000       4.571303187112582E-002
  0.936000000000000       4.532598448038291E-002
  0.940000000000000       4.494382022471910E-002
  0.944000000000000       4.456645750142613E-002
  0.948000000000000       4.419381640120914E-002
  0.952000000000000       4.382581866629268E-002
  0.956000000000000       4.346238764972792E-002
  0.960000000000000       4.310344827586206E-002
  0.964000000000000       4.274892700193225E-002
  0.968000000000000       4.239875178074757E-002
  0.972000000000000       4.205285202442429E-002
  0.976000000000000       4.171115856914041E-002
  0.980000000000000       4.137360364087712E-002
  0.984000000000000       4.104012082211569E-002
  0.988000000000000       4.071064501945968E-002
  0.992000000000000       4.038511243215301E-002
  0.996000000000000       4.006346052146600E-002
