  -1.00000000000000       4.219514011268585E-002
 -0.996000000000000       4.253228200203956E-002
 -0.992000000000000       4.287347080417518E-002
 -0.988000000000000       4.321877138693615E-002
 -0.984000000000000       4.356824991978318E-002
 -0.980000000000000       4.392197390518022E-002
 -0.976000000000000       4.428001221086456E-002
 -0.972000000000000       4.464243510302950E-002
 -0.968000000000000       4.500931428044935E-002
 -0.964000000000000       4.538072290957705E-002
 -0.960000000000000       4.575673566064653E-002
 -0.956000000000000       4.613742874481227E-002
 -0.952000000000000       4.652287995236058E-002
 -0.948000000000000       4.691316869202776E-002
 -0.944000000000000       4.730837603146176E-002
 -0.940000000000000       4.770858473886568E-002
 -0.936000000000000       4.811387932586230E-002
 -0.932000000000000       4.852434609162083E-002
 -0.928000000000000       4.894007316828822E-002
 -0.924000000000000       4.936115056776938E-002
 -0.920000000000000       4.978767022990190E-002
 -0.916000000000000       5.021972607207299E-002
 -0.912000000000000       5.065741404032808E-002
 -0.908000000000000       5.110083216202211E-002
 -0.904000000000000       5.155008060006720E-002
 -0.900000000000000       5.200526170883173E-002
 -0.896000000000000       5.246648009174845E-002
 -0.892000000000000       5.293384266069159E-002
 -0.888000000000000       5.340745869718475E-002
 -0.884000000000000       5.388743991550450E-002
 -0.880000000000000       5.437390052774669E-002
 -0.876000000000000       5.486695731092525E-002
 -0.872000000000000       5.536672967617629E-002
 -0.868000000000000       5.587333974014297E-002
 -0.864000000000000       5.638691239861966E-002
 -0.860000000000000       5.690757540253742E-002
 -0.856000000000000       5.743545943637571E-002
 -0.852000000000000       5.797069819908912E-002
 -0.848000000000000       5.851342848764129E-002
 -0.844000000000000       5.906379028324216E-002
 -0.840000000000000       5.962192684038861E-002
 -0.836000000000000       6.018798477881272E-002
 -0.832000000000000       6.076211417844619E-002
 -0.828000000000000       6.134446867751429E-002
 -0.824000000000000       6.193520557387704E-002
 -0.820000000000000       6.253448592974066E-002
 -0.816000000000000       6.314247467986765E-002
 -0.812000000000000       6.375934074341891E-002
 -0.808000000000000       6.438525713956754E-002
 -0.804000000000000       6.502040110702970E-002
 -0.800000000000000       6.566495422766426E-002
 -0.796000000000000       6.631910255429974E-002
 -0.792000000000000       6.698303674295378E-002
 -0.788000000000000       6.765695218961776E-002
 -0.784000000000000       6.834104917178689E-002
 -0.780000000000000       6.903553299492386E-002
 -0.776000000000000       6.974061414405293E-002
 -0.772000000000000       7.045650844068971E-002
 -0.768000000000000       7.118343720532151E-002
 -0.764000000000000       7.192162742566266E-002
 -0.760000000000000       7.267131193091951E-002
 -0.756000000000000       7.343272957231051E-002
 -0.752000000000000       7.420612541009798E-002
 -0.748000000000000       7.499175090740019E-002
 -0.744000000000000       7.578986413106475E-002
 -0.740000000000000       7.660072995989728E-002
 -0.736000000000000       7.742462030055329E-002
 -0.732000000000000       7.826181431141575E-002
 -0.728000000000000       7.911259863479579E-002
 -0.724000000000000       7.997726763781027E-002
 -0.720000000000000       8.085612366230681E-002
 -0.716000000000000       8.174947728422469E-002
 -0.712000000000000       8.265764758279869E-002
 -0.708000000000000       8.358096242003271E-002
 -0.704000000000000       8.451975873089111E-002
 -0.700000000000000       8.547438282467698E-002
 -0.696000000000000       8.644519069809072E-002
 -0.692000000000000       8.743254836048546E-002
 -0.688000000000000       8.843683217186298E-002
 -0.684000000000000       8.945842919417955E-002
 -0.680000000000000       9.049773755656113E-002
 -0.676000000000000       9.155516683505641E-002
 -0.672000000000000       9.263113844758934E-002
 -0.668000000000000       9.372608606480556E-002
 -0.664000000000000       9.484045603754347E-002
 -0.660000000000000       9.597470784169823E-002
 -0.656000000000000       9.712931454128683E-002
 -0.652000000000000       9.830476327056480E-002
 -0.648000000000000       9.950155573608911E-002
 -0.644000000000000       0.100720208739670     
 -0.640000000000000       0.101961254723205     
 -0.636000000000000       0.103225242336437     
 -0.632000000000000       0.104512737028740     
 -0.628000000000000       0.105824321666098     
 -0.624000000000000       0.107160597174490     
 -0.620000000000000       0.108522183210980     
 -0.616000000000000       0.109909718863870     
 -0.612000000000000       0.111323863383355     
 -0.608000000000000       0.112765296944193     
 -0.604000000000000       0.114234721441992     
 -0.600000000000000       0.115732861324801     
 -0.596000000000000       0.117260464461802     
 -0.592000000000000       0.118818303050974     
 -0.588000000000000       0.120407174567738     
 -0.584000000000000       0.122027902756682     
 -0.580000000000000       0.123681338668607     
 -0.576000000000000       0.125368361745246     
 -0.572000000000000       0.127089880954161     
 -0.568000000000000       0.128846835976462     
 -0.564000000000000       0.130640198450146     
 -0.560000000000000       0.132470973272033     
 -0.556000000000000       0.134340199961436     
 -0.552000000000000       0.136248954088911     
 -0.548000000000000       0.138198348773612     
 -0.544000000000000       0.140189536253014     
 -0.540000000000000       0.142223709528989     
 -0.536000000000000       0.144302104094445     
 -0.532000000000000       0.146425999745046     
 -0.528000000000000       0.148596722480761     
 -0.524000000000000       0.150815646502319     
 -0.520000000000000       0.153084196307969     
 -0.516000000000000       0.155403848896267     
 -0.512000000000000       0.157776136080989     
 -0.508000000000000       0.160202646924675     
 -0.504000000000000       0.162685030297694     
 -0.500000000000000       0.165224997570221     
 -0.496000000000000       0.167824325444932     
 -0.492000000000000       0.170484858938822     
 -0.488000000000000       0.173208514523024     
 -0.484000000000000       0.175997283430166     
 -0.480000000000000       0.178853235139400     
 -0.476000000000000       0.181778521049953     
 -0.472000000000000       0.184775378354760     
 -0.468000000000000       0.187846134126560     
 -0.464000000000000       0.190993209629653     
 -0.460000000000000       0.194219124871473     
 -0.456000000000000       0.197526503409075     
 -0.452000000000000       0.200918077426736     
 -0.448000000000000       0.204396693101972     
 -0.444000000000000       0.207965316278546     
 -0.440000000000000       0.211627038466326     
 -0.436000000000000       0.215385083189321     
 -0.432000000000000       0.219242812704734     
 -0.428000000000000       0.223203735117563     
 -0.424000000000000       0.227271511917048     
 -0.420000000000000       0.231449965963240     
 -0.416000000000000       0.235743089954016     
 -0.412000000000000       0.240155055405184     
 -0.408000000000000       0.244690222178722     
 -0.404000000000000       0.249353148596875     
 -0.400000000000000       0.254148602182688     
 -0.396000000000000       0.259081571070647     
 -0.392000000000000       0.264157276134478     
 -0.388000000000000       0.269381183882765     
 -0.384000000000000       0.274759020177009     
 -0.380000000000000       0.280296784830997     
 -0.376000000000000       0.286000767154999     
 -0.372000000000000       0.291877562513306     
 -0.368000000000000       0.297934089969085     
 -0.364000000000000       0.304177611096399     
 -0.360000000000000       0.310615750045679     
 -0.356000000000000       0.317256514955845     
 -0.352000000000000       0.324108320813855     
 -0.348000000000000       0.331180013870598     
 -0.344000000000000       0.338480897730983     
 -0.340000000000000       0.346020761245675     
 -0.336000000000000       0.353809908342421     
 -0.332000000000000       0.361859189946275     
 -0.328000000000000       0.370180038150319     
 -0.324000000000000       0.378784502811918     
 -0.320000000000000       0.387685290763968     
 -0.316000000000000       0.396895807846397     
 -0.312000000000000       0.406430203980147     
 -0.308000000000000       0.416303421524356     
 -0.304000000000000       0.426531247177367     
 -0.300000000000000       0.437130367703780     
 -0.296000000000000       0.448118429793022     
 -0.292000000000000       0.459514104379980     
 -0.288000000000000       0.471337155785247     
 -0.284000000000000       0.483608516061492     
 -0.280000000000000       0.496350364963503     
 -0.276000000000000       0.509586215992614     
 -0.272000000000000       0.523341009001465     
 -0.268000000000000       0.537641209882478     
 -0.264000000000000       0.552514917902783     
 -0.260000000000000       0.567991981289676     
 -0.256000000000000       0.584104121713555     
 -0.252000000000000       0.600885068359513     
 -0.248000000000000       0.618370702323619     
 -0.244000000000000       0.636599212114857     
 -0.240000000000000       0.655611261087543     
 -0.236000000000000       0.675450167670571     
 -0.232000000000000       0.696162099297286     
 -0.228000000000000       0.717796280970798     
 -0.224000000000000       0.740405219421264     
 -0.220000000000000       0.764044943820225     
 -0.216000000000000       0.788775264007721     
 -0.212000000000000       0.814660047154440     
 -0.208000000000000       0.841767513715859     
 -0.204000000000000       0.870170553428472     
 -0.200000000000000       0.899947061937533     
 -0.196000000000000       0.931180298415898     
 -0.192000000000000       0.963959264215564     
 -0.188000000000000       0.998379102163547     
 -0.184000000000000        1.03454151554246     
 -0.180000000000000        1.07255520504732     
 -0.176000000000000        1.11253632103872     
 -0.172000000000000        1.15460892716455     
 -0.168000000000000        1.19890546982990     
 -0.164000000000000        1.24556724597755     
 -0.160000000000000        1.29474485910129     
 -0.156000000000000        1.34659865023288     
 -0.152000000000000        1.40129908668271     
 -0.148000000000000        1.45902708640873     
 -0.144000000000000        1.51997424984800     
 -0.140000000000000        1.58434296365331     
 -0.136000000000000        1.65234633179114     
 -0.132000000000000        1.72420787861576     
 -0.128000000000000        1.80016095556779     
 -0.124000000000000        1.88044776779788     
 -0.120000000000000        1.96531791907514     
 -0.116000000000000        2.05502635269088     
 -0.112000000000000        2.14983054276898     
 -0.108000000000000        2.24998676478374     
 -0.104000000000000        2.35574524693753     
 -0.100000000000000        2.46734397677794     
 -9.599999999999997E-002   2.58500091235326     
 -9.199999999999997E-002   2.70890432787303     
 -8.799999999999997E-002   2.83920101543189     
 -8.399999999999996E-002   2.97598207408445     
 -7.999999999999996E-002   3.11926605504587     
 -7.599999999999996E-002   3.26897930928390     
 -7.199999999999995E-002   3.42493351599646     
 -6.799999999999995E-002   3.58680057388809     
 -6.399999999999995E-002   3.75408532815122     
 -6.000000000000005E-002   3.92609699769053     
 -5.600000000000005E-002   4.10192066402857     
 -5.200000000000005E-002   4.28039077449894     
 -4.800000000000004E-002   4.46006926225207     
 -4.400000000000004E-002   4.63923152494269     
 -4.000000000000004E-002   4.81586402266289     
 -3.600000000000003E-002   4.98767750264053     
 -3.200000000000003E-002   5.15213965329131     
 -2.800000000000002E-002   5.30653015357722     
 -2.400000000000002E-002   5.44801948468145     
 -2.000000000000002E-002   5.57377049180328     
 -1.600000000000001E-002   5.68105868199438     
 -1.200000000000001E-002   5.76740398968652     
 -8.000000000000007E-003   5.83070380024695     
 -4.000000000000004E-003   5.86935506145560     
  0.000000000000000E+000   5.88235294117647     
  4.000000000000004E-003   5.86935506145560     
  8.000000000000007E-003   5.83070380024695     
  1.200000000000001E-002   5.76740398968652     
  1.600000000000001E-002   5.68105868199439     
  2.000000000000002E-002   5.57377049180328     
  2.400000000000002E-002   5.44801948468145     
  2.800000000000002E-002   5.30653015357723     
  3.200000000000003E-002   5.15213965329131     
  3.600000000000003E-002   4.98767750264054     
  4.000000000000004E-002   4.81586402266289     
  4.400000000000004E-002   4.63923152494269     
  4.800000000000004E-002   4.46006926225207     
  5.200000000000005E-002   4.28039077449894     
  5.600000000000005E-002   4.10192066402857     
  6.000000000000005E-002   3.92609699769053     
  6.400000000000006E-002   3.75408532815122     
  6.800000000000006E-002   3.58680057388809     
  7.200000000000006E-002   3.42493351599645     
  7.600000000000007E-002   3.26897930928390     
  8.000000000000007E-002   3.11926605504587     
  8.400000000000007E-002   2.97598207408445     
  8.800000000000008E-002   2.83920101543189     
  9.200000000000008E-002   2.70890432787303     
  9.600000000000009E-002   2.58500091235326     
  0.100000000000000        2.46734397677794     
  0.104000000000000        2.35574524693753     
  0.108000000000000        2.24998676478373     
  0.112000000000000        2.14983054276898     
  0.116000000000000        2.05502635269087     
  0.120000000000000        1.96531791907514     
  0.124000000000000        1.88044776779788     
  0.128000000000000        1.80016095556779     
  0.132000000000000        1.72420787861577     
  0.136000000000000        1.65234633179115     
  0.140000000000000        1.58434296365331     
  0.144000000000000        1.51997424984800     
  0.148000000000000        1.45902708640874     
  0.152000000000000        1.40129908668271     
  0.156000000000000        1.34659865023288     
  0.160000000000000        1.29474485910130     
  0.164000000000000        1.24556724597755     
  0.168000000000000        1.19890546982990     
  0.172000000000000        1.15460892716455     
  0.176000000000000        1.11253632103872     
  0.180000000000000        1.07255520504732     
  0.184000000000000        1.03454151554247     
  0.188000000000000       0.998379102163547     
  0.192000000000000       0.963959264215565     
  0.196000000000000       0.931180298415899     
  0.200000000000000       0.899947061937534     
  0.204000000000000       0.870170553428472     
  0.208000000000000       0.841767513715859     
  0.212000000000000       0.814660047154441     
  0.216000000000000       0.788775264007721     
  0.220000000000000       0.764044943820225     
  0.224000000000000       0.740405219421265     
  0.228000000000000       0.717796280970799     
  0.232000000000000       0.696162099297286     
  0.236000000000000       0.675450167670571     
  0.240000000000000       0.655611261087544     
  0.244000000000000       0.636599212114858     
  0.248000000000000       0.618370702323619     
  0.252000000000000       0.600885068359513     
  0.256000000000000       0.584104121713556     
  0.260000000000000       0.567991981289676     
  0.264000000000000       0.552514917902784     
  0.268000000000000       0.537641209882478     
  0.272000000000000       0.523341009001466     
  0.276000000000000       0.509586215992614     
  0.280000000000000       0.496350364963504     
  0.284000000000000       0.483608516061492     
  0.288000000000000       0.471337155785248     
  0.292000000000000       0.459514104379980     
  0.296000000000000       0.448118429793022     
  0.300000000000000       0.437130367703780     
  0.304000000000000       0.426531247177367     
  0.308000000000000       0.416303421524356     
  0.312000000000000       0.406430203980147     
  0.316000000000000       0.396895807846397     
  0.320000000000000       0.387685290763968     
  0.324000000000000       0.378784502811918     
  0.328000000000000       0.370180038150319     
  0.332000000000000       0.361859189946275     
  0.336000000000000       0.353809908342421     
  0.340000000000000       0.346020761245675     
  0.344000000000000       0.338480897730983     
  0.348000000000000       0.331180013870598     
  0.352000000000000       0.324108320813855     
  0.356000000000000       0.317256514955845     
  0.360000000000000       0.310615750045679     
  0.364000000000000       0.304177611096399     
  0.368000000000000       0.297934089969085     
  0.372000000000000       0.291877562513306     
  0.376000000000000       0.286000767154999     
  0.380000000000000       0.280296784830998     
  0.384000000000000       0.274759020177010     
  0.388000000000000       0.269381183882766     
  0.392000000000000       0.264157276134478     
  0.396000000000000       0.259081571070647     
  0.400000000000000       0.254148602182688     
  0.404000000000000       0.249353148596875     
  0.408000000000000       0.244690222178722     
  0.412000000000000       0.240155055405184     
  0.416000000000000       0.235743089954016     
  0.420000000000000       0.231449965963240     
  0.424000000000000       0.227271511917049     
  0.428000000000000       0.223203735117563     
  0.432000000000000       0.219242812704734     
  0.436000000000000       0.215385083189321     
  0.440000000000000       0.211627038466327     
  0.444000000000000       0.207965316278546     
  0.448000000000000       0.204396693101972     
  0.452000000000000       0.200918077426736     
  0.456000000000000       0.197526503409075     
  0.460000000000000       0.194219124871473     
  0.464000000000000       0.190993209629653     
  0.468000000000000       0.187846134126560     
  0.472000000000000       0.184775378354760     
  0.476000000000000       0.181778521049953     
  0.480000000000000       0.178853235139400     
  0.484000000000000       0.175997283430166     
  0.488000000000000       0.173208514523025     
  0.492000000000000       0.170484858938822     
  0.496000000000000       0.167824325444932     
  0.500000000000000       0.165224997570221     
  0.504000000000000       0.162685030297694     
  0.508000000000000       0.160202646924675     
  0.512000000000000       0.157776136080989     
  0.516000000000000       0.155403848896267     
  0.520000000000000       0.153084196307969     
  0.524000000000000       0.150815646502319     
  0.528000000000000       0.148596722480761     
  0.532000000000000       0.146425999745046     
  0.536000000000000       0.144302104094445     
  0.540000000000000       0.142223709528989     
  0.544000000000000       0.140189536253014     
  0.548000000000000       0.138198348773612     
  0.552000000000000       0.136248954088911     
  0.556000000000000       0.134340199961436     
  0.560000000000000       0.132470973272033     
  0.564000000000000       0.130640198450146     
  0.568000000000000       0.128846835976462     
  0.572000000000000       0.127089880954161     
  0.576000000000000       0.125368361745246     
  0.580000000000000       0.123681338668607     
  0.584000000000000       0.122027902756682     
  0.588000000000000       0.120407174567738     
  0.592000000000000       0.118818303050974     
  0.596000000000000       0.117260464461802     
  0.600000000000000       0.115732861324801     
  0.604000000000000       0.114234721441992     
  0.608000000000000       0.112765296944193     
  0.612000000000000       0.111323863383355     
  0.616000000000000       0.109909718863870     
  0.620000000000000       0.108522183210980     
  0.624000000000000       0.107160597174490     
  0.628000000000000       0.105824321666098     
  0.632000000000000       0.104512737028740     
  0.636000000000000       0.103225242336437     
  0.640000000000000       0.101961254723205     
  0.644000000000000       0.100720208739670     
  0.648000000000000       9.950155573608911E-002
  0.652000000000000       9.830476327056480E-002
  0.656000000000000       9.712931454128683E-002
  0.660000000000000       9.597470784169820E-002
  0.664000000000000       9.484045603754344E-002
  0.668000000000000       9.372608606480554E-002
  0.672000000000000       9.263113844758931E-002
  0.676000000000000       9.155516683505638E-002
  0.680000000000000       9.049773755656110E-002
  0.684000000000000       8.945842919417953E-002
  0.688000000000000       8.843683217186295E-002
  0.692000000000000       8.743254836048543E-002
  0.696000000000000       8.644519069809069E-002
  0.700000000000000       8.547438282467695E-002
  0.704000000000000       8.451975873089108E-002
  0.708000000000000       8.358096242003268E-002
  0.712000000000000       8.265764758279866E-002
  0.716000000000000       8.174947728422466E-002
  0.720000000000000       8.085612366230678E-002
  0.724000000000000       7.997726763781024E-002
  0.728000000000000       7.911259863479576E-002
  0.732000000000000       7.826181431141573E-002
  0.736000000000000       7.742462030055326E-002
  0.740000000000000       7.660072995989725E-002
  0.744000000000000       7.578986413106475E-002
  0.748000000000000       7.499175090740019E-002
  0.752000000000000       7.420612541009798E-002
  0.756000000000000       7.343272957231051E-002
  0.760000000000000       7.267131193091951E-002
  0.764000000000000       7.192162742566266E-002
  0.768000000000000       7.118343720532151E-002
  0.772000000000000       7.045650844068971E-002
  0.776000000000000       6.974061414405293E-002
  0.780000000000000       6.903553299492386E-002
  0.784000000000000       6.834104917178689E-002
  0.788000000000000       6.765695218961776E-002
  0.792000000000000       6.698303674295378E-002
  0.796000000000000       6.631910255429974E-002
  0.800000000000000       6.566495422766426E-002
  0.804000000000000       6.502040110702970E-002
  0.808000000000000       6.438525713956754E-002
  0.812000000000000       6.375934074341891E-002
  0.816000000000000       6.314247467986765E-002
  0.820000000000000       6.253448592974066E-002
  0.824000000000000       6.193520557387703E-002
  0.828000000000000       6.134446867751428E-002
  0.832000000000000       6.076211417844617E-002
  0.836000000000000       6.018798477881268E-002
  0.840000000000000       5.962192684038858E-002
  0.844000000000000       5.906379028324213E-002
  0.848000000000000       5.851342848764126E-002
  0.852000000000000       5.797069819908909E-002
  0.856000000000000       5.743545943637569E-002
  0.860000000000000       5.690757540253739E-002
  0.864000000000000       5.638691239861963E-002
  0.868000000000000       5.587333974014294E-002
  0.872000000000000       5.536672967617626E-002
  0.876000000000000       5.486695731092524E-002
  0.880000000000000       5.437390052774669E-002
  0.884000000000000       5.388743991550450E-002
  0.888000000000000       5.340745869718475E-002
  0.892000000000000       5.293384266069159E-002
  0.896000000000000       5.246648009174845E-002
  0.900000000000000       5.200526170883173E-002
  0.904000000000000       5.155008060006720E-002
  0.908000000000000       5.110083216202211E-002
  0.912000000000000       5.065741404032807E-002
  0.916000000000000       5.021972607207299E-002
  0.920000000000000       4.978767022990190E-002
  0.924000000000000       4.936115056776938E-002
  0.928000000000000       4.894007316828822E-002
  0.932000000000000       4.852434609162082E-002
  0.936000000000000       4.811387932586229E-002
  0.940000000000000       4.770858473886566E-002
  0.944000000000000       4.730837603146174E-002
  0.948000000000000       4.691316869202775E-002
  0.952000000000000       4.652287995236057E-002
  0.956000000000000       4.613742874481225E-002
  0.960000000000000       4.575673566064652E-002
  0.964000000000000       4.538072290957704E-002
  0.968000000000000       4.500931428044933E-002
  0.972000000000000       4.464243510302949E-002
  0.976000000000000       4.428001221086454E-002
  0.980000000000000       4.392197390518020E-002
  0.984000000000000       4.356824991978316E-002
  0.988000000000000       4.321877138693613E-002
  0.992000000000000       4.287347080417517E-002
  0.996000000000000       4.253228200203955E-002
