  -1.00000000000000       4.463842872730880E-002
 -0.996000000000000       4.499478060544977E-002
 -0.992000000000000       4.535540495321339E-002
 -0.988000000000000       4.572037015211676E-002
 -0.984000000000000       4.608974595332031E-002
 -0.980000000000000       4.646360351058338E-002
 -0.976000000000000       4.684201541414588E-002
 -0.972000000000000       4.722505572556576E-002
 -0.968000000000000       4.761280001354321E-002
 -0.964000000000000       4.800532539076335E-002
 -0.960000000000000       4.840271055179091E-002
 -0.956000000000000       4.880503581205073E-002
 -0.952000000000000       4.921238314793024E-002
 -0.948000000000000       4.962483623804043E-002
 -0.944000000000000       5.004248050567372E-002
 -0.940000000000000       5.046540316249861E-002
 -0.936000000000000       5.089369325353203E-002
 -0.932000000000000       5.132744170343233E-002
 -0.928000000000000       5.176674136415717E-002
 -0.924000000000000       5.221168706403241E-002
 -0.920000000000000       5.266237565827970E-002
 -0.916000000000000       5.311890608105237E-002
 -0.912000000000000       5.358137939903125E-002
 -0.908000000000000       5.404989886663368E-002
 -0.904000000000000       5.452456998289140E-002
 -0.900000000000000       5.500550055005501E-002
 -0.896000000000000       5.549280073398478E-002
 -0.892000000000000       5.598658312639034E-002
 -0.888000000000000       5.648696280898369E-002
 -0.884000000000000       5.699405741961305E-002
 -0.880000000000000       5.750798722044729E-002
 -0.876000000000000       5.802887516828374E-002
 -0.872000000000000       5.855684698705504E-002
 -0.868000000000000       5.909203124261350E-002
 -0.864000000000000       5.963455941987501E-002
 -0.860000000000000       6.018456600240739E-002
 -0.856000000000000       6.074218855455189E-002
 -0.852000000000000       6.130756780617000E-002
 -0.848000000000000       6.188084774011145E-002
 -0.844000000000000       6.246217568250338E-002
 -0.840000000000000       6.305170239596469E-002
 -0.836000000000000       6.364958217585390E-002
 -0.832000000000000       6.425597294966330E-002
 -0.828000000000000       6.487103637967719E-002
 -0.824000000000000       6.549493796901651E-002
 -0.820000000000000       6.612784717119764E-002
 -0.816000000000000       6.676993750333848E-002
 -0.812000000000000       6.742138666315076E-002
 -0.808000000000000       6.808237664986291E-002
 -0.804000000000000       6.875309388922500E-002
 -0.800000000000000       6.943372936275265E-002
 -0.796000000000000       7.012447874137467E-002
 -0.792000000000000       7.082554252365572E-002
 -0.788000000000000       7.153712617877286E-002
 -0.784000000000000       7.225944029443312E-002
 -0.780000000000000       7.299270072992702E-002
 -0.776000000000000       7.373712877452170E-002
 -0.772000000000000       7.449295131140703E-002
 -0.768000000000000       7.526040098741647E-002
 -0.764000000000000       7.603971638875559E-002
 -0.760000000000000       7.683114222298106E-002
 -0.756000000000000       7.763492950748402E-002
 -0.752000000000000       7.845133576474363E-002
 -0.748000000000000       7.928062522462845E-002
 -0.744000000000000       8.012306903403629E-002
 -0.740000000000000       8.097894547417672E-002
 -0.736000000000000       8.184854018581439E-002
 -0.732000000000000       8.273214640280629E-002
 -0.728000000000000       8.363006519428196E-002
 -0.724000000000000       8.454260571583165E-002
 -0.720000000000000       8.547008547008549E-002
 -0.716000000000000       8.641283057708410E-002
 -0.712000000000000       8.737117605486135E-002
 -0.708000000000000       8.834546611067921E-002
 -0.704000000000000       8.933605444337685E-002
 -0.700000000000000       9.034330455731783E-002
 -0.696000000000000       9.136759008844385E-002
 -0.692000000000000       9.240929514296747E-002
 -0.688000000000000       9.346881464926349E-002
 -0.684000000000000       9.454655472354589E-002
 -0.680000000000000       9.564293304994689E-002
 -0.676000000000000       9.675837927564530E-002
 -0.672000000000000       9.789333542172451E-002
 -0.668000000000000       9.904825631047449E-002
 -0.664000000000000       0.100223610009889     
 -0.660000000000000       0.101419878296146     
 -0.656000000000000       0.102637557134907     
 -0.652000000000000       0.103877157182297     
 -0.648000000000000       0.105139204306502     
 -0.644000000000000       0.106424240130925     
 -0.640000000000000       0.107732822599952     
 -0.636000000000000       0.109065526568362     
 -0.632000000000000       0.110422944415544     
 -0.628000000000000       0.111805686685682     
 -0.624000000000000       0.113214382755185     
 -0.620000000000000       0.114649681528662     
 -0.616000000000000       0.116112252164848     
 -0.612000000000000       0.117602784833945     
 -0.608000000000000       0.119121991507926     
 -0.604000000000000       0.120670606785442     
 -0.600000000000000       0.122249388753056     
 -0.596000000000000       0.123859119884618     
 -0.592000000000000       0.125500607980723     
 -0.588000000000000       0.127174687150270     
 -0.584000000000000       0.128882218836279     
 -0.580000000000000       0.130624092888244     
 -0.576000000000000       0.132401228683402     
 -0.572000000000000       0.134214576299495     
 -0.568000000000000       0.136065117741682     
 -0.564000000000000       0.137953868226465     
 -0.560000000000000       0.139881877525645     
 -0.556000000000000       0.141850231373488     
 -0.552000000000000       0.143860052940499     
 -0.548000000000000       0.145912504377375     
 -0.544000000000000       0.148008788432949     
 -0.540000000000000       0.150150150150150     
 -0.536000000000000       0.152337878644261     
 -0.532000000000000       0.154573308968000     
 -0.528000000000000       0.156857824068265     
 -0.524000000000000       0.159192856839633     
 -0.520000000000000       0.161579892280072     
 -0.516000000000000       0.164020469754625     
 -0.512000000000000       0.166516185373218     
 -0.508000000000000       0.169068694489112     
 -0.504000000000000       0.171679714324955     
 -0.500000000000000       0.174351026733824     
 -0.496000000000000       0.177084481103118     
 -0.492000000000000       0.179881997409699     
 -0.488000000000000       0.182745569435194     
 -0.484000000000000       0.185677268150984     
 -0.480000000000000       0.188679245283019     
 -0.476000000000000       0.191753737067276     
 -0.472000000000000       0.194903068207411     
 -0.468000000000000       0.198129656046917     
 -0.464000000000000       0.201436014968934     
 -0.460000000000000       0.204824761037779     
 -0.456000000000000       0.208298616897184     
 -0.452000000000000       0.211860416941301     
 -0.448000000000000       0.215513112775617     
 -0.444000000000000       0.219259778986143     
 -0.440000000000000       0.223103619236490     
 -0.436000000000000       0.227047972713879     
 -0.432000000000000       0.231096320946570     
 -0.428000000000000       0.235252295016833     
 -0.424000000000000       0.239519683195299     
 -0.420000000000000       0.243902439024390     
 -0.416000000000000       0.248404689880545     
 -0.412000000000000       0.253030746047097     
 -0.408000000000000       0.257785110332027     
 -0.404000000000000       0.262672488267295     
 -0.400000000000000       0.267697798929209     
 -0.396000000000000       0.272866186422178     
 -0.392000000000000       0.278183032071413     
 -0.388000000000000       0.283653967373490     
 -0.384000000000000       0.289284887757463     
 -0.380000000000000       0.295081967213115     
 -0.376000000000000       0.301051673847307     
 -0.372000000000000       0.307200786434013     
 -0.368000000000000       0.313536412028650     
 -0.364000000000000       0.320066004722752     
 -0.360000000000000       0.326797385620915     
 -0.356000000000000       0.333738764128274     
 -0.352000000000000       0.340898760643617     
 -0.348000000000000       0.348286430760658     
 -0.344000000000000       0.355911291087981     
 -0.340000000000000       0.363783346806791     
 -0.336000000000000       0.371913121094912     
 -0.332000000000000       0.380311686555559     
 -0.328000000000000       0.388990698800180     
 -0.324000000000000       0.397962432346386     
 -0.320000000000000       0.407239819004525     
 -0.316000000000000       0.416836488939938     
 -0.312000000000000       0.426766814612495     
 -0.308000000000000       0.437045957810497     
 -0.304000000000000       0.447689920012734     
 -0.300000000000000       0.458715596330275     
 -0.296000000000000       0.470140833298508     
 -0.292000000000000       0.481984490810162     
 -0.288000000000000       0.494266508501384     
 -0.284000000000000       0.507007976925503     
 -0.280000000000000       0.520231213872832     
 -0.276000000000000       0.533959846219564     
 -0.272000000000000       0.548218897714536     
 -0.268000000000000       0.563034883138982     
 -0.264000000000000       0.578435909301249     
 -0.260000000000000       0.594451783355350     
 -0.256000000000000       0.611114128958661     
 -0.252000000000000       0.628456510809452     
 -0.248000000000000       0.646514568128268     
 -0.244000000000000       0.665326157667514     
 -0.240000000000000       0.684931506849315     
 -0.236000000000000       0.705373377641231     
 -0.232000000000000       0.726697241780247     
 -0.228000000000000       0.748951467944877     
 -0.224000000000000       0.772187521449653     
 -0.220000000000000       0.796460176991150     
 -0.216000000000000       0.821827744904668     
 -0.212000000000000       0.848352311288741     
 -0.208000000000000       0.876099992212445     
 -0.204000000000000       0.905141202027516     
 -0.200000000000000       0.935550935550936     
 -0.196000000000000       0.967409063548027     
 -0.192000000000000        1.00080064051241     
 -0.188000000000000        1.03581622318387     
 -0.184000000000000        1.07255219754028     
 -0.180000000000000        1.11111111111111     
 -0.176000000000000        1.15160200634661     
 -0.172000000000000        1.19414074938966     
 -0.168000000000000        1.23885034687810     
 -0.164000000000000        1.28586124128472     
 -0.160000000000000        1.33531157270030     
 -0.156000000000000        1.38734739178690     
 -0.152000000000000        1.44212280476862     
 -0.148000000000000        1.49980002666311     
 -0.144000000000000        1.56054931335830     
 -0.140000000000000        1.62454873646209     
 -0.136000000000000        1.69198375695593     
 -0.132000000000000        1.76304654442877     
 -0.128000000000000        1.83793497794478     
 -0.124000000000000        1.91685125234282     
 -0.120000000000000        2.00000000000000     
 -0.116000000000000        2.08758582297272     
 -0.112000000000000        2.17981011431893     
 -0.108000000000000        2.27686703096539     
 -0.104000000000000        2.37893846479171     
 -0.100000000000000        2.48618784530387     
 -9.599999999999997E-002   2.59875259875260     
 -9.199999999999997E-002   2.71673508814296     
 -8.799999999999997E-002   2.84019187073971     
 -8.399999999999996E-002   2.96912114014252     
 -7.999999999999996E-002   3.10344827586207     
 -7.599999999999996E-002   3.24300951282790     
 -7.199999999999995E-002   3.38753387533875     
 -6.799999999999995E-002   3.53662370323798     
 -6.399999999999995E-002   3.68973433912758     
 -6.000000000000005E-002   3.84615384615384     
 -5.600000000000005E-002   4.00498398006408     
 -5.200000000000005E-002   4.16512402813772     
 -4.800000000000004E-002   4.32525951557093     
 -4.400000000000004E-002   4.48385811080111     
 -4.000000000000004E-002   4.63917525773196     
 -3.600000000000003E-002   4.78927203065134     
 -3.200000000000003E-002   4.93204734765454     
 -2.800000000000002E-002   5.06528590724899     
 -2.400000000000002E-002   5.18672199170124     
 -2.000000000000002E-002   5.29411764705882     
 -1.600000000000001E-002   5.38535184298707     
 -1.200000000000001E-002   5.45851528384279     
 -8.000000000000007E-003   5.51200391964723     
 -4.000000000000004E-003   5.54460325283391     
  0.000000000000000E+000   5.55555555555556     
  4.000000000000004E-003   5.54460325283391     
  8.000000000000007E-003   5.51200391964723     
  1.200000000000001E-002   5.45851528384280     
  1.600000000000001E-002   5.38535184298708     
  2.000000000000002E-002   5.29411764705882     
  2.400000000000002E-002   5.18672199170125     
  2.800000000000002E-002   5.06528590724899     
  3.200000000000003E-002   4.93204734765454     
  3.600000000000003E-002   4.78927203065134     
  4.000000000000004E-002   4.63917525773196     
  4.400000000000004E-002   4.48385811080112     
  4.800000000000004E-002   4.32525951557093     
  5.200000000000005E-002   4.16512402813773     
  5.600000000000005E-002   4.00498398006408     
  6.000000000000005E-002   3.84615384615385     
  6.400000000000006E-002   3.68973433912758     
  6.800000000000006E-002   3.53662370323797     
  7.200000000000006E-002   3.38753387533875     
  7.600000000000007E-002   3.24300951282790     
  8.000000000000007E-002   3.10344827586207     
  8.400000000000007E-002   2.96912114014252     
  8.800000000000008E-002   2.84019187073971     
  9.200000000000008E-002   2.71673508814296     
  9.600000000000009E-002   2.59875259875260     
  0.100000000000000        2.48618784530387     
  0.104000000000000        2.37893846479171     
  0.108000000000000        2.27686703096539     
  0.112000000000000        2.17981011431893     
  0.116000000000000        2.08758582297272     
  0.120000000000000        2.00000000000000     
  0.124000000000000        1.91685125234282     
  0.128000000000000        1.83793497794478     
  0.132000000000000        1.76304654442878     
  0.136000000000000        1.69198375695594     
  0.140000000000000        1.62454873646210     
  0.144000000000000        1.56054931335830     
  0.148000000000000        1.49980002666311     
  0.152000000000000        1.44212280476862     
  0.156000000000000        1.38734739178690     
  0.160000000000000        1.33531157270030     
  0.164000000000000        1.28586124128472     
  0.168000000000000        1.23885034687810     
  0.172000000000000        1.19414074938966     
  0.176000000000000        1.15160200634661     
  0.180000000000000        1.11111111111111     
  0.184000000000000        1.07255219754028     
  0.188000000000000        1.03581622318387     
  0.192000000000000        1.00080064051241     
  0.196000000000000       0.967409063548027     
  0.200000000000000       0.935550935550936     
  0.204000000000000       0.905141202027517     
  0.208000000000000       0.876099992212445     
  0.212000000000000       0.848352311288742     
  0.216000000000000       0.821827744904668     
  0.220000000000000       0.796460176991151     
  0.224000000000000       0.772187521449654     
  0.228000000000000       0.748951467944877     
  0.232000000000000       0.726697241780247     
  0.236000000000000       0.705373377641232     
  0.240000000000000       0.684931506849315     
  0.244000000000000       0.665326157667514     
  0.248000000000000       0.646514568128269     
  0.252000000000000       0.628456510809452     
  0.256000000000000       0.611114128958662     
  0.260000000000000       0.594451783355350     
  0.264000000000000       0.578435909301250     
  0.268000000000000       0.563034883138982     
  0.272000000000000       0.548218897714536     
  0.276000000000000       0.533959846219564     
  0.280000000000000       0.520231213872832     
  0.284000000000000       0.507007976925504     
  0.288000000000000       0.494266508501384     
  0.292000000000000       0.481984490810162     
  0.296000000000000       0.470140833298508     
  0.300000000000000       0.458715596330275     
  0.304000000000000       0.447689920012734     
  0.308000000000000       0.437045957810497     
  0.312000000000000       0.426766814612496     
  0.316000000000000       0.416836488939938     
  0.320000000000000       0.407239819004525     
  0.324000000000000       0.397962432346386     
  0.328000000000000       0.388990698800180     
  0.332000000000000       0.380311686555559     
  0.336000000000000       0.371913121094912     
  0.340000000000000       0.363783346806791     
  0.344000000000000       0.355911291087981     
  0.348000000000000       0.348286430760658     
  0.352000000000000       0.340898760643617     
  0.356000000000000       0.333738764128274     
  0.360000000000000       0.326797385620915     
  0.364000000000000       0.320066004722752     
  0.368000000000000       0.313536412028650     
  0.372000000000000       0.307200786434013     
  0.376000000000000       0.301051673847307     
  0.380000000000000       0.295081967213115     
  0.384000000000000       0.289284887757464     
  0.388000000000000       0.283653967373491     
  0.392000000000000       0.278183032071413     
  0.396000000000000       0.272866186422179     
  0.400000000000000       0.267697798929209     
  0.404000000000000       0.262672488267296     
  0.408000000000000       0.257785110332027     
  0.412000000000000       0.253030746047098     
  0.416000000000000       0.248404689880545     
  0.420000000000000       0.243902439024390     
  0.424000000000000       0.239519683195299     
  0.428000000000000       0.235252295016834     
  0.432000000000000       0.231096320946571     
  0.436000000000000       0.227047972713879     
  0.440000000000000       0.223103619236490     
  0.444000000000000       0.219259778986143     
  0.448000000000000       0.215513112775617     
  0.452000000000000       0.211860416941301     
  0.456000000000000       0.208298616897184     
  0.460000000000000       0.204824761037779     
  0.464000000000000       0.201436014968934     
  0.468000000000000       0.198129656046917     
  0.472000000000000       0.194903068207412     
  0.476000000000000       0.191753737067276     
  0.480000000000000       0.188679245283019     
  0.484000000000000       0.185677268150985     
  0.488000000000000       0.182745569435194     
  0.492000000000000       0.179881997409699     
  0.496000000000000       0.177084481103118     
  0.500000000000000       0.174351026733824     
  0.504000000000000       0.171679714324955     
  0.508000000000000       0.169068694489112     
  0.512000000000000       0.166516185373218     
  0.516000000000000       0.164020469754625     
  0.520000000000000       0.161579892280072     
  0.524000000000000       0.159192856839633     
  0.528000000000000       0.156857824068265     
  0.532000000000000       0.154573308968000     
  0.536000000000000       0.152337878644261     
  0.540000000000000       0.150150150150150     
  0.544000000000000       0.148008788432949     
  0.548000000000000       0.145912504377375     
  0.552000000000000       0.143860052940499     
  0.556000000000000       0.141850231373488     
  0.560000000000000       0.139881877525645     
  0.564000000000000       0.137953868226465     
  0.568000000000000       0.136065117741682     
  0.572000000000000       0.134214576299495     
  0.576000000000000       0.132401228683402     
  0.580000000000000       0.130624092888244     
  0.584000000000000       0.128882218836279     
  0.588000000000000       0.127174687150270     
  0.592000000000000       0.125500607980723     
  0.596000000000000       0.123859119884618     
  0.600000000000000       0.122249388753056     
  0.604000000000000       0.120670606785442     
  0.608000000000000       0.119121991507926     
  0.612000000000000       0.117602784833945     
  0.616000000000000       0.116112252164848     
  0.620000000000000       0.114649681528662     
  0.624000000000000       0.113214382755185     
  0.628000000000000       0.111805686685682     
  0.632000000000000       0.110422944415544     
  0.636000000000000       0.109065526568362     
  0.640000000000000       0.107732822599952     
  0.644000000000000       0.106424240130925     
  0.648000000000000       0.105139204306502     
  0.652000000000000       0.103877157182297     
  0.656000000000000       0.102637557134907     
  0.660000000000000       0.101419878296146     
  0.664000000000000       0.100223610009889     
  0.668000000000000       9.904825631047447E-002
  0.672000000000000       9.789333542172449E-002
  0.676000000000000       9.675837927564528E-002
  0.680000000000000       9.564293304994687E-002
  0.684000000000000       9.454655472354587E-002
  0.688000000000000       9.346881464926346E-002
  0.692000000000000       9.240929514296745E-002
  0.696000000000000       9.136759008844382E-002
  0.700000000000000       9.034330455731780E-002
  0.704000000000000       8.933605444337682E-002
  0.708000000000000       8.834546611067919E-002
  0.712000000000000       8.737117605486132E-002
  0.716000000000000       8.641283057708407E-002
  0.720000000000000       8.547008547008546E-002
  0.724000000000000       8.454260571583162E-002
  0.728000000000000       8.363006519428193E-002
  0.732000000000000       8.273214640280627E-002
  0.736000000000000       8.184854018581436E-002
  0.740000000000000       8.097894547417669E-002
  0.744000000000000       8.012306903403627E-002
  0.748000000000000       7.928062522462842E-002
  0.752000000000000       7.845133576474360E-002
  0.756000000000000       7.763492950748399E-002
  0.760000000000000       7.683114222298103E-002
  0.764000000000000       7.603971638875556E-002
  0.768000000000000       7.526040098741645E-002
  0.772000000000000       7.449295131140700E-002
  0.776000000000000       7.373712877452167E-002
  0.780000000000000       7.299270072992699E-002
  0.784000000000000       7.225944029443312E-002
  0.788000000000000       7.153712617877286E-002
  0.792000000000000       7.082554252365572E-002
  0.796000000000000       7.012447874137467E-002
  0.800000000000000       6.943372936275265E-002
  0.804000000000000       6.875309388922500E-002
  0.808000000000000       6.808237664986291E-002
  0.812000000000000       6.742138666315076E-002
  0.816000000000000       6.676993750333848E-002
  0.820000000000000       6.612784717119764E-002
  0.824000000000000       6.549493796901651E-002
  0.828000000000000       6.487103637967719E-002
  0.832000000000000       6.425597294966329E-002
  0.836000000000000       6.364958217585388E-002
  0.840000000000000       6.305170239596468E-002
  0.844000000000000       6.246217568250335E-002
  0.848000000000000       6.188084774011142E-002
  0.852000000000000       6.130756780616997E-002
  0.856000000000000       6.074218855455187E-002
  0.860000000000000       6.018456600240736E-002
  0.864000000000000       5.963455941987499E-002
  0.868000000000000       5.909203124261347E-002
  0.872000000000000       5.855684698705501E-002
  0.876000000000000       5.802887516828374E-002
  0.880000000000000       5.750798722044729E-002
  0.884000000000000       5.699405741961305E-002
  0.888000000000000       5.648696280898369E-002
  0.892000000000000       5.598658312639034E-002
  0.896000000000000       5.549280073398478E-002
  0.900000000000000       5.500550055005501E-002
  0.904000000000000       5.452456998289140E-002
  0.908000000000000       5.404989886663367E-002
  0.912000000000000       5.358137939903125E-002
  0.916000000000000       5.311890608105237E-002
  0.920000000000000       5.266237565827969E-002
  0.924000000000000       5.221168706403241E-002
  0.928000000000000       5.176674136415717E-002
  0.932000000000000       5.132744170343232E-002
  0.936000000000000       5.089369325353202E-002
  0.940000000000000       5.046540316249860E-002
  0.944000000000000       5.004248050567370E-002
  0.948000000000000       4.962483623804041E-002
  0.952000000000000       4.921238314793023E-002
  0.956000000000000       4.880503581205071E-002
  0.960000000000000       4.840271055179089E-002
  0.964000000000000       4.800532539076334E-002
  0.968000000000000       4.761280001354319E-002
  0.972000000000000       4.722505572556575E-002
  0.976000000000000       4.684201541414586E-002
  0.980000000000000       4.646360351058337E-002
  0.984000000000000       4.608974595332030E-002
  0.988000000000000       4.572037015211675E-002
  0.992000000000000       4.535540495321337E-002
  0.996000000000000       4.499478060544976E-002
