  -1.00000000000000       4.707514680012884E-002
 -0.996000000000000       4.745060392131792E-002
 -0.992000000000000       4.783055697928384E-002
 -0.988000000000000       4.821507781913561E-002
 -0.984000000000000       4.860423972224980E-002
 -0.980000000000000       4.899811744075097E-002
 -0.976000000000000       4.939678723295838E-002
 -0.972000000000000       4.980032689983006E-002
 -0.968000000000000       5.020881582243627E-002
 -0.964000000000000       5.062233500049558E-002
 -0.960000000000000       5.104096709200807E-002
 -0.956000000000000       5.146479645402136E-002
 -0.952000000000000       5.189390918456643E-002
 -0.948000000000000       5.232839316580170E-002
 -0.944000000000000       5.276833810840507E-002
 -0.940000000000000       5.321383559725530E-002
 -0.936000000000000       5.366497913844549E-002
 -0.932000000000000       5.412186420767302E-002
 -0.928000000000000       5.458458830005206E-002
 -0.924000000000000       5.505325098139664E-002
 -0.920000000000000       5.552795394102347E-002
 -0.916000000000000       5.600880104612650E-002
 -0.912000000000000       5.649589839777632E-002
 -0.908000000000000       5.698935438860021E-002
 -0.904000000000000       5.748927976220014E-002
 -0.900000000000000       5.799578767436892E-002
 -0.896000000000000       5.850899375616655E-002
 -0.892000000000000       5.902901617892130E-002
 -0.888000000000000       5.955597572122287E-002
 -0.884000000000000       6.008999583797714E-002
 -0.880000000000000       6.063120273159524E-002
 -0.876000000000000       6.117972542539230E-002
 -0.872000000000000       6.173569583927405E-002
 -0.868000000000000       6.229924886779313E-002
 -0.864000000000000       6.287052246065961E-002
 -0.860000000000000       6.344965770579396E-002
 -0.856000000000000       6.403679891501440E-002
 -0.852000000000000       6.463209371245386E-002
 -0.848000000000000       6.523569312580600E-002
 -0.844000000000000       6.584775168050394E-002
 -0.840000000000000       6.646842749693896E-002
 -0.836000000000000       6.709788239083175E-002
 -0.832000000000000       6.773628197687270E-002
 -0.828000000000000       6.838379577575297E-002
 -0.824000000000000       6.904059732471320E-002
 -0.820000000000000       6.970686429174157E-002
 -0.816000000000000       7.038277859355946E-002
 -0.812000000000000       7.106852651753748E-002
 -0.808000000000000       7.176429884769199E-002
 -0.804000000000000       7.247029099491793E-002
 -0.800000000000000       7.318670313162051E-002
 -0.796000000000000       7.391374033091572E-002
 -0.792000000000000       7.465161271057649E-002
 -0.788000000000000       7.540053558190959E-002
 -0.784000000000000       7.616072960375578E-002
 -0.780000000000000       7.693242094181481E-002
 -0.776000000000000       7.771584143350552E-002
 -0.772000000000000       7.851122875858046E-002
 -0.768000000000000       7.931882661572451E-002
 -0.764000000000000       8.013888490537707E-002
 -0.760000000000000       8.097165991902835E-002
 -0.756000000000000       8.181741453525126E-002
 -0.752000000000000       8.267641842274281E-002
 -0.748000000000000       8.354894825066093E-002
 -0.744000000000000       8.443528790655593E-002
 -0.740000000000000       8.533572872220976E-002
 -0.736000000000000       8.625056970771046E-002
 -0.732000000000000       8.718011779410444E-002
 -0.728000000000000       8.812468808498561E-002
 -0.724000000000000       8.908460411739665E-002
 -0.720000000000000       9.006019813243592E-002
 -0.716000000000000       9.105181135598193E-002
 -0.712000000000000       9.205979428996705E-002
 -0.708000000000000       9.308450701465251E-002
 -0.704000000000000       9.412631950237894E-002
 -0.700000000000000       9.518561194328944E-002
 -0.696000000000000       9.626277508354598E-002
 -0.692000000000000       9.735821057658610E-002
 -0.688000000000000       9.847233134799295E-002
 -0.684000000000000       9.960556197458069E-002
 -0.680000000000000       0.100758339078326     
 -0.676000000000000       0.101931111735812     
 -0.672000000000000       0.103124341903871     
 -0.668000000000000       0.104338504862174     
 -0.664000000000000       0.105574089673520     
 -0.660000000000000       0.106831599662637     
 -0.656000000000000       0.108111552914346     
 -0.652000000000000       0.109414482791981     
 -0.648000000000000       0.110740938476997     
 -0.644000000000000       0.112091485530759     
 -0.640000000000000       0.113466706479546     
 -0.636000000000000       0.114867201423870     
 -0.632000000000000       0.116293588673249     
 -0.628000000000000       0.117746505407663     
 -0.624000000000000       0.119226608366947     
 -0.620000000000000       0.120734574569486     
 -0.616000000000000       0.122271102061620     
 -0.612000000000000       0.123836910699248     
 -0.608000000000000       0.125432742963223     
 -0.604000000000000       0.127059364810173     
 -0.600000000000000       0.128717566560531     
 -0.596000000000000       0.130408163825599     
 -0.592000000000000       0.132131998475614     
 -0.588000000000000       0.133889939650871     
 -0.584000000000000       0.135682884818085     
 -0.580000000000000       0.137511760874285     
 -0.576000000000000       0.139377525300689     
 -0.572000000000000       0.141281167369107     
 -0.568000000000000       0.143223709403616     
 -0.564000000000000       0.145206208100366     
 -0.560000000000000       0.147229755908563     
 -0.556000000000000       0.149295482475853     
 -0.552000000000000       0.151404556161528     
 -0.548000000000000       0.153558185621135     
 -0.544000000000000       0.155757621466351     
 -0.540000000000000       0.158004158004158     
 -0.536000000000000       0.160299135059614     
 -0.532000000000000       0.162643939886800     
 -0.528000000000000       0.165040009172750     
 -0.524000000000000       0.167488831139523     
 -0.520000000000000       0.169991947749843     
 -0.516000000000000       0.172550957022097     
 -0.512000000000000       0.175167515460838     
 -0.508000000000000       0.177843340609310     
 -0.504000000000000       0.180580213730939     
 -0.500000000000000       0.183379982627160     
 -0.496000000000000       0.186244564599417     
 -0.492000000000000       0.189175949563700     
 -0.488000000000000       0.192176203326469     
 -0.484000000000000       0.195247471031441     
 -0.480000000000000       0.198391980787303     
 -0.476000000000000       0.201612047487065     
 -0.472000000000000       0.204910076830494     
 -0.468000000000000       0.208288569561805     
 -0.464000000000000       0.211750125935601     
 -0.460000000000000       0.215297450424929     
 -0.456000000000000       0.218933356686225     
 -0.452000000000000       0.222660772796947     
 -0.448000000000000       0.226482746782753     
 -0.444000000000000       0.230402452452210     
 -0.440000000000000       0.234423195558297     
 -0.436000000000000       0.238548420307250     
 -0.432000000000000       0.242781716236730     
 -0.428000000000000       0.247126825486840     
 -0.424000000000000       0.251587650489139     
 -0.420000000000000       0.256168262100580     
 -0.416000000000000       0.260872908211181     
 -0.412000000000000       0.265706022856312     
 -0.408000000000000       0.270672235866635     
 -0.404000000000000       0.275776383091134     
 -0.400000000000000       0.281023517231179     
 -0.396000000000000       0.286418919326343     
 -0.392000000000000       0.291968110935589     
 -0.388000000000000       0.297676867060645     
 -0.384000000000000       0.303551229861772     
 -0.380000000000000       0.309597523219814     
 -0.376000000000000       0.315822368202339     
 -0.372000000000000       0.322232699495960     
 -0.368000000000000       0.328835782871463     
 -0.364000000000000       0.335639233753294     
 -0.360000000000000       0.342651036970243     
 -0.356000000000000       0.349879567769831     
 -0.352000000000000       0.357333614185016     
 -0.348000000000000       0.365022400848389     
 -0.344000000000000       0.372955614356043     
 -0.340000000000000       0.381143430290873     
 -0.336000000000000       0.389596542023113     
 -0.332000000000000       0.398326191414603     
 -0.328000000000000       0.407344201562487     
 -0.324000000000000       0.416663011727967     
 -0.320000000000000       0.426295714606237     
 -0.316000000000000       0.436256096104922     
 -0.312000000000000       0.446558677810264     
 -0.308000000000000       0.457218762332874     
 -0.304000000000000       0.468252481738153     
 -0.300000000000000       0.479676849280484     
 -0.296000000000000       0.491509814674931     
 -0.292000000000000       0.503770323155405     
 -0.288000000000000       0.516478378584088     
 -0.284000000000000       0.529655110893054     
 -0.280000000000000       0.543322848155562     
 -0.276000000000000       0.557505193601014     
 -0.272000000000000       0.572227107903962     
 -0.268000000000000       0.587514997093347     
 -0.264000000000000       0.603396806443007     
 -0.260000000000000       0.619902120717781     
 -0.256000000000000       0.637062271160526     
 -0.252000000000000       0.654910449613258     
 -0.248000000000000       0.673481830169150     
 -0.244000000000000       0.692813698750018     
 -0.240000000000000       0.712945590994371     
 -0.236000000000000       0.733919438822021     
 -0.232000000000000       0.755779726009960     
 -0.228000000000000       0.778573653067580     
 -0.224000000000000       0.802351311633249     
 -0.220000000000000       0.827165868524162     
 -0.216000000000000       0.853073759451159     
 -0.212000000000000       0.880134892252960     
 -0.208000000000000       0.908412859301192     
 -0.204000000000000       0.937975158468435     
 -0.200000000000000       0.968893421723611     
 -0.196000000000000        1.00124365000738     
 -0.192000000000000        1.03510645252675     
 -0.188000000000000        1.07056728797133     
 -0.184000000000000        1.10771670436790     
 -0.180000000000000        1.14665057332529     
 -0.176000000000000        1.18747031324217     
 -0.172000000000000        1.23028309461524     
 -0.168000000000000        1.27520201884614     
 -0.164000000000000        1.32234625984800     
 -0.160000000000000        1.37184115523466     
 -0.156000000000000        1.42381823086838     
 -0.152000000000000        1.47841513897102     
 -0.148000000000000        1.53577548579003     
 -0.144000000000000        1.59604851987500     
 -0.140000000000000        1.65938864628821     
 -0.136000000000000        1.72595472548236     
 -0.132000000000000        1.79590910809482     
 -0.128000000000000        1.86941634853792     
 -0.124000000000000        1.94664153108479     
 -0.120000000000000        2.02774813233725     
 -0.116000000000000        2.11289533383746     
 -0.112000000000000        2.20223468867356     
 -0.108000000000000        2.29590603702451     
 -0.104000000000000        2.39403255884280     
 -0.100000000000000        2.49671484888305     
 -9.599999999999997E-002   2.60402390219834     
 -9.199999999999997E-002   2.71599290982904     
 -8.799999999999997E-002   2.83260778818057     
 -8.399999999999996E-002   2.95379640569616     
 -7.999999999999996E-002   3.07941653160454     
 -7.599999999999996E-002   3.20924261874198     
 -7.199999999999995E-002   3.34295165036245     
 -6.799999999999995E-002   3.48010843285222     
 -6.399999999999995E-002   3.62015090313238     
 -6.000000000000005E-002   3.76237623762376     
 -5.600000000000005E-002   3.90592878875092     
 -5.200000000000005E-002   4.04979111603717     
 -4.800000000000004E-002   4.19277959219701     
 -4.400000000000004E-002   4.33354620928747     
 -4.000000000000004E-002   4.47058823529412     
 -3.600000000000003E-002   4.60226722216839     
 -3.200000000000003E-002   4.72683849139218     
 -2.800000000000002E-002   4.84249158935671     
 -2.400000000000002E-002   4.94740131236329     
 -2.000000000000002E-002   5.03978779840849     
 -1.600000000000001E-002   5.11798297597242     
 -1.200000000000001E-002   5.18049950921584     
 -8.000000000000007E-003   5.22609748047090     
 -4.000000000000004E-003   5.25384360137153     
  0.000000000000000E+000   5.26315789473684     
  4.000000000000004E-003   5.25384360137153     
  8.000000000000007E-003   5.22609748047090     
  1.200000000000001E-002   5.18049950921584     
  1.600000000000001E-002   5.11798297597242     
  2.000000000000002E-002   5.03978779840849     
  2.400000000000002E-002   4.94740131236330     
  2.800000000000002E-002   4.84249158935671     
  3.200000000000003E-002   4.72683849139218     
  3.600000000000003E-002   4.60226722216839     
  4.000000000000004E-002   4.47058823529412     
  4.400000000000004E-002   4.33354620928747     
  4.800000000000004E-002   4.19277959219702     
  5.200000000000005E-002   4.04979111603717     
  5.600000000000005E-002   3.90592878875092     
  6.000000000000005E-002   3.76237623762376     
  6.400000000000006E-002   3.62015090313238     
  6.800000000000006E-002   3.48010843285222     
  7.200000000000006E-002   3.34295165036245     
  7.600000000000007E-002   3.20924261874198     
  8.000000000000007E-002   3.07941653160454     
  8.400000000000007E-002   2.95379640569616     
  8.800000000000008E-002   2.83260778818057     
  9.200000000000008E-002   2.71599290982903     
  9.600000000000009E-002   2.60402390219834     
  0.100000000000000        2.49671484888305     
  0.104000000000000        2.39403255884280     
  0.108000000000000        2.29590603702450     
  0.112000000000000        2.20223468867356     
  0.116000000000000        2.11289533383746     
  0.120000000000000        2.02774813233725     
  0.124000000000000        1.94664153108479     
  0.128000000000000        1.86941634853792     
  0.132000000000000        1.79590910809483     
  0.136000000000000        1.72595472548236     
  0.140000000000000        1.65938864628821     
  0.144000000000000        1.59604851987501     
  0.148000000000000        1.53577548579004     
  0.152000000000000        1.47841513897102     
  0.156000000000000        1.42381823086838     
  0.160000000000000        1.37184115523466     
  0.164000000000000        1.32234625984800     
  0.168000000000000        1.27520201884614     
  0.172000000000000        1.23028309461525     
  0.176000000000000        1.18747031324217     
  0.180000000000000        1.14665057332529     
  0.184000000000000        1.10771670436790     
  0.188000000000000        1.07056728797133     
  0.192000000000000        1.03510645252675     
  0.196000000000000        1.00124365000738     
  0.200000000000000       0.968893421723611     
  0.204000000000000       0.937975158468435     
  0.208000000000000       0.908412859301192     
  0.212000000000000       0.880134892252960     
  0.216000000000000       0.853073759451160     
  0.220000000000000       0.827165868524162     
  0.224000000000000       0.802351311633250     
  0.228000000000000       0.778573653067581     
  0.232000000000000       0.755779726009961     
  0.236000000000000       0.733919438822021     
  0.240000000000000       0.712945590994372     
  0.244000000000000       0.692813698750018     
  0.248000000000000       0.673481830169150     
  0.252000000000000       0.654910449613258     
  0.256000000000000       0.637062271160526     
  0.260000000000000       0.619902120717782     
  0.264000000000000       0.603396806443008     
  0.268000000000000       0.587514997093347     
  0.272000000000000       0.572227107903962     
  0.276000000000000       0.557505193601014     
  0.280000000000000       0.543322848155562     
  0.284000000000000       0.529655110893054     
  0.288000000000000       0.516478378584088     
  0.292000000000000       0.503770323155405     
  0.296000000000000       0.491509814674931     
  0.300000000000000       0.479676849280485     
  0.304000000000000       0.468252481738153     
  0.308000000000000       0.457218762332875     
  0.312000000000000       0.446558677810264     
  0.316000000000000       0.436256096104922     
  0.320000000000000       0.426295714606237     
  0.324000000000000       0.416663011727967     
  0.328000000000000       0.407344201562487     
  0.332000000000000       0.398326191414603     
  0.336000000000000       0.389596542023113     
  0.340000000000000       0.381143430290873     
  0.344000000000000       0.372955614356043     
  0.348000000000000       0.365022400848389     
  0.352000000000000       0.357333614185016     
  0.356000000000000       0.349879567769831     
  0.360000000000000       0.342651036970243     
  0.364000000000000       0.335639233753294     
  0.368000000000000       0.328835782871463     
  0.372000000000000       0.322232699495960     
  0.376000000000000       0.315822368202339     
  0.380000000000000       0.309597523219814     
  0.384000000000000       0.303551229861773     
  0.388000000000000       0.297676867060645     
  0.392000000000000       0.291968110935589     
  0.396000000000000       0.286418919326343     
  0.400000000000000       0.281023517231179     
  0.404000000000000       0.275776383091134     
  0.408000000000000       0.270672235866636     
  0.412000000000000       0.265706022856312     
  0.416000000000000       0.260872908211181     
  0.420000000000000       0.256168262100580     
  0.424000000000000       0.251587650489140     
  0.428000000000000       0.247126825486840     
  0.432000000000000       0.242781716236730     
  0.436000000000000       0.238548420307250     
  0.440000000000000       0.234423195558297     
  0.444000000000000       0.230402452452210     
  0.448000000000000       0.226482746782753     
  0.452000000000000       0.222660772796948     
  0.456000000000000       0.218933356686225     
  0.460000000000000       0.215297450424929     
  0.464000000000000       0.211750125935601     
  0.468000000000000       0.208288569561805     
  0.472000000000000       0.204910076830494     
  0.476000000000000       0.201612047487065     
  0.480000000000000       0.198391980787303     
  0.484000000000000       0.195247471031441     
  0.488000000000000       0.192176203326469     
  0.492000000000000       0.189175949563701     
  0.496000000000000       0.186244564599417     
  0.500000000000000       0.183379982627160     
  0.504000000000000       0.180580213730939     
  0.508000000000000       0.177843340609310     
  0.512000000000000       0.175167515460838     
  0.516000000000000       0.172550957022097     
  0.520000000000000       0.169991947749843     
  0.524000000000000       0.167488831139523     
  0.528000000000000       0.165040009172750     
  0.532000000000000       0.162643939886800     
  0.536000000000000       0.160299135059614     
  0.540000000000000       0.158004158004158     
  0.544000000000000       0.155757621466351     
  0.548000000000000       0.153558185621135     
  0.552000000000000       0.151404556161528     
  0.556000000000000       0.149295482475853     
  0.560000000000000       0.147229755908563     
  0.564000000000000       0.145206208100366     
  0.568000000000000       0.143223709403616     
  0.572000000000000       0.141281167369107     
  0.576000000000000       0.139377525300689     
  0.580000000000000       0.137511760874285     
  0.584000000000000       0.135682884818085     
  0.588000000000000       0.133889939650871     
  0.592000000000000       0.132131998475614     
  0.596000000000000       0.130408163825599     
  0.600000000000000       0.128717566560531     
  0.604000000000000       0.127059364810173     
  0.608000000000000       0.125432742963223     
  0.612000000000000       0.123836910699248     
  0.616000000000000       0.122271102061619     
  0.620000000000000       0.120734574569486     
  0.624000000000000       0.119226608366947     
  0.628000000000000       0.117746505407663     
  0.632000000000000       0.116293588673249     
  0.636000000000000       0.114867201423870     
  0.640000000000000       0.113466706479546     
  0.644000000000000       0.112091485530759     
  0.648000000000000       0.110740938476997     
  0.652000000000000       0.109414482791981     
  0.656000000000000       0.108111552914346     
  0.660000000000000       0.106831599662637     
  0.664000000000000       0.105574089673520     
  0.668000000000000       0.104338504862174     
  0.672000000000000       0.103124341903871     
  0.676000000000000       0.101931111735812     
  0.680000000000000       0.100758339078326     
  0.684000000000000       9.960556197458066E-002
  0.688000000000000       9.847233134799292E-002
  0.692000000000000       9.735821057658607E-002
  0.696000000000000       9.626277508354596E-002
  0.700000000000000       9.518561194328941E-002
  0.704000000000000       9.412631950237892E-002
  0.708000000000000       9.308450701465248E-002
  0.712000000000000       9.205979428996702E-002
  0.716000000000000       9.105181135598191E-002
  0.720000000000000       9.006019813243589E-002
  0.724000000000000       8.908460411739662E-002
  0.728000000000000       8.812468808498558E-002
  0.732000000000000       8.718011779410441E-002
  0.736000000000000       8.625056970771043E-002
  0.740000000000000       8.533572872220974E-002
  0.744000000000000       8.443528790655590E-002
  0.748000000000000       8.354894825066091E-002
  0.752000000000000       8.267641842274279E-002
  0.756000000000000       8.181741453525124E-002
  0.760000000000000       8.097165991902833E-002
  0.764000000000000       8.013888490537704E-002
  0.768000000000000       7.931882661572448E-002
  0.772000000000000       7.851122875858044E-002
  0.776000000000000       7.771584143350549E-002
  0.780000000000000       7.693242094181478E-002
  0.784000000000000       7.616072960375575E-002
  0.788000000000000       7.540053558190957E-002
  0.792000000000000       7.465161271057646E-002
  0.796000000000000       7.391374033091569E-002
  0.800000000000000       7.318670313162048E-002
  0.804000000000000       7.247029099491790E-002
  0.808000000000000       7.176429884769196E-002
  0.812000000000000       7.106852651753745E-002
  0.816000000000000       7.038277859355943E-002
  0.820000000000000       6.970686429174154E-002
  0.824000000000000       6.904059732471317E-002
  0.828000000000000       6.838379577575297E-002
  0.832000000000000       6.773628197687269E-002
  0.836000000000000       6.709788239083174E-002
  0.840000000000000       6.646842749693894E-002
  0.844000000000000       6.584775168050393E-002
  0.848000000000000       6.523569312580599E-002
  0.852000000000000       6.463209371245385E-002
  0.856000000000000       6.403679891501439E-002
  0.860000000000000       6.344965770579394E-002
  0.864000000000000       6.287052246065958E-002
  0.868000000000000       6.229924886779310E-002
  0.872000000000000       6.173569583927402E-002
  0.876000000000000       6.117972542539230E-002
  0.880000000000000       6.063120273159524E-002
  0.884000000000000       6.008999583797714E-002
  0.888000000000000       5.955597572122287E-002
  0.892000000000000       5.902901617892130E-002
  0.896000000000000       5.850899375616655E-002
  0.900000000000000       5.799578767436892E-002
  0.904000000000000       5.748927976220014E-002
  0.908000000000000       5.698935438860021E-002
  0.912000000000000       5.649589839777632E-002
  0.916000000000000       5.600880104612650E-002
  0.920000000000000       5.552795394102347E-002
  0.924000000000000       5.505325098139664E-002
  0.928000000000000       5.458458830005206E-002
  0.932000000000000       5.412186420767300E-002
  0.936000000000000       5.366497913844548E-002
  0.940000000000000       5.321383559725529E-002
  0.944000000000000       5.276833810840505E-002
  0.948000000000000       5.232839316580169E-002
  0.952000000000000       5.189390918456642E-002
  0.956000000000000       5.146479645402135E-002
  0.960000000000000       5.104096709200805E-002
  0.964000000000000       5.062233500049557E-002
  0.968000000000000       5.020881582243625E-002
  0.972000000000000       4.980032689983004E-002
  0.976000000000000       4.939678723295837E-002
  0.980000000000000       4.899811744075096E-002
  0.984000000000000       4.860423972224979E-002
  0.988000000000000       4.821507781913559E-002
  0.992000000000000       4.783055697928382E-002
  0.996000000000000       4.745060392131790E-002
