  -1.00000000000000       4.999500049995002E-003
 -0.996000000000000       5.039733256998175E-003
 -0.992000000000000       5.080454070663020E-003
 -0.988000000000000       5.121670402071615E-003
 -0.984000000000000       5.163390323393464E-003
 -0.980000000000000       5.205622071837585E-003
 -0.976000000000000       5.248374053718159E-003
 -0.972000000000000       5.291654848637506E-003
 -0.968000000000000       5.335473213790279E-003
 -0.964000000000000       5.379838088392893E-003
 -0.960000000000000       5.424758598242379E-003
 -0.956000000000000       5.470244060409001E-003
 -0.952000000000000       5.516303988067133E-003
 -0.948000000000000       5.562948095469092E-003
 -0.944000000000000       5.610186303066754E-003
 -0.940000000000000       5.658028742786015E-003
 -0.936000000000000       5.706485763459319E-003
 -0.932000000000000       5.755567936421696E-003
 -0.928000000000000       5.805286061275955E-003
 -0.924000000000000       5.855651171832913E-003
 -0.920000000000000       5.906674542232724E-003
 -0.916000000000000       5.958367693253698E-003
 -0.912000000000000       6.010742398815163E-003
 -0.908000000000000       6.063810692681223E-003
 -0.904000000000000       6.117584875372561E-003
 -0.900000000000000       6.172077521293668E-003
 -0.896000000000000       6.227301486083228E-003
 -0.892000000000000       6.283269914195667E-003
 -0.888000000000000       6.339996246722223E-003
 -0.884000000000000       6.397494229460206E-003
 -0.880000000000000       6.455777921239510E-003
 -0.876000000000000       6.514861702515780E-003
 -0.872000000000000       6.574760284240038E-003
 -0.868000000000000       6.635488717014987E-003
 -0.864000000000000       6.697062400548625E-003
 -0.860000000000000       6.759497093416251E-003
 -0.856000000000000       6.822808923142423E-003
 -0.852000000000000       6.887014396614896E-003
 -0.848000000000000       6.952130410843100E-003
 -0.844000000000000       7.018174264074248E-003
 -0.840000000000000       7.085163667280716E-003
 -0.836000000000000       7.153116756032940E-003
 -0.832000000000000       7.222052102772692E-003
 -0.828000000000000       7.291988729502219E-003
 -0.824000000000000       7.362946120905466E-003
 -0.820000000000000       7.434944237918215E-003
 -0.816000000000000       7.508003531764861E-003
 -0.812000000000000       7.582144958480174E-003
 -0.808000000000000       7.657389993935347E-003
 -0.804000000000000       7.733760649388415E-003
 -0.800000000000000       7.811279487580066E-003
 -0.796000000000000       7.889969639396827E-003
 -0.792000000000000       7.969854821124578E-003
 -0.788000000000000       8.050959352316421E-003
 -0.784000000000000       8.133308174300047E-003
 -0.780000000000000       8.216926869350862E-003
 -0.776000000000000       8.301841680558414E-003
 -0.772000000000000       8.388079532414895E-003
 -0.768000000000000       8.475668052155870E-003
 -0.764000000000000       8.564635591884836E-003
 -0.760000000000000       8.655011251514627E-003
 -0.756000000000000       8.746824902560370E-003
 -0.752000000000000       8.840107212820277E-003
 -0.748000000000000       8.934889671982331E-003
 -0.744000000000000       9.031204618196793E-003
 -0.740000000000000       9.129085265656381E-003
 -0.736000000000000       9.228565733228005E-003
 -0.732000000000000       9.329681074182162E-003
 -0.728000000000000       9.432467307068315E-003
 -0.724000000000000       9.536961447787044E-003
 -0.720000000000000       9.643201542912247E-003
 -0.716000000000000       9.751226704319405E-003
 -0.712000000000000       9.861077145178723E-003
 -0.708000000000000       9.972794217375002E-003
 -0.704000000000000       1.008642045041920E-002
 -0.700000000000000       1.020199959192002E-002
 -0.696000000000000       1.031957664968753E-002
 -0.692000000000000       1.043919793554422E-002
 -0.688000000000000       1.056091111092337E-002
 -0.684000000000000       1.068476523433828E-002
 -0.680000000000000       1.081081081081081E-002
 -0.676000000000000       1.093909984335209E-002
 -0.672000000000000       1.106968588659329E-002
 -0.668000000000000       1.120262410266981E-002
 -0.664000000000000       1.133797131946775E-002
 -0.660000000000000       1.147578609134726E-002
 -0.656000000000000       1.161612876246411E-002
 -0.652000000000000       1.175906153281719E-002
 -0.648000000000000       1.190464852715689E-002
 -0.644000000000000       1.205295586689680E-002
 -0.640000000000000       1.220405174517940E-002
 -0.636000000000000       1.235800650525463E-002
 -0.632000000000000       1.251489272233959E-002
 -0.628000000000000       1.267478528913720E-002
 -0.624000000000000       1.283776150520186E-002
 -0.620000000000000       1.300390117035111E-002
 -0.616000000000000       1.317328668233410E-002
 -0.612000000000000       1.334600313897994E-002
 -0.608000000000000       1.352213844506226E-002
 -0.604000000000000       1.370178342413049E-002
 -0.600000000000000       1.388503193557345E-002
 -0.596000000000000       1.407198099719686E-002
 -0.592000000000000       1.426273091361349E-002
 -0.588000000000000       1.445738541076323E-002
 -0.584000000000000       1.465605177689972E-002
 -0.580000000000000       1.485884101040119E-002
 -0.576000000000000       1.506586797478576E-002
 -0.572000000000000       1.527725156133511E-002
 -0.568000000000000       1.549311485975632E-002
 -0.564000000000000       1.571358533733925E-002
 -0.560000000000000       1.593879502709595E-002
 -0.556000000000000       1.616888072540066E-002
 -0.552000000000000       1.640398419968242E-002
 -0.548000000000000       1.664425240675890E-002
 -0.544000000000000       1.688983772243916E-002
 -0.540000000000000       1.714089818306479E-002
 -0.536000000000000       1.739759773970410E-002
 -0.532000000000000       1.766010652576256E-002
 -0.528000000000000       1.792860113882474E-002
 -0.524000000000000       1.820326493759921E-002
 -0.520000000000000       1.848428835489833E-002
 -0.516000000000000       1.877186922765021E-002
 -0.512000000000000       1.906621314500999E-002
 -0.508000000000000       1.936753381571404E-002
 -0.504000000000000       1.967605345590203E-002
 -0.500000000000000       1.999200319872051E-002
 -0.496000000000000       2.031562352711729E-002
 -0.492000000000000       2.064716473133909E-002
 -0.488000000000000       2.098688739275700E-002
 -0.484000000000000       2.133506289576542E-002
 -0.480000000000000       2.169197396963123E-002
 -0.476000000000000       2.205791526231272E-002
 -0.472000000000000       2.243319394842160E-002
 -0.468000000000000       2.281813037366970E-002
 -0.464000000000000       2.321305873832383E-002
 -0.460000000000000       2.361832782239017E-002
 -0.456000000000000       2.403430175546540E-002
 -0.452000000000000       2.446136083442594E-002
 -0.448000000000000       2.489990239238262E-002
 -0.444000000000000       2.535034172260642E-002
 -0.440000000000000       2.581311306143521E-002
 -0.436000000000000       2.628867063450334E-002
 -0.432000000000000       2.677748977099889E-002
 -0.428000000000000       2.728006809104994E-002
 -0.424000000000000       2.779692677177610E-002
 -0.420000000000000       2.832861189801698E-002
 -0.416000000000000       2.887569590427128E-002
 -0.412000000000000       2.943877911495253E-002
 -0.408000000000000       3.001849139069666E-002
 -0.404000000000000       3.061549388914741E-002
 -0.400000000000000       3.123048094940661E-002
 -0.396000000000000       3.186418211017358E-002
 -0.392000000000000       3.251736427252151E-002
 -0.388000000000000       3.319083401927723E-002
 -0.384000000000000       3.388544010409606E-002
 -0.380000000000000       3.460207612456746E-002
 -0.376000000000000       3.534168339506347E-002
 -0.372000000000000       3.610525403656739E-002
 -0.368000000000000       3.689383430241137E-002
 -0.364000000000000       3.770852816072882E-002
 -0.360000000000000       3.855050115651502E-002
 -0.356000000000000       3.942098457851082E-002
 -0.352000000000000       4.032127995871100E-002
 -0.348000000000000       4.125276393518365E-002
 -0.344000000000000       4.221689351210780E-002
 -0.340000000000000       4.321521175453759E-002
 -0.336000000000000       4.424935395943218E-002
 -0.332000000000000       4.532105434900837E-002
 -0.328000000000000       4.643215333754318E-002
 -0.324000000000000       4.758460542845178E-002
 -0.320000000000000       4.878048780487805E-002
 -0.316000000000000       5.002200968426108E-002
 -0.312000000000000       5.131152251549605E-002
 -0.308000000000000       5.265153110652454E-002
 -0.304000000000000       5.404470578062170E-002
 -0.300000000000000       5.549389567147611E-002
 -0.296000000000000       5.700214328058732E-002
 -0.292000000000000       5.857270043578085E-002
 -0.288000000000000       6.020904580704201E-002
 -0.284000000000000       6.191490415572833E-002
 -0.280000000000000       6.369426751592352E-002
 -0.276000000000000       6.555141853269701E-002
 -0.272000000000000       6.749095621186757E-002
 -0.268000000000000       6.951782437016847E-002
 -0.264000000000000       7.163734311421854E-002
 -0.260000000000000       7.385524372230425E-002
 -0.256000000000000       7.617770735571938E-002
 -0.252000000000000       7.861140808754163E-002
 -0.248000000000000       8.116356080773975E-002
 -0.244000000000000       8.384197464618685E-002
 -0.240000000000000       8.665511265164644E-002
 -0.236000000000000       8.961215857767581E-002
 -0.232000000000000       9.272309175877159E-002
 -0.228000000000000       9.599877121572843E-002
 -0.224000000000000       9.945103031267404E-002
 -0.220000000000000       0.103092783505155     
 -0.216000000000000       0.106938146975789     
 -0.212000000000000       0.111002575259746     
 -0.208000000000000       0.115303016326907     
 -0.204000000000000       0.119858088023780     
 -0.200000000000000       0.124688279301746     
 -0.196000000000000       0.129816180288711     
 -0.192000000000000       0.135266746023158     
 -0.188000000000000       0.141067599593725     
 -0.184000000000000       0.147249381552597     
 -0.180000000000000       0.153846153846154     
 -0.176000000000000       0.160895868194105     
 -0.172000000000000       0.168440910928446     
 -0.168000000000000       0.176528738878689     
 -0.164000000000000       0.185212624092458     
 -0.160000000000000       0.194552529182879     
 -0.156000000000000       0.204616140121133     
 -0.152000000000000       0.215480089639717     
 -0.148000000000000       0.227231412470460     
 -0.144000000000000       0.239969283931657     
 -0.140000000000000       0.253807106598985     
 -0.136000000000000       0.268875026887503     
 -0.132000000000000       0.285322985619721     
 -0.128000000000000       0.303324435816549     
 -0.124000000000000       0.323080899457224     
 -0.120000000000000       0.344827586206896     
 -0.116000000000000       0.368840365889643     
 -0.112000000000000       0.395444479595065     
 -0.108000000000000       0.425025501530092     
 -0.104000000000000       0.458043239281788     
 -0.100000000000000       0.495049504950495     
 -9.599999999999997E-002  0.536711034778875     
 -9.199999999999997E-002  0.583839327417095     
 -8.799999999999997E-002  0.637429882712902     
 -8.399999999999996E-002  0.698714365567356     
 -7.999999999999996E-002  0.769230769230769     
 -7.599999999999996E-002  0.850918992511913     
 -7.199999999999995E-002  0.946252838758517     
 -6.799999999999995E-002   1.05842506350550     
 -6.399999999999995E-002   1.19161105815062     
 -6.000000000000005E-002   1.35135135135135     
 -5.600000000000005E-002   1.54511742892459     
 -5.200000000000005E-002   1.78316690442225     
 -4.800000000000004E-002   2.07986688851913     
 -4.400000000000004E-002   2.45579567779960     
 -4.000000000000004E-002   2.94117647058823     
 -3.600000000000003E-002   3.58166189111747     
 -3.200000000000003E-002   4.44839857651244     
 -2.800000000000002E-002   5.65610859728505     
 -2.400000000000002E-002   7.39644970414198     
 -2.000000000000002E-002   9.99999999999996     
 -1.600000000000001E-002   14.0449438202247     
 -1.200000000000001E-002   20.4918032786884     
 -8.000000000000007E-003   30.4878048780487     
 -4.000000000000004E-003   43.1034482758620     
  0.000000000000000E+000   50.0000000000000     
  4.000000000000004E-003   43.1034482758621     
  8.000000000000007E-003   30.4878048780489     
  1.200000000000001E-002   20.4918032786886     
  1.600000000000001E-002   14.0449438202247     
  2.000000000000002E-002   10.0000000000000     
  2.400000000000002E-002   7.39644970414202     
  2.800000000000002E-002   5.65610859728507     
  3.200000000000003E-002   4.44839857651246     
  3.600000000000003E-002   3.58166189111748     
  4.000000000000004E-002   2.94117647058823     
  4.400000000000004E-002   2.45579567779961     
  4.800000000000004E-002   2.07986688851913     
  5.200000000000005E-002   1.78316690442225     
  5.600000000000005E-002   1.54511742892460     
  6.000000000000005E-002   1.35135135135135     
  6.400000000000006E-002   1.19161105815062     
  6.800000000000006E-002   1.05842506350550     
  7.200000000000006E-002  0.946252838758515     
  7.600000000000007E-002  0.850918992511912     
  8.000000000000007E-002  0.769230769230768     
  8.400000000000007E-002  0.698714365567355     
  8.800000000000008E-002  0.637429882712901     
  9.200000000000008E-002  0.583839327417094     
  9.600000000000009E-002  0.536711034778874     
  0.100000000000000       0.495049504950494     
  0.104000000000000       0.458043239281788     
  0.108000000000000       0.425025501530091     
  0.112000000000000       0.395444479595064     
  0.116000000000000       0.368840365889642     
  0.120000000000000       0.344827586206896     
  0.124000000000000       0.323080899457224     
  0.128000000000000       0.303324435816550     
  0.132000000000000       0.285322985619722     
  0.136000000000000       0.268875026887503     
  0.140000000000000       0.253807106598985     
  0.144000000000000       0.239969283931657     
  0.148000000000000       0.227231412470460     
  0.152000000000000       0.215480089639718     
  0.156000000000000       0.204616140121133     
  0.160000000000000       0.194552529182880     
  0.164000000000000       0.185212624092458     
  0.168000000000000       0.176528738878690     
  0.172000000000000       0.168440910928446     
  0.176000000000000       0.160895868194105     
  0.180000000000000       0.153846153846154     
  0.184000000000000       0.147249381552598     
  0.188000000000000       0.141067599593725     
  0.192000000000000       0.135266746023158     
  0.196000000000000       0.129816180288711     
  0.200000000000000       0.124688279301746     
  0.204000000000000       0.119858088023780     
  0.208000000000000       0.115303016326907     
  0.212000000000000       0.111002575259746     
  0.216000000000000       0.106938146975789     
  0.220000000000000       0.103092783505155     
  0.224000000000000       9.945103031267409E-002
  0.228000000000000       9.599877121572849E-002
  0.232000000000000       9.272309175877164E-002
  0.236000000000000       8.961215857767585E-002
  0.240000000000000       8.665511265164648E-002
  0.244000000000000       8.384197464618690E-002
  0.248000000000000       8.116356080773977E-002
  0.252000000000000       7.861140808754170E-002
  0.256000000000000       7.617770735571945E-002
  0.260000000000000       7.385524372230431E-002
  0.264000000000000       7.163734311421860E-002
  0.268000000000000       6.951782437016853E-002
  0.272000000000000       6.749095621186763E-002
  0.276000000000000       6.555141853269707E-002
  0.280000000000000       6.369426751592358E-002
  0.284000000000000       6.191490415572838E-002
  0.288000000000000       6.020904580704206E-002
  0.292000000000000       5.857270043578090E-002
  0.296000000000000       5.700214328058736E-002
  0.300000000000000       5.549389567147614E-002
  0.304000000000000       5.404470578062173E-002
  0.308000000000000       5.265153110652458E-002
  0.312000000000000       5.131152251549608E-002
  0.316000000000000       5.002200968426108E-002
  0.320000000000000       4.878048780487805E-002
  0.324000000000000       4.758460542845178E-002
  0.328000000000000       4.643215333754318E-002
  0.332000000000000       4.532105434900837E-002
  0.336000000000000       4.424935395943218E-002
  0.340000000000000       4.321521175453759E-002
  0.344000000000000       4.221689351210780E-002
  0.348000000000000       4.125276393518365E-002
  0.352000000000000       4.032127995871100E-002
  0.356000000000000       3.942098457851082E-002
  0.360000000000000       3.855050115651502E-002
  0.364000000000000       3.770852816072882E-002
  0.368000000000000       3.689383430241137E-002
  0.372000000000000       3.610525403656739E-002
  0.376000000000000       3.534168339506351E-002
  0.380000000000000       3.460207612456750E-002
  0.384000000000000       3.388544010409610E-002
  0.388000000000000       3.319083401927726E-002
  0.392000000000000       3.251736427252155E-002
  0.396000000000000       3.186418211017362E-002
  0.400000000000000       3.123048094940665E-002
  0.404000000000000       3.061549388914744E-002
  0.408000000000000       3.001849139069669E-002
  0.412000000000000       2.943877911495256E-002
  0.416000000000000       2.887569590427131E-002
  0.420000000000000       2.832861189801701E-002
  0.424000000000000       2.779692677177613E-002
  0.428000000000000       2.728006809104997E-002
  0.432000000000000       2.677748977099892E-002
  0.436000000000000       2.628867063450337E-002
  0.440000000000000       2.581311306143522E-002
  0.444000000000000       2.535034172260643E-002
  0.448000000000000       2.489990239238263E-002
  0.452000000000000       2.446136083442595E-002
  0.456000000000000       2.403430175546541E-002
  0.460000000000000       2.361832782239019E-002
  0.464000000000000       2.321305873832384E-002
  0.468000000000000       2.281813037366971E-002
  0.472000000000000       2.243319394842161E-002
  0.476000000000000       2.205791526231273E-002
  0.480000000000000       2.169197396963124E-002
  0.484000000000000       2.133506289576542E-002
  0.488000000000000       2.098688739275701E-002
  0.492000000000000       2.064716473133910E-002
  0.496000000000000       2.031562352711730E-002
  0.500000000000000       1.999200319872052E-002
  0.504000000000000       1.967605345590203E-002
  0.508000000000000       1.936753381571404E-002
  0.512000000000000       1.906621314500999E-002
  0.516000000000000       1.877186922765021E-002
  0.520000000000000       1.848428835489833E-002
  0.524000000000000       1.820326493759921E-002
  0.528000000000000       1.792860113882474E-002
  0.532000000000000       1.766010652576256E-002
  0.536000000000000       1.739759773970410E-002
  0.540000000000000       1.714089818306479E-002
  0.544000000000000       1.688983772243916E-002
  0.548000000000000       1.664425240675890E-002
  0.552000000000000       1.640398419968242E-002
  0.556000000000000       1.616888072540066E-002
  0.560000000000000       1.593879502709595E-002
  0.564000000000000       1.571358533733925E-002
  0.568000000000000       1.549311485975632E-002
  0.572000000000000       1.527725156133511E-002
  0.576000000000000       1.506586797478576E-002
  0.580000000000000       1.485884101040118E-002
  0.584000000000000       1.465605177689971E-002
  0.588000000000000       1.445738541076323E-002
  0.592000000000000       1.426273091361349E-002
  0.596000000000000       1.407198099719686E-002
  0.600000000000000       1.388503193557345E-002
  0.604000000000000       1.370178342413048E-002
  0.608000000000000       1.352213844506225E-002
  0.612000000000000       1.334600313897993E-002
  0.616000000000000       1.317328668233409E-002
  0.620000000000000       1.300390117035110E-002
  0.624000000000000       1.283776150520186E-002
  0.628000000000000       1.267478528913720E-002
  0.632000000000000       1.251489272233959E-002
  0.636000000000000       1.235800650525463E-002
  0.640000000000000       1.220405174517940E-002
  0.644000000000000       1.205295586689680E-002
  0.648000000000000       1.190464852715689E-002
  0.652000000000000       1.175906153281719E-002
  0.656000000000000       1.161612876246411E-002
  0.660000000000000       1.147578609134726E-002
  0.664000000000000       1.133797131946775E-002
  0.668000000000000       1.120262410266981E-002
  0.672000000000000       1.106968588659328E-002
  0.676000000000000       1.093909984335209E-002
  0.680000000000000       1.081081081081081E-002
  0.684000000000000       1.068476523433827E-002
  0.688000000000000       1.056091111092336E-002
  0.692000000000000       1.043919793554422E-002
  0.696000000000000       1.031957664968752E-002
  0.700000000000000       1.020199959192002E-002
  0.704000000000000       1.008642045041919E-002
  0.708000000000000       9.972794217375002E-003
  0.712000000000000       9.861077145178723E-003
  0.716000000000000       9.751226704319405E-003
  0.720000000000000       9.643201542912247E-003
  0.724000000000000       9.536961447787044E-003
  0.728000000000000       9.432467307068315E-003
  0.732000000000000       9.329681074182162E-003
  0.736000000000000       9.228565733228005E-003
  0.740000000000000       9.129085265656381E-003
  0.744000000000000       9.031204618196793E-003
  0.748000000000000       8.934889671982331E-003
  0.752000000000000       8.840107212820277E-003
  0.756000000000000       8.746824902560370E-003
  0.760000000000000       8.655011251514627E-003
  0.764000000000000       8.564635591884836E-003
  0.768000000000000       8.475668052155870E-003
  0.772000000000000       8.388079532414895E-003
  0.776000000000000       8.301841680558414E-003
  0.780000000000000       8.216926869350862E-003
  0.784000000000000       8.133308174300047E-003
  0.788000000000000       8.050959352316421E-003
  0.792000000000000       7.969854821124578E-003
  0.796000000000000       7.889969639396827E-003
  0.800000000000000       7.811279487580064E-003
  0.804000000000000       7.733760649388413E-003
  0.808000000000000       7.657389993935345E-003
  0.812000000000000       7.582144958480173E-003
  0.816000000000000       7.508003531764860E-003
  0.820000000000000       7.434944237918214E-003
  0.824000000000000       7.362946120905464E-003
  0.828000000000000       7.291988729502217E-003
  0.832000000000000       7.222052102772688E-003
  0.836000000000000       7.153116756032937E-003
  0.840000000000000       7.085163667280712E-003
  0.844000000000000       7.018174264074245E-003
  0.848000000000000       6.952130410843096E-003
  0.852000000000000       6.887014396614892E-003
  0.856000000000000       6.822808923142420E-003
  0.860000000000000       6.759497093416248E-003
  0.864000000000000       6.697062400548621E-003
  0.868000000000000       6.635488717014983E-003
  0.872000000000000       6.574760284240034E-003
  0.876000000000000       6.514861702515780E-003
  0.880000000000000       6.455777921239510E-003
  0.884000000000000       6.397494229460206E-003
  0.888000000000000       6.339996246722223E-003
  0.892000000000000       6.283269914195666E-003
  0.896000000000000       6.227301486083227E-003
  0.900000000000000       6.172077521293668E-003
  0.904000000000000       6.117584875372561E-003
  0.908000000000000       6.063810692681223E-003
  0.912000000000000       6.010742398815163E-003
  0.916000000000000       5.958367693253698E-003
  0.920000000000000       5.906674542232723E-003
  0.924000000000000       5.855651171832912E-003
  0.928000000000000       5.805286061275955E-003
  0.932000000000000       5.755567936421694E-003
  0.936000000000000       5.706485763459317E-003
  0.940000000000000       5.658028742786013E-003
  0.944000000000000       5.610186303066752E-003
  0.948000000000000       5.562948095469090E-003
  0.952000000000000       5.516303988067131E-003
  0.956000000000000       5.470244060408999E-003
  0.960000000000000       5.424758598242378E-003
  0.964000000000000       5.379838088392892E-003
  0.968000000000000       5.335473213790277E-003
  0.972000000000000       5.291654848637504E-003
  0.976000000000000       5.248374053718158E-003
  0.980000000000000       5.205622071837584E-003
  0.984000000000000       5.163390323393463E-003
  0.988000000000000       5.121670402071613E-003
  0.992000000000000       5.080454070663019E-003
  0.996000000000000       5.039733256998173E-003
