  -1.00000000000000       4.950495049504951E-002
 -0.996000000000000       4.989940280394725E-002
 -0.992000000000000       5.029857232532313E-002
 -0.988000000000000       5.070253431547524E-002
 -0.984000000000000       5.111136553213066E-002
 -0.980000000000000       5.152514427040397E-002
 -0.976000000000000       5.194395039976065E-002
 -0.972000000000000       5.236786540201764E-002
 -0.968000000000000       5.279697241041411E-002
 -0.964000000000000       5.323135624978709E-002
 -0.960000000000000       5.367110347788752E-002
 -0.956000000000000       5.411630242787380E-002
 -0.952000000000000       5.456704325202118E-002
 -0.948000000000000       5.502341796668664E-002
 -0.944000000000000       5.548552049857071E-002
 -0.940000000000000       5.595344673231873E-002
 -0.936000000000000       5.642729455950599E-002
 -0.932000000000000       5.690716392905272E-002
 -0.928000000000000       5.739315689911661E-002
 -0.924000000000000       5.788537769051236E-002
 -0.920000000000000       5.838393274170948E-002
 -0.916000000000000       5.888893076546188E-002
 -0.912000000000000       5.940048280712426E-002
 -0.908000000000000       5.991870230471297E-002
 -0.904000000000000       6.044370515077079E-002
 -0.900000000000000       6.097560975609757E-002
 -0.896000000000000       6.151453711541112E-002
 -0.892000000000000       6.206061087500497E-002
 -0.888000000000000       6.261395740247250E-002
 -0.884000000000000       6.317470585856952E-002
 -0.880000000000000       6.374298827129016E-002
 -0.876000000000000       6.431893961223398E-002
 -0.872000000000000       6.490269787534529E-002
 -0.868000000000000       6.549440415810875E-002
 -0.864000000000000       6.609420274528882E-002
 -0.860000000000000       6.670224119530418E-002
 -0.856000000000000       6.731867042933157E-002
 -0.852000000000000       6.794364482323784E-002
 -0.848000000000000       6.857732230244247E-002
 -0.844000000000000       6.921986443981751E-002
 -0.840000000000000       6.987143655673562E-002
 -0.836000000000000       7.053220782738231E-002
 -0.832000000000000       7.120235138645221E-002
 -0.828000000000000       7.188204444035516E-002
 -0.824000000000000       7.257146838206266E-002
 -0.820000000000000       7.327080890973037E-002
 -0.816000000000000       7.398025614923889E-002
 -0.812000000000000       7.470000478080031E-002
 -0.808000000000000       7.543025416978445E-002
 -0.804000000000000       7.617120850192562E-002
 -0.800000000000000       7.692307692307693E-002
 -0.796000000000000       7.768607368368718E-002
 -0.792000000000000       7.846041828818198E-002
 -0.788000000000000       7.924633564943959E-002
 -0.784000000000000       8.004405624855922E-002
 -0.780000000000000       8.085381630012937E-002
 -0.776000000000000       8.167585792321164E-002
 -0.772000000000000       8.251042931826584E-002
 -0.768000000000000       8.335778495025209E-002
 -0.764000000000000       8.421818573815557E-002
 -0.760000000000000       8.509189925119130E-002
 -0.756000000000000       8.597919991195732E-002
 -0.752000000000000       8.688036920681699E-002
 -0.748000000000000       8.779569590380402E-002
 -0.744000000000000       8.872547627835668E-002
 -0.740000000000000       8.967001434720231E-002
 -0.736000000000000       9.062962211072767E-002
 -0.732000000000000       9.160461980418599E-002
 -0.728000000000000       9.259533615810842E-002
 -0.724000000000000       9.360210866830411E-002
 -0.720000000000000       9.462528387585166E-002
 -0.716000000000000       9.566521765750324E-002
 -0.712000000000000       9.672227552694299E-002
 -0.708000000000000       9.779683294736186E-002
 -0.704000000000000       9.888927565583371E-002
 -0.700000000000000       0.100000000000000     
 -0.696000000000000       0.101129413287596     
 -0.692000000000000       0.102277934149375     
 -0.688000000000000       0.103445992916018     
 -0.684000000000000       0.104634032009643     
 -0.680000000000000       0.105842506350550     
 -0.676000000000000       0.107071883779895     
 -0.672000000000000       0.108322645498977     
 -0.668000000000000       0.109595286525917     
 -0.664000000000000       0.110890316170470     
 -0.660000000000000       0.112208258527828     
 -0.656000000000000       0.113549652992260     
 -0.652000000000000       0.114915054791498     
 -0.648000000000000       0.116305035542819     
 -0.644000000000000       0.117720183831839     
 -0.640000000000000       0.119161105815062     
 -0.636000000000000       0.120628425847294     
 -0.632000000000000       0.122122787135097     
 -0.628000000000000       0.123644852417504     
 -0.624000000000000       0.125195304675293     
 -0.620000000000000       0.126774847870183     
 -0.616000000000000       0.128384207715377     
 -0.612000000000000       0.130024132478988     
 -0.608000000000000       0.131695393821906     
 -0.604000000000000       0.133398787671818     
 -0.600000000000000       0.135135135135135     
 -0.596000000000000       0.136905283448699     
 -0.592000000000000       0.138710106973234     
 -0.588000000000000       0.140550508230638     
 -0.584000000000000       0.142427418987284     
 -0.580000000000000       0.144341801385681     
 -0.576000000000000       0.146294649126914     
 -0.572000000000000       0.148286988706463     
 -0.568000000000000       0.150319880706143     
 -0.564000000000000       0.152394421145031     
 -0.560000000000000       0.154511742892460     
 -0.556000000000000       0.156673017146295     
 -0.552000000000000       0.158879454979918     
 -0.548000000000000       0.161132308961534     
 -0.544000000000000       0.163432874849642     
 -0.540000000000000       0.165782493368700     
 -0.536000000000000       0.168182552069318     
 -0.532000000000000       0.170634487277493     
 -0.528000000000000       0.173139786137736     
 -0.524000000000000       0.175699988755201     
 -0.520000000000000       0.178316690442225     
 -0.516000000000000       0.180991544075061     
 -0.512000000000000       0.183726262566876     
 -0.508000000000000       0.186522621463531     
 -0.504000000000000       0.189382461668990     
 -0.500000000000000       0.192307692307692     
 -0.496000000000000       0.195300293731642     
 -0.492000000000000       0.198362320680462     
 -0.488000000000000       0.201495905603198     
 -0.484000000000000       0.204703262151186     
 -0.480000000000000       0.207986688851913     
 -0.476000000000000       0.211348572974435     
 -0.472000000000000       0.214791394597567     
 -0.468000000000000       0.218317730892832     
 -0.464000000000000       0.221930260634898     
 -0.460000000000000       0.225631768953069     
 -0.456000000000000       0.229425152338301     
 -0.452000000000000       0.233313423921159     
 -0.448000000000000       0.237299719037133     
 -0.444000000000000       0.241387301096864     
 -0.440000000000000       0.245579567779961     
 -0.436000000000000       0.249880057572365     
 -0.432000000000000       0.254292456668565     
 -0.428000000000000       0.258820606261388     
 -0.424000000000000       0.263468510243656     
 -0.420000000000000       0.268240343347639     
 -0.416000000000000       0.273140459750022     
 -0.412000000000000       0.278173402171978     
 -0.408000000000000       0.283343911506029     
 -0.404000000000000       0.288656937003510     
 -0.400000000000000       0.294117647058823     
 -0.396000000000000       0.299731440629196     
 -0.392000000000000       0.305503959331313     
 -0.388000000000000       0.311441100259119     
 -0.384000000000000       0.317549029570166     
 -0.380000000000000       0.323834196891192     
 -0.376000000000000       0.330303350597188     
 -0.372000000000000       0.336963554021997     
 -0.368000000000000       0.343822202662559     
 -0.364000000000000       0.350887042443297     
 -0.360000000000000       0.358166189111748     
 -0.356000000000000       0.365668148841563     
 -0.352000000000000       0.373401840124268     
 -0.348000000000000       0.381376617036856     
 -0.344000000000000       0.389602293978307     
 -0.340000000000000       0.398089171974522     
 -0.336000000000000       0.406848066657987     
 -0.332000000000000       0.415890338035667     
 -0.328000000000000       0.425227922166281     
 -0.324000000000000       0.434873364876148     
 -0.320000000000000       0.444839857651246     
 -0.316000000000000       0.455141275852024     
 -0.312000000000000       0.465792219406767     
 -0.308000000000000       0.476808056148916     
 -0.304000000000000       0.488204967973754     
 -0.300000000000000       0.500000000000000     
 -0.296000000000000       0.512211112932306     
 -0.292000000000000       0.524857238831038     
 -0.288000000000000       0.537958340506111     
 -0.284000000000000       0.551535474761736     
 -0.280000000000000       0.565610859728507     
 -0.276000000000000       0.580207946528035     
 -0.272000000000000       0.595351495522957     
 -0.268000000000000       0.611067657411028     
 -0.264000000000000       0.627384059425818     
 -0.260000000000000       0.644329896907216     
 -0.256000000000000       0.661936030502012     
 -0.252000000000000       0.680235089246844     
 -0.248000000000000       0.699261579771761     
 -0.244000000000000       0.719052001840773     
 -0.240000000000000       0.739644970414201     
 -0.236000000000000       0.761081344374087     
 -0.232000000000000       0.783404361995488     
 -0.228000000000000       0.806659783169850     
 -0.224000000000000       0.830896038287689     
 -0.220000000000000       0.856164383561644     
 -0.216000000000000       0.882519062411748     
 -0.212000000000000       0.910017472335469     
 -0.208000000000000       0.938720336437369     
 -0.204000000000000       0.968691878487291     
 -0.200000000000000        1.00000000000000     
 -0.196000000000000        1.03271645736946     
 -0.192000000000000        1.06691703653124     
 -0.188000000000000        1.10268172194778     
 -0.184000000000000        1.14009485589201     
 -0.180000000000000        1.17924528301887     
 -0.176000000000000        1.22022647403358     
 -0.172000000000000        1.26313662085691     
 -0.168000000000000        1.30807869401423     
 -0.164000000000000        1.35516045099740     
 -0.160000000000000        1.40449438202247     
 -0.156000000000000        1.45619757688723     
 -0.152000000000000        1.51039149347511     
 -0.148000000000000        1.56720160481444     
 -0.144000000000000        1.62675689744924     
 -0.140000000000000        1.68918918918919     
 -0.136000000000000        1.75463222908478     
 -0.132000000000000        1.82322053675613     
 -0.128000000000000        1.89508793208005     
 -0.124000000000000        1.97036569987390     
 -0.120000000000000        2.04918032786885     
 -0.116000000000000        2.13165075034106     
 -0.112000000000000        2.21788502484031     
 -0.108000000000000        2.30797636632201     
 -0.104000000000000        2.40199846272098     
 -0.100000000000000        2.50000000000000     
 -9.599999999999997E-002   2.60199833472107     
 -9.199999999999997E-002   2.70797227036395     
 -8.799999999999997E-002   2.81785392245266     
 -8.399999999999996E-002   2.93151969981238     
 -7.999999999999996E-002   3.04878048780488     
 -7.599999999999996E-002   3.16937119675456     
 -7.199999999999995E-002   3.29293993677555     
 -6.799999999999995E-002   3.41903719912473     
 -6.399999999999995E-002   3.54710556186152     
 -6.000000000000005E-002   3.67647058823529     
 -5.600000000000005E-002   3.80633373934226     
 -5.200000000000005E-002   3.93576826196473     
 -4.800000000000004E-002   4.06371911573472     
 -4.400000000000004E-002   4.18900804289544     
 -4.000000000000004E-002   4.31034482758620     
 -3.600000000000003E-002   4.42634560906515     
 -3.200000000000003E-002   4.53555878084180     
 -2.800000000000002E-002   4.63649851632047     
 -2.400000000000002E-002   4.72768532526475     
 -2.000000000000002E-002   4.80769230769231     
 -1.600000000000001E-002   4.87519500780031     
 -1.200000000000001E-002   4.92902208201893     
 -8.000000000000007E-003   4.96820349761526     
 -4.000000000000004E-003   4.99201277955272     
  0.000000000000000E+000   5.00000000000000     
  4.000000000000004E-003   4.99201277955272     
  8.000000000000007E-003   4.96820349761526     
  1.200000000000001E-002   4.92902208201893     
  1.600000000000001E-002   4.87519500780031     
  2.000000000000002E-002   4.80769230769231     
  2.400000000000002E-002   4.72768532526475     
  2.800000000000002E-002   4.63649851632047     
  3.200000000000003E-002   4.53555878084180     
  3.600000000000003E-002   4.42634560906516     
  4.000000000000004E-002   4.31034482758621     
  4.400000000000004E-002   4.18900804289544     
  4.800000000000004E-002   4.06371911573472     
  5.200000000000005E-002   3.93576826196473     
  5.600000000000005E-002   3.80633373934226     
  6.000000000000005E-002   3.67647058823529     
  6.400000000000006E-002   3.54710556186152     
  6.800000000000006E-002   3.41903719912473     
  7.200000000000006E-002   3.29293993677555     
  7.600000000000007E-002   3.16937119675456     
  8.000000000000007E-002   3.04878048780488     
  8.400000000000007E-002   2.93151969981238     
  8.800000000000008E-002   2.81785392245266     
  9.200000000000008E-002   2.70797227036395     
  9.600000000000009E-002   2.60199833472106     
  0.100000000000000        2.50000000000000     
  0.104000000000000        2.40199846272098     
  0.108000000000000        2.30797636632201     
  0.112000000000000        2.21788502484031     
  0.116000000000000        2.13165075034106     
  0.120000000000000        2.04918032786885     
  0.124000000000000        1.97036569987389     
  0.128000000000000        1.89508793208005     
  0.132000000000000        1.82322053675613     
  0.136000000000000        1.75463222908479     
  0.140000000000000        1.68918918918919     
  0.144000000000000        1.62675689744925     
  0.148000000000000        1.56720160481445     
  0.152000000000000        1.51039149347511     
  0.156000000000000        1.45619757688723     
  0.160000000000000        1.40449438202247     
  0.164000000000000        1.35516045099740     
  0.168000000000000        1.30807869401423     
  0.172000000000000        1.26313662085691     
  0.176000000000000        1.22022647403358     
  0.180000000000000        1.17924528301887     
  0.184000000000000        1.14009485589201     
  0.188000000000000        1.10268172194778     
  0.192000000000000        1.06691703653124     
  0.196000000000000        1.03271645736947     
  0.200000000000000        1.00000000000000     
  0.204000000000000       0.968691878487291     
  0.208000000000000       0.938720336437369     
  0.212000000000000       0.910017472335469     
  0.216000000000000       0.882519062411748     
  0.220000000000000       0.856164383561644     
  0.224000000000000       0.830896038287690     
  0.228000000000000       0.806659783169851     
  0.232000000000000       0.783404361995488     
  0.236000000000000       0.761081344374087     
  0.240000000000000       0.739644970414201     
  0.244000000000000       0.719052001840773     
  0.248000000000000       0.699261579771761     
  0.252000000000000       0.680235089246844     
  0.256000000000000       0.661936030502013     
  0.260000000000000       0.644329896907217     
  0.264000000000000       0.627384059425818     
  0.268000000000000       0.611067657411029     
  0.272000000000000       0.595351495522957     
  0.276000000000000       0.580207946528036     
  0.280000000000000       0.565610859728507     
  0.284000000000000       0.551535474761737     
  0.288000000000000       0.537958340506111     
  0.292000000000000       0.524857238831038     
  0.296000000000000       0.512211112932306     
  0.300000000000000       0.500000000000000     
  0.304000000000000       0.488204967973754     
  0.308000000000000       0.476808056148917     
  0.312000000000000       0.465792219406767     
  0.316000000000000       0.455141275852024     
  0.320000000000000       0.444839857651246     
  0.324000000000000       0.434873364876148     
  0.328000000000000       0.425227922166281     
  0.332000000000000       0.415890338035667     
  0.336000000000000       0.406848066657987     
  0.340000000000000       0.398089171974522     
  0.344000000000000       0.389602293978307     
  0.348000000000000       0.381376617036856     
  0.352000000000000       0.373401840124268     
  0.356000000000000       0.365668148841563     
  0.360000000000000       0.358166189111748     
  0.364000000000000       0.350887042443297     
  0.368000000000000       0.343822202662559     
  0.372000000000000       0.336963554021997     
  0.376000000000000       0.330303350597189     
  0.380000000000000       0.323834196891192     
  0.384000000000000       0.317549029570166     
  0.388000000000000       0.311441100259119     
  0.392000000000000       0.305503959331313     
  0.396000000000000       0.299731440629196     
  0.400000000000000       0.294117647058824     
  0.404000000000000       0.288656937003510     
  0.408000000000000       0.283343911506030     
  0.412000000000000       0.278173402171978     
  0.416000000000000       0.273140459750022     
  0.420000000000000       0.268240343347640     
  0.424000000000000       0.263468510243656     
  0.428000000000000       0.258820606261388     
  0.432000000000000       0.254292456668566     
  0.436000000000000       0.249880057572365     
  0.440000000000000       0.245579567779961     
  0.444000000000000       0.241387301096864     
  0.448000000000000       0.237299719037133     
  0.452000000000000       0.233313423921159     
  0.456000000000000       0.229425152338301     
  0.460000000000000       0.225631768953069     
  0.464000000000000       0.221930260634898     
  0.468000000000000       0.218317730892832     
  0.472000000000000       0.214791394597567     
  0.476000000000000       0.211348572974435     
  0.480000000000000       0.207986688851914     
  0.484000000000000       0.204703262151186     
  0.488000000000000       0.201495905603198     
  0.492000000000000       0.198362320680462     
  0.496000000000000       0.195300293731642     
  0.500000000000000       0.192307692307692     
  0.504000000000000       0.189382461668990     
  0.508000000000000       0.186522621463531     
  0.512000000000000       0.183726262566876     
  0.516000000000000       0.180991544075061     
  0.520000000000000       0.178316690442225     
  0.524000000000000       0.175699988755201     
  0.528000000000000       0.173139786137736     
  0.532000000000000       0.170634487277493     
  0.536000000000000       0.168182552069318     
  0.540000000000000       0.165782493368700     
  0.544000000000000       0.163432874849642     
  0.548000000000000       0.161132308961534     
  0.552000000000000       0.158879454979918     
  0.556000000000000       0.156673017146295     
  0.560000000000000       0.154511742892460     
  0.564000000000000       0.152394421145031     
  0.568000000000000       0.150319880706143     
  0.572000000000000       0.148286988706463     
  0.576000000000000       0.146294649126914     
  0.580000000000000       0.144341801385681     
  0.584000000000000       0.142427418987284     
  0.588000000000000       0.140550508230638     
  0.592000000000000       0.138710106973234     
  0.596000000000000       0.136905283448699     
  0.600000000000000       0.135135135135135     
  0.604000000000000       0.133398787671818     
  0.608000000000000       0.131695393821906     
  0.612000000000000       0.130024132478988     
  0.616000000000000       0.128384207715377     
  0.620000000000000       0.126774847870183     
  0.624000000000000       0.125195304675293     
  0.628000000000000       0.123644852417504     
  0.632000000000000       0.122122787135097     
  0.636000000000000       0.120628425847294     
  0.640000000000000       0.119161105815062     
  0.644000000000000       0.117720183831839     
  0.648000000000000       0.116305035542819     
  0.652000000000000       0.114915054791498     
  0.656000000000000       0.113549652992260     
  0.660000000000000       0.112208258527828     
  0.664000000000000       0.110890316170469     
  0.668000000000000       0.109595286525917     
  0.672000000000000       0.108322645498977     
  0.676000000000000       0.107071883779894     
  0.680000000000000       0.105842506350550     
  0.684000000000000       0.104634032009643     
  0.688000000000000       0.103445992916018     
  0.692000000000000       0.102277934149375     
  0.696000000000000       0.101129413287596     
  0.700000000000000       0.100000000000000     
  0.704000000000000       9.888927565583368E-002
  0.708000000000000       9.779683294736183E-002
  0.712000000000000       9.672227552694296E-002
  0.716000000000000       9.566521765750322E-002
  0.720000000000000       9.462528387585163E-002
  0.724000000000000       9.360210866830408E-002
  0.728000000000000       9.259533615810839E-002
  0.732000000000000       9.160461980418597E-002
  0.736000000000000       9.062962211072764E-002
  0.740000000000000       8.967001434720229E-002
  0.744000000000000       8.872547627835665E-002
  0.748000000000000       8.779569590380400E-002
  0.752000000000000       8.688036920681697E-002
  0.756000000000000       8.597919991195729E-002
  0.760000000000000       8.509189925119127E-002
  0.764000000000000       8.421818573815554E-002
  0.768000000000000       8.335778495025206E-002
  0.772000000000000       8.251042931826581E-002
  0.776000000000000       8.167585792321161E-002
  0.780000000000000       8.085381630012935E-002
  0.784000000000000       8.004405624855919E-002
  0.788000000000000       7.924633564943956E-002
  0.792000000000000       7.846041828818195E-002
  0.796000000000000       7.768607368368716E-002
  0.800000000000000       7.692307692307690E-002
  0.804000000000000       7.617120850192559E-002
  0.808000000000000       7.543025416978442E-002
  0.812000000000000       7.470000478080029E-002
  0.816000000000000       7.398025614923887E-002
  0.820000000000000       7.327080890973034E-002
  0.824000000000000       7.257146838206263E-002
  0.828000000000000       7.188204444035513E-002
  0.832000000000000       7.120235138645216E-002
  0.836000000000000       7.053220782738227E-002
  0.840000000000000       6.987143655673558E-002
  0.844000000000000       6.921986443981745E-002
  0.848000000000000       6.857732230244243E-002
  0.852000000000000       6.794364482323779E-002
  0.856000000000000       6.731867042933153E-002
  0.860000000000000       6.670224119530414E-002
  0.864000000000000       6.609420274528878E-002
  0.868000000000000       6.549440415810870E-002
  0.872000000000000       6.490269787534526E-002
  0.876000000000000       6.431893961223399E-002
  0.880000000000000       6.374298827129017E-002
  0.884000000000000       6.317470585856955E-002
  0.888000000000000       6.261395740247251E-002
  0.892000000000000       6.206061087500497E-002
  0.896000000000000       6.151453711541113E-002
  0.900000000000000       6.097560975609757E-002
  0.904000000000000       6.044370515077079E-002
  0.908000000000000       5.991870230471297E-002
  0.912000000000000       5.940048280712426E-002
  0.916000000000000       5.888893076546188E-002
  0.920000000000000       5.838393274170948E-002
  0.924000000000000       5.788537769051236E-002
  0.928000000000000       5.739315689911661E-002
  0.932000000000000       5.690716392905271E-002
  0.936000000000000       5.642729455950597E-002
  0.940000000000000       5.595344673231872E-002
  0.944000000000000       5.548552049857070E-002
  0.948000000000000       5.502341796668662E-002
  0.952000000000000       5.456704325202116E-002
  0.956000000000000       5.411630242787379E-002
  0.960000000000000       5.367110347788751E-002
  0.964000000000000       5.323135624978707E-002
  0.968000000000000       5.279697241041410E-002
  0.972000000000000       5.236786540201763E-002
  0.976000000000000       5.194395039976064E-002
  0.980000000000000       5.152514427040396E-002
  0.984000000000000       5.111136553213064E-002
  0.988000000000000       5.070253431547522E-002
  0.992000000000000       5.029857232532312E-002
  0.996000000000000       4.989940280394724E-002
