  -1.00000000000000       5.434245627902382E-002
 -0.996000000000000       5.477454796059420E-002
 -0.992000000000000       5.521179243578368E-002
 -0.988000000000000       5.565427161713100E-002
 -0.984000000000000       5.610206904430636E-002
 -0.980000000000000       5.655526992287919E-002
 -0.976000000000000       5.701396116416290E-002
 -0.972000000000000       5.747823142617079E-002
 -0.968000000000000       5.794817115571833E-002
 -0.964000000000000       5.842387263170867E-002
 -0.960000000000000       5.890543000963908E-002
 -0.956000000000000       5.939293936736802E-002
 -0.952000000000000       5.988649875218315E-002
 -0.948000000000000       6.038620822921288E-002
 -0.944000000000000       6.089216993122507E-002
 -0.940000000000000       6.140448810985823E-002
 -0.936000000000000       6.192326918833232E-002
 -0.932000000000000       6.244862181568802E-002
 -0.928000000000000       6.298065692260479E-002
 -0.924000000000000       6.351948777885055E-002
 -0.920000000000000       6.406523005241702E-002
 -0.916000000000000       6.461800187039744E-002
 -0.912000000000000       6.517792388166534E-002
 -0.908000000000000       6.574511932141475E-002
 -0.904000000000000       6.631971407762542E-002
 -0.900000000000000       6.690183675951832E-002
 -0.896000000000000       6.749161876806936E-002
 -0.892000000000000       6.808919436865224E-002
 -0.888000000000000       6.869470076588348E-002
 -0.884000000000000       6.930827818074592E-002
 -0.880000000000000       6.993006993006995E-002
 -0.876000000000000       7.056022250845441E-002
 -0.872000000000000       7.119888567271297E-002
 -0.868000000000000       7.184621252893444E-002
 -0.864000000000000       7.250235962224955E-002
 -0.860000000000000       7.316748702940004E-002
 -0.856000000000000       7.384175845421007E-002
 -0.852000000000000       7.452534132606330E-002
 -0.848000000000000       7.521840690149399E-002
 -0.844000000000000       7.592113036900432E-002
 -0.840000000000000       7.663369095722448E-002
 -0.836000000000000       7.735627204653756E-002
 -0.832000000000000       7.808906128429531E-002
 -0.828000000000000       7.883225070375700E-002
 -0.824000000000000       7.958603684688804E-002
 -0.820000000000000       8.035062089116143E-002
 -0.816000000000000       8.112620878051083E-002
 -0.812000000000000       8.191301136059001E-002
 -0.808000000000000       8.271124451850026E-002
 -0.804000000000000       8.352112932715379E-002
 -0.800000000000000       8.434289219444871E-002
 -0.796000000000000       8.517676501743801E-002
 -0.792000000000000       8.602298534168330E-002
 -0.788000000000000       8.688179652599189E-002
 -0.784000000000000       8.775344791274436E-002
 -0.780000000000000       8.863819500402902E-002
 -0.776000000000000       8.953629964380833E-002
 -0.772000000000000       9.044803020635309E-002
 -0.768000000000000       9.137366179118959E-002
 -0.764000000000000       9.231347642481656E-002
 -0.760000000000000       9.326776326945906E-002
 -0.756000000000000       9.423681883913948E-002
 -0.752000000000000       9.522094722335719E-002
 -0.748000000000000       9.622046031868219E-002
 -0.744000000000000       9.723567806858123E-002
 -0.740000000000000       9.826692871180992E-002
 -0.736000000000000       9.931454903971862E-002
 -0.732000000000000       0.100378884662836     
 -0.728000000000000       0.101460290287114     
 -0.724000000000000       0.102559130000224     
 -0.720000000000000       0.103675777568332     
 -0.716000000000000       0.104810616743782     
 -0.712000000000000       0.105964041584143     
 -0.708000000000000       0.107136456783101     
 -0.704000000000000       0.108328278013693     
 -0.700000000000000       0.109539932284406     
 -0.696000000000000       0.110771858308695     
 -0.692000000000000       0.112024506888489     
 -0.688000000000000       0.113298341312283     
 -0.684000000000000       0.114593837768462     
 -0.680000000000000       0.115911485774500     
 -0.676000000000000       0.117251788622739     
 -0.672000000000000       0.118615263843480     
 -0.668000000000000       0.120002443686126     
 -0.664000000000000       0.121413875619211     
 -0.660000000000000       0.122850122850123     
 -0.656000000000000       0.124311764865427     
 -0.652000000000000       0.125799397992699     
 -0.648000000000000       0.127313635984852     
 -0.644000000000000       0.128855110627970     
 -0.640000000000000       0.130424472373725     
 -0.636000000000000       0.132022390997513     
 -0.632000000000000       0.133649556283473     
 -0.628000000000000       0.135306678737663     
 -0.624000000000000       0.136994490330680     
 -0.620000000000000       0.138713745271122     
 -0.616000000000000       0.140465220811327     
 -0.612000000000000       0.142249718086922     
 -0.608000000000000       0.144068062991796     
 -0.604000000000000       0.145921107090174     
 -0.600000000000000       0.147809728567589     
 -0.596000000000000       0.149734833222620     
 -0.592000000000000       0.151697355501374     
 -0.588000000000000       0.153698259576799     
 -0.584000000000000       0.155738540475031     
 -0.580000000000000       0.157819225251076     
 -0.576000000000000       0.159941374216287     
 -0.572000000000000       0.162106082220205     
 -0.568000000000000       0.164314479989484     
 -0.564000000000000       0.166567735526778     
 -0.560000000000000       0.168867055572613     
 -0.556000000000000       0.171213687133447     
 -0.552000000000000       0.173608919079305     
 -0.548000000000000       0.176054083814548     
 -0.544000000000000       0.178550559025568     
 -0.540000000000000       0.181099769509384     
 -0.536000000000000       0.183703189087363     
 -0.532000000000000       0.186362342608531     
 -0.528000000000000       0.189078808047194     
 -0.524000000000000       0.191854218699856     
 -0.520000000000000       0.194690265486726     
 -0.516000000000000       0.197588699363405     
 -0.512000000000000       0.200551333848689     
 -0.508000000000000       0.203580047674746     
 -0.504000000000000       0.206676787566324     
 -0.500000000000000       0.209843571156047     
 -0.496000000000000       0.213082490043236     
 -0.492000000000000       0.216395713004202     
 -0.488000000000000       0.219785489362382     
 -0.484000000000000       0.223254152527237     
 -0.480000000000000       0.226804123711340     
 -0.476000000000000       0.230437915835694     
 -0.472000000000000       0.234158137633896     
 -0.468000000000000       0.237967497966460     
 -0.464000000000000       0.241868810357262     
 -0.460000000000000       0.245864997764864     
 -0.456000000000000       0.249959097602211     
 -0.452000000000000       0.254154267019094     
 -0.448000000000000       0.258453788462623     
 -0.444000000000000       0.262861075531935     
 -0.440000000000000       0.267379679144385     
 -0.436000000000000       0.272013294031534     
 -0.432000000000000       0.276765765584429     
 -0.428000000000000       0.281641097068884     
 -0.424000000000000       0.286643457232796     
 -0.420000000000000       0.291777188328912     
 -0.416000000000000       0.297046814577977     
 -0.412000000000000       0.302457051098744     
 -0.408000000000000       0.308012813333035     
 -0.404000000000000       0.313719226995825     
 -0.400000000000000       0.319581638582220     
 -0.396000000000000       0.325605626465225     
 -0.392000000000000       0.331797012620352     
 -0.388000000000000       0.338161875015371     
 -0.384000000000000       0.344706560705959     
 -0.380000000000000       0.351437699680511     
 -0.376000000000000       0.358362219500117     
 -0.372000000000000       0.365487360782542     
 -0.368000000000000       0.372820693582061     
 -0.364000000000000       0.380370134720186     
 -0.360000000000000       0.388143966125617     
 -0.356000000000000       0.396150854245297     
 -0.352000000000000       0.404399870592041     
 -0.348000000000000       0.412900513498093     
 -0.344000000000000       0.421662731147843     
 -0.340000000000000       0.430696945967110     
 -0.336000000000000       0.440014080450574     
 -0.332000000000000       0.449625584513260     
 -0.328000000000000       0.459543464456402     
 -0.324000000000000       0.469780313642420     
 -0.320000000000000       0.480349344978166     
 -0.316000000000000       0.491264425309943     
 -0.312000000000000       0.502540111838017     
 -0.308000000000000       0.514191690662279     
 -0.304000000000000       0.526235217574342     
 -0.300000000000000       0.538687561214495     
 -0.296000000000000       0.551566448714348     
 -0.292000000000000       0.564890513947660     
 -0.288000000000000       0.578679348512268     
 -0.284000000000000       0.592953555565138     
 -0.280000000000000       0.607734806629834     
 -0.276000000000000       0.623045901490779     
 -0.272000000000000       0.638910831281074     
 -0.268000000000000       0.655354844859635     
 -0.264000000000000       0.672404518558364     
 -0.260000000000000       0.690087829360100     
 -0.256000000000000       0.708434231542068     
 -0.252000000000000       0.727474736786413     
 -0.248000000000000       0.747241997717515     
 -0.244000000000000       0.767770394773577     
 -0.240000000000000       0.789096126255380     
 -0.236000000000000       0.811257301315712     
 -0.232000000000000       0.834294035556095     
 -0.228000000000000       0.858248548779727     
 -0.224000000000000       0.883165264307277     
 -0.220000000000000       0.909090909090909     
 -0.216000000000000       0.936074613656478     
 -0.212000000000000       0.964168010658439     
 -0.208000000000000       0.993425330539701     
 -0.204000000000000        1.02390349244173     
 -0.200000000000000        1.05566218809981     
 -0.196000000000000        1.08876395597434     
 -0.192000000000000        1.12327424230047     
 -0.188000000000000        1.15926144507209     
 -0.184000000000000        1.19679693619984     
 -0.180000000000000        1.23595505617977     
 -0.176000000000000        1.27681307456588     
 -0.172000000000000        1.31945110833893     
 -0.168000000000000        1.36395198888999     
 -0.164000000000000        1.41040106677608     
 -0.160000000000000        1.45888594164456     
 -0.156000000000000        1.50949610275552     
 -0.152000000000000        1.56232246335644     
 -0.148000000000000        1.61745676979179     
 -0.144000000000000        1.67499086368620     
 -0.140000000000000        1.73501577287066     
 -0.136000000000000        1.79762060400052     
 -0.132000000000000        1.86289120715350     
 -0.128000000000000        1.93090858025558     
 -0.124000000000000        2.00174697918183     
 -0.120000000000000        2.07547169811321     
 -0.116000000000000        2.15213648458288     
 -0.112000000000000        2.23178055510469     
 -0.108000000000000        2.31442518094597     
 -0.104000000000000        2.40006982021295     
 -0.100000000000000        2.48868778280543     
 -9.599999999999997E-002   2.58022142991180     
 -9.199999999999997E-002   2.67457693055826     
 -8.799999999999997E-002   2.77161862527716     
 -8.399999999999996E-002   2.87116308206306     
 -7.999999999999996E-002   2.97297297297297     
 -7.599999999999996E-002   3.07675095099575     
 -7.199999999999995E-002   3.18213376533210     
 -6.799999999999995E-002   3.28868691700550     
 -6.399999999999995E-002   3.39590022227711     
 -6.000000000000005E-002   3.50318471337579     
 -5.600000000000005E-002   3.60987135731163     
 -5.200000000000005E-002   3.71521210483653     
 -4.800000000000004E-002   3.81838378228270     
 -4.400000000000004E-002   3.91849529780564     
 -4.000000000000004E-002   4.01459854014598     
 -3.600000000000003E-002   4.10570319498358     
 -3.200000000000003E-002   4.19079548918013     
 -2.800000000000002E-002   4.26886060229742     
 -2.400000000000002E-002   4.33890817292521     
 -2.000000000000002E-002   4.40000000000000     
 -1.600000000000001E-002   4.45127873098090     
 -1.200000000000001E-002   4.49199607971251     
 -8.000000000000007E-003   4.52153896744492     
 -4.000000000000004E-003   4.53945196434467     
  0.000000000000000E+000   4.54545454545455     
  4.000000000000004E-003   4.53945196434467     
  8.000000000000007E-003   4.52153896744492     
  1.200000000000001E-002   4.49199607971251     
  1.600000000000001E-002   4.45127873098090     
  2.000000000000002E-002   4.40000000000000     
  2.400000000000002E-002   4.33890817292521     
  2.800000000000002E-002   4.26886060229742     
  3.200000000000003E-002   4.19079548918013     
  3.600000000000003E-002   4.10570319498358     
  4.000000000000004E-002   4.01459854014599     
  4.400000000000004E-002   3.91849529780564     
  4.800000000000004E-002   3.81838378228270     
  5.200000000000005E-002   3.71521210483653     
  5.600000000000005E-002   3.60987135731163     
  6.000000000000005E-002   3.50318471337580     
  6.400000000000006E-002   3.39590022227710     
  6.800000000000006E-002   3.28868691700550     
  7.200000000000006E-002   3.18213376533210     
  7.600000000000007E-002   3.07675095099575     
  8.000000000000007E-002   2.97297297297297     
  8.400000000000007E-002   2.87116308206306     
  8.800000000000008E-002   2.77161862527716     
  9.200000000000008E-002   2.67457693055826     
  9.600000000000009E-002   2.58022142991180     
  0.100000000000000        2.48868778280543     
  0.104000000000000        2.40006982021295     
  0.108000000000000        2.31442518094597     
  0.112000000000000        2.23178055510469     
  0.116000000000000        2.15213648458288     
  0.120000000000000        2.07547169811321     
  0.124000000000000        2.00174697918183     
  0.128000000000000        1.93090858025558     
  0.132000000000000        1.86289120715350     
  0.136000000000000        1.79762060400052     
  0.140000000000000        1.73501577287066     
  0.144000000000000        1.67499086368620     
  0.148000000000000        1.61745676979179     
  0.152000000000000        1.56232246335644     
  0.156000000000000        1.50949610275552     
  0.160000000000000        1.45888594164456     
  0.164000000000000        1.41040106677608     
  0.168000000000000        1.36395198888999     
  0.172000000000000        1.31945110833893     
  0.176000000000000        1.27681307456588     
  0.180000000000000        1.23595505617978     
  0.184000000000000        1.19679693619984     
  0.188000000000000        1.15926144507209     
  0.192000000000000        1.12327424230047     
  0.196000000000000        1.08876395597435     
  0.200000000000000        1.05566218809981     
  0.204000000000000        1.02390349244173     
  0.208000000000000       0.993425330539701     
  0.212000000000000       0.964168010658439     
  0.216000000000000       0.936074613656478     
  0.220000000000000       0.909090909090910     
  0.224000000000000       0.883165264307278     
  0.228000000000000       0.858248548779727     
  0.232000000000000       0.834294035556095     
  0.236000000000000       0.811257301315712     
  0.240000000000000       0.789096126255380     
  0.244000000000000       0.767770394773578     
  0.248000000000000       0.747241997717516     
  0.252000000000000       0.727474736786414     
  0.256000000000000       0.708434231542068     
  0.260000000000000       0.690087829360101     
  0.264000000000000       0.672404518558365     
  0.268000000000000       0.655354844859635     
  0.272000000000000       0.638910831281074     
  0.276000000000000       0.623045901490779     
  0.280000000000000       0.607734806629834     
  0.284000000000000       0.592953555565139     
  0.288000000000000       0.578679348512268     
  0.292000000000000       0.564890513947660     
  0.296000000000000       0.551566448714349     
  0.300000000000000       0.538687561214496     
  0.304000000000000       0.526235217574343     
  0.308000000000000       0.514191690662279     
  0.312000000000000       0.502540111838018     
  0.316000000000000       0.491264425309943     
  0.320000000000000       0.480349344978166     
  0.324000000000000       0.469780313642420     
  0.328000000000000       0.459543464456402     
  0.332000000000000       0.449625584513260     
  0.336000000000000       0.440014080450574     
  0.340000000000000       0.430696945967110     
  0.344000000000000       0.421662731147843     
  0.348000000000000       0.412900513498093     
  0.352000000000000       0.404399870592041     
  0.356000000000000       0.396150854245297     
  0.360000000000000       0.388143966125617     
  0.364000000000000       0.380370134720186     
  0.368000000000000       0.372820693582061     
  0.372000000000000       0.365487360782542     
  0.376000000000000       0.358362219500118     
  0.380000000000000       0.351437699680511     
  0.384000000000000       0.344706560705959     
  0.388000000000000       0.338161875015371     
  0.392000000000000       0.331797012620352     
  0.396000000000000       0.325605626465226     
  0.400000000000000       0.319581638582220     
  0.404000000000000       0.313719226995825     
  0.408000000000000       0.308012813333035     
  0.412000000000000       0.302457051098744     
  0.416000000000000       0.297046814577978     
  0.420000000000000       0.291777188328913     
  0.424000000000000       0.286643457232796     
  0.428000000000000       0.281641097068884     
  0.432000000000000       0.276765765584429     
  0.436000000000000       0.272013294031534     
  0.440000000000000       0.267379679144385     
  0.444000000000000       0.262861075531935     
  0.448000000000000       0.258453788462623     
  0.452000000000000       0.254154267019094     
  0.456000000000000       0.249959097602211     
  0.460000000000000       0.245864997764864     
  0.464000000000000       0.241868810357262     
  0.468000000000000       0.237967497966460     
  0.472000000000000       0.234158137633896     
  0.476000000000000       0.230437915835694     
  0.480000000000000       0.226804123711340     
  0.484000000000000       0.223254152527237     
  0.488000000000000       0.219785489362382     
  0.492000000000000       0.216395713004202     
  0.496000000000000       0.213082490043236     
  0.500000000000000       0.209843571156047     
  0.504000000000000       0.206676787566324     
  0.508000000000000       0.203580047674746     
  0.512000000000000       0.200551333848689     
  0.516000000000000       0.197588699363405     
  0.520000000000000       0.194690265486726     
  0.524000000000000       0.191854218699856     
  0.528000000000000       0.189078808047194     
  0.532000000000000       0.186362342608531     
  0.536000000000000       0.183703189087363     
  0.540000000000000       0.181099769509384     
  0.544000000000000       0.178550559025568     
  0.548000000000000       0.176054083814548     
  0.552000000000000       0.173608919079305     
  0.556000000000000       0.171213687133447     
  0.560000000000000       0.168867055572613     
  0.564000000000000       0.166567735526778     
  0.568000000000000       0.164314479989484     
  0.572000000000000       0.162106082220205     
  0.576000000000000       0.159941374216287     
  0.580000000000000       0.157819225251076     
  0.584000000000000       0.155738540475031     
  0.588000000000000       0.153698259576799     
  0.592000000000000       0.151697355501374     
  0.596000000000000       0.149734833222620     
  0.600000000000000       0.147809728567589     
  0.604000000000000       0.145921107090174     
  0.608000000000000       0.144068062991796     
  0.612000000000000       0.142249718086922     
  0.616000000000000       0.140465220811327     
  0.620000000000000       0.138713745271122     
  0.624000000000000       0.136994490330680     
  0.628000000000000       0.135306678737663     
  0.632000000000000       0.133649556283473     
  0.636000000000000       0.132022390997513     
  0.640000000000000       0.130424472373725     
  0.644000000000000       0.128855110627970     
  0.648000000000000       0.127313635984852     
  0.652000000000000       0.125799397992699     
  0.656000000000000       0.124311764865427     
  0.660000000000000       0.122850122850123     
  0.664000000000000       0.121413875619211     
  0.668000000000000       0.120002443686126     
  0.672000000000000       0.118615263843480     
  0.676000000000000       0.117251788622739     
  0.680000000000000       0.115911485774499     
  0.684000000000000       0.114593837768462     
  0.688000000000000       0.113298341312283     
  0.692000000000000       0.112024506888489     
  0.696000000000000       0.110771858308695     
  0.700000000000000       0.109539932284405     
  0.704000000000000       0.108328278013693     
  0.708000000000000       0.107136456783101     
  0.712000000000000       0.105964041584143     
  0.716000000000000       0.104810616743782     
  0.720000000000000       0.103675777568332     
  0.724000000000000       0.102559130000224     
  0.728000000000000       0.101460290287114     
  0.732000000000000       0.100378884662836     
  0.736000000000000       9.931454903971859E-002
  0.740000000000000       9.826692871180989E-002
  0.744000000000000       9.723567806858120E-002
  0.748000000000000       9.622046031868216E-002
  0.752000000000000       9.522094722335717E-002
  0.756000000000000       9.423681883913945E-002
  0.760000000000000       9.326776326945903E-002
  0.764000000000000       9.231347642481653E-002
  0.768000000000000       9.137366179118957E-002
  0.772000000000000       9.044803020635306E-002
  0.776000000000000       8.953629964380830E-002
  0.780000000000000       8.863819500402899E-002
  0.784000000000000       8.775344791274434E-002
  0.788000000000000       8.688179652599186E-002
  0.792000000000000       8.602298534168328E-002
  0.796000000000000       8.517676501743798E-002
  0.800000000000000       8.434289219444868E-002
  0.804000000000000       8.352112932715376E-002
  0.808000000000000       8.271124451850023E-002
  0.812000000000000       8.191301136058998E-002
  0.816000000000000       8.112620878051080E-002
  0.820000000000000       8.035062089116141E-002
  0.824000000000000       7.958603684688802E-002
  0.828000000000000       7.883225070375698E-002
  0.832000000000000       7.808906128429527E-002
  0.836000000000000       7.735627204653750E-002
  0.840000000000000       7.663369095722444E-002
  0.844000000000000       7.592113036900427E-002
  0.848000000000000       7.521840690149395E-002
  0.852000000000000       7.452534132606324E-002
  0.856000000000000       7.384175845421002E-002
  0.860000000000000       7.316748702940000E-002
  0.864000000000000       7.250235962224949E-002
  0.868000000000000       7.184621252893440E-002
  0.872000000000000       7.119888567271293E-002
  0.876000000000000       7.056022250845440E-002
  0.880000000000000       6.993006993006994E-002
  0.884000000000000       6.930827818074591E-002
  0.888000000000000       6.869470076588347E-002
  0.892000000000000       6.808919436865223E-002
  0.896000000000000       6.749161876806935E-002
  0.900000000000000       6.690183675951830E-002
  0.904000000000000       6.631971407762542E-002
  0.908000000000000       6.574511932141473E-002
  0.912000000000000       6.517792388166532E-002
  0.916000000000000       6.461800187039743E-002
  0.920000000000000       6.406523005241700E-002
  0.924000000000000       6.351948777885055E-002
  0.928000000000000       6.298065692260478E-002
  0.932000000000000       6.244862181568801E-002
  0.936000000000000       6.192326918833230E-002
  0.940000000000000       6.140448810985821E-002
  0.944000000000000       6.089216993122506E-002
  0.948000000000000       6.038620822921287E-002
  0.952000000000000       5.988649875218313E-002
  0.956000000000000       5.939293936736800E-002
  0.960000000000000       5.890543000963907E-002
  0.964000000000000       5.842387263170865E-002
  0.968000000000000       5.794817115571832E-002
  0.972000000000000       5.747823142617078E-002
  0.976000000000000       5.701396116416289E-002
  0.980000000000000       5.655526992287917E-002
  0.984000000000000       5.610206904430635E-002
  0.988000000000000       5.565427161713098E-002
  0.992000000000000       5.521179243578366E-002
  0.996000000000000       5.477454796059419E-002
