  -1.00000000000000       5.674948802092330E-002
 -0.996000000000000       5.720021368010259E-002
 -0.992000000000000       5.765630624623355E-002
 -0.988000000000000       5.811785087262691E-002
 -0.984000000000000       5.858493440015651E-002
 -0.980000000000000       5.905764539735526E-002
 -0.976000000000000       5.953607420162126E-002
 -0.972000000000000       6.002031296156927E-002
 -0.968000000000000       6.051045568056374E-002
 -0.964000000000000       6.100659826147111E-002
 -0.960000000000000       6.150883855267030E-002
 -0.956000000000000       6.201727639536177E-002
 -0.952000000000000       6.253201367221699E-002
 -0.948000000000000       6.305315435741161E-002
 -0.944000000000000       6.358080456808732E-002
 -0.940000000000000       6.411507261728880E-002
 -0.936000000000000       6.465606906842414E-002
 -0.932000000000000       6.520390679129877E-002
 -0.928000000000000       6.575870101977450E-002
 -0.924000000000000       6.632056941110796E-002
 -0.920000000000000       6.688963210702342E-002
 -0.916000000000000       6.746601179657884E-002
 -0.912000000000000       6.804983378088428E-002
 -0.908000000000000       6.864122603973552E-002
 -0.904000000000000       6.924031930022724E-002
 -0.900000000000000       6.984724710741293E-002
 -0.896000000000000       7.046214589708116E-002
 -0.892000000000000       7.108515507072047E-002
 -0.888000000000000       7.171641707274790E-002
 -0.884000000000000       7.235607747007920E-002
 -0.880000000000000       7.300428503412158E-002
 -0.876000000000000       7.366119182527311E-002
 -0.872000000000000       7.432695328001615E-002
 -0.868000000000000       7.500172830069564E-002
 -0.864000000000000       7.568567934807649E-002
 -0.860000000000000       7.637897253677815E-002
 -0.856000000000000       7.708177773368852E-002
 -0.852000000000000       7.779426865946271E-002
 -0.848000000000000       7.851662299321754E-002
 -0.844000000000000       7.924902248053578E-002
 -0.840000000000000       7.999165304489969E-002
 -0.836000000000000       8.074470490267809E-002
 -0.832000000000000       8.150837268179559E-002
 -0.828000000000000       8.228285554421881E-002
 -0.824000000000000       8.306835731239914E-002
 -0.820000000000000       8.386508659981769E-002
 -0.816000000000000       8.467325694578409E-002
 -0.812000000000000       8.549308695464704E-002
 -0.808000000000000       8.632480043958091E-002
 -0.804000000000000       8.716862657111975E-002
 -0.800000000000000       8.802480003061733E-002
 -0.796000000000000       8.889356116881893E-002
 -0.792000000000000       8.977515616973906E-002
 -0.788000000000000       9.066983722004703E-002
 -0.784000000000000       9.157786268417105E-002
 -0.780000000000000       9.249949728534085E-002
 -0.776000000000000       9.343501229279771E-002
 -0.772000000000000       9.438468571541131E-002
 -0.768000000000000       9.534880250195259E-002
 -0.764000000000000       9.632765474828330E-002
 -0.760000000000000       9.732154191173360E-002
 -0.756000000000000       9.833077103295194E-002
 -0.752000000000000       9.935565696552275E-002
 -0.748000000000000       0.100396522613662     
 -0.744000000000000       0.101453699178313     
 -0.740000000000000       0.102527526411982     
 -0.736000000000000       0.103618352882663     
 -0.732000000000000       0.104726536247220     
 -0.728000000000000       0.105852443534625     
 -0.724000000000000       0.106996451439428     
 -0.720000000000000       0.108158946625911     
 -0.716000000000000       0.109340326043344     
 -0.712000000000000       0.110540997252816     
 -0.708000000000000       0.111761378766116     
 -0.704000000000000       0.113001900397177     
 -0.700000000000000       0.114263003626608     
 -0.696000000000000       0.115545141979861     
 -0.692000000000000       0.116848781419621     
 -0.688000000000000       0.118174400753028     
 -0.684000000000000       0.119522492054353     
 -0.680000000000000       0.120893561103811     
 -0.676000000000000       0.122288127843199     
 -0.672000000000000       0.123706726849093     
 -0.668000000000000       0.125149907824372     
 -0.664000000000000       0.126618236108879     
 -0.660000000000000       0.128112293210048     
 -0.656000000000000       0.129632677354411     
 -0.652000000000000       0.131180004060877     
 -0.648000000000000       0.132754906736792     
 -0.644000000000000       0.134358037297791     
 -0.640000000000000       0.135990066812511     
 -0.636000000000000       0.137651686173307     
 -0.632000000000000       0.139343606794152     
 -0.628000000000000       0.141066561336968     
 -0.624000000000000       0.142821304467699     
 -0.620000000000000       0.144608613643508     
 -0.616000000000000       0.146429289932541     
 -0.612000000000000       0.148284158867780     
 -0.608000000000000       0.150174071336601     
 -0.604000000000000       0.152099904507712     
 -0.600000000000000       0.154062562797240     
 -0.596000000000000       0.156062978875858     
 -0.592000000000000       0.158102114718894     
 -0.588000000000000       0.160180962701515     
 -0.584000000000000       0.162300546741146     
 -0.580000000000000       0.164461923489453     
 -0.576000000000000       0.166666183576279     
 -0.572000000000000       0.168914452908119     
 -0.568000000000000       0.171207894023802     
 -0.564000000000000       0.173547707510239     
 -0.560000000000000       0.175935133481221     
 -0.556000000000000       0.178371453122431     
 -0.552000000000000       0.180857990306012     
 -0.548000000000000       0.183396113278198     
 -0.544000000000000       0.185987236423740     
 -0.540000000000000       0.188632822111047     
 -0.536000000000000       0.191334382622179     
 -0.532000000000000       0.194093482172092     
 -0.528000000000000       0.196911739021742     
 -0.524000000000000       0.199790827689966     
 -0.520000000000000       0.202732481269282     
 -0.516000000000000       0.205738493851103     
 -0.512000000000000       0.208810723066140     
 -0.508000000000000       0.211951092746112     
 -0.504000000000000       0.215161595713233     
 -0.500000000000000       0.218444296704340     
 -0.496000000000000       0.221801335436910     
 -0.492000000000000       0.225234929824630     
 -0.488000000000000       0.228747379350676     
 -0.484000000000000       0.232341068607287     
 -0.480000000000000       0.236018471010775     
 -0.476000000000000       0.239782152701615     
 -0.472000000000000       0.243634776639874     
 -0.468000000000000       0.247579106906811     
 -0.464000000000000       0.251618013224168     
 -0.460000000000000       0.255754475703325     
 -0.456000000000000       0.259991589837268     
 -0.452000000000000       0.264332571749054     
 -0.448000000000000       0.268780763711325     
 -0.444000000000000       0.273339639952273     
 -0.440000000000000       0.278012812764414     
 -0.436000000000000       0.282804038933509     
 -0.432000000000000       0.287717226506012     
 -0.428000000000000       0.292756441914576     
 -0.424000000000000       0.297925917482293     
 -0.420000000000000       0.303230059327620     
 -0.416000000000000       0.308673455693280     
 -0.412000000000000       0.314260885723811     
 -0.408000000000000       0.319997328717951     
 -0.404000000000000       0.325887973883621     
 -0.400000000000000       0.331938230624910     
 -0.396000000000000       0.338153739392264     
 -0.392000000000000       0.344540383128906     
 -0.388000000000000       0.351104299348472     
 -0.384000000000000       0.357851892880925     
 -0.380000000000000       0.364789849325932     
 -0.376000000000000       0.371925149255179     
 -0.372000000000000       0.379265083207461     
 -0.368000000000000       0.386817267522822     
 -0.364000000000000       0.394589661064637     
 -0.360000000000000       0.402590582881148     
 -0.356000000000000       0.410828730860740     
 -0.352000000000000       0.419313201438062     
 -0.348000000000000       0.428053510411006     
 -0.344000000000000       0.437059614931477     
 -0.340000000000000       0.446341936735882     
 -0.336000000000000       0.455911386684216     
 -0.332000000000000       0.465779390679552     
 -0.328000000000000       0.475957917042604     
 -0.324000000000000       0.486459505418736     
 -0.320000000000000       0.497297297297297     
 -0.316000000000000       0.508485068225431     
 -0.312000000000000       0.520037261800324     
 -0.308000000000000       0.531969025525261     
 -0.304000000000000       0.544296248615594     
 -0.300000000000000       0.557035601840639     
 -0.296000000000000       0.570204579486518     
 -0.292000000000000       0.583821543522627     
 -0.288000000000000       0.597905770050640     
 -0.284000000000000       0.612477498109308     
 -0.280000000000000       0.627557980900409     
 -0.276000000000000       0.643169539490609     
 -0.272000000000000       0.659335619030146     
 -0.268000000000000       0.676080847511434     
 -0.264000000000000       0.693431097068294     
 -0.260000000000000       0.711413547788432     
 -0.256000000000000       0.730056753977222     
 -0.252000000000000       0.749390712768314     
 -0.248000000000000       0.769446934924862     
 -0.244000000000000       0.790258517612457     
 -0.240000000000000       0.811860218849276     
 -0.236000000000000       0.834288533248212     
 -0.232000000000000       0.857581768557324     
 -0.228000000000000       0.881780122375746     
 -0.224000000000000       0.906925758268797     
 -0.220000000000000       0.933062880324544     
 -0.216000000000000       0.960237804979877     
 -0.212000000000000       0.988499028692259     
 -0.208000000000000        1.01789728973783     
 -0.204000000000000        1.04848562207108     
 -0.200000000000000        1.08031939877877     
 -0.196000000000000        1.11345636219283     
 -0.192000000000000        1.14795663718581     
 -0.188000000000000        1.18388272354794     
 -0.184000000000000        1.22129946262824     
 -0.180000000000000        1.26027397260274     
 -0.176000000000000        1.30087554580213     
 -0.172000000000000        1.34317550047887     
 -0.168000000000000        1.38724697821419     
 -0.164000000000000        1.43316467685252     
 -0.160000000000000        1.48100450740502     
 -0.156000000000000        1.53084316179015     
 -0.152000000000000        1.58275757659170     
 -0.148000000000000        1.63682427623900     
 -0.144000000000000        1.69311857719148     
 -0.140000000000000        1.75171363290175     
 -0.136000000000000        1.81267929762618     
 -0.132000000000000        1.87608078567001     
 -0.128000000000000        1.94197710155696     
 -0.124000000000000        2.01041921611132     
 -0.120000000000000        2.08144796380090     
 -0.116000000000000        2.15509163824444     
 -0.112000000000000        2.23136326593969     
 -0.108000000000000        2.31025754349311     
 -0.104000000000000        2.39174743147124     
 -0.100000000000000        2.47578040904198     
 -9.599999999999997E-002   2.56227440844882     
 -9.199999999999997E-002   2.65111346765642     
 -8.799999999999997E-002   2.74214316371787     
 -8.399999999999996E-002   2.83516591884029     
 -7.999999999999996E-002   2.92993630573248     
 -7.599999999999996E-002   3.02615651807800     
 -7.199999999999995E-002   3.12347221467760     
 -6.799999999999995E-002   3.22146898985938     
 -6.399999999999995E-002   3.31966976502511     
 -6.000000000000005E-002   3.41753343239227     
 -5.600000000000005E-002   3.51445510665607     
 -5.200000000000005E-002   3.60976834703999     
 -4.800000000000004E-002   3.70274969412068     
 -4.400000000000004E-002   3.79262581623903     
 -4.000000000000004E-002   3.87858347386172     
 -3.600000000000003E-002   3.95978238413332     
 -3.200000000000003E-002   4.03537090322128     
 -2.800000000000002E-002   4.10450424726961     
 -2.400000000000002E-002   4.16636475617709     
 -2.000000000000002E-002   4.22018348623853     
 -1.600000000000001E-002   4.26526222090349     
 -1.200000000000001E-002   4.30099483880619     
 -8.000000000000007E-003   4.32688689893897     
 -4.000000000000004E-003   4.34257231326939     
  0.000000000000000E+000   4.34782608695652     
  4.000000000000004E-003   4.34257231326939     
  8.000000000000007E-003   4.32688689893897     
  1.200000000000001E-002   4.30099483880619     
  1.600000000000001E-002   4.26526222090349     
  2.000000000000002E-002   4.22018348623853     
  2.400000000000002E-002   4.16636475617709     
  2.800000000000002E-002   4.10450424726961     
  3.200000000000003E-002   4.03537090322128     
  3.600000000000003E-002   3.95978238413332     
  4.000000000000004E-002   3.87858347386172     
  4.400000000000004E-002   3.79262581623903     
  4.800000000000004E-002   3.70274969412068     
  5.200000000000005E-002   3.60976834703999     
  5.600000000000005E-002   3.51445510665607     
  6.000000000000005E-002   3.41753343239227     
  6.400000000000006E-002   3.31966976502511     
  6.800000000000006E-002   3.22146898985938     
  7.200000000000006E-002   3.12347221467760     
  7.600000000000007E-002   3.02615651807800     
  8.000000000000007E-002   2.92993630573248     
  8.400000000000007E-002   2.83516591884029     
  8.800000000000008E-002   2.74214316371787     
  9.200000000000008E-002   2.65111346765641     
  9.600000000000009E-002   2.56227440844882     
  0.100000000000000        2.47578040904198     
  0.104000000000000        2.39174743147124     
  0.108000000000000        2.31025754349311     
  0.112000000000000        2.23136326593969     
  0.116000000000000        2.15509163824444     
  0.120000000000000        2.08144796380090     
  0.124000000000000        2.01041921611132     
  0.128000000000000        1.94197710155696     
  0.132000000000000        1.87608078567001     
  0.136000000000000        1.81267929762618     
  0.140000000000000        1.75171363290175     
  0.144000000000000        1.69311857719149     
  0.148000000000000        1.63682427623901     
  0.152000000000000        1.58275757659171     
  0.156000000000000        1.53084316179016     
  0.160000000000000        1.48100450740502     
  0.164000000000000        1.43316467685252     
  0.168000000000000        1.38724697821419     
  0.172000000000000        1.34317550047887     
  0.176000000000000        1.30087554580213     
  0.180000000000000        1.26027397260274     
  0.184000000000000        1.22129946262824     
  0.188000000000000        1.18388272354794     
  0.192000000000000        1.14795663718581     
  0.196000000000000        1.11345636219283     
  0.200000000000000        1.08031939877877     
  0.204000000000000        1.04848562207108     
  0.208000000000000        1.01789728973783     
  0.212000000000000       0.988499028692259     
  0.216000000000000       0.960237804979877     
  0.220000000000000       0.933062880324544     
  0.224000000000000       0.906925758268797     
  0.228000000000000       0.881780122375746     
  0.232000000000000       0.857581768557324     
  0.236000000000000       0.834288533248212     
  0.240000000000000       0.811860218849277     
  0.244000000000000       0.790258517612457     
  0.248000000000000       0.769446934924862     
  0.252000000000000       0.749390712768315     
  0.256000000000000       0.730056753977222     
  0.260000000000000       0.711413547788432     
  0.264000000000000       0.693431097068294     
  0.268000000000000       0.676080847511435     
  0.272000000000000       0.659335619030146     
  0.276000000000000       0.643169539490610     
  0.280000000000000       0.627557980900409     
  0.284000000000000       0.612477498109309     
  0.288000000000000       0.597905770050640     
  0.292000000000000       0.583821543522627     
  0.296000000000000       0.570204579486518     
  0.300000000000000       0.557035601840639     
  0.304000000000000       0.544296248615594     
  0.308000000000000       0.531969025525262     
  0.312000000000000       0.520037261800324     
  0.316000000000000       0.508485068225431     
  0.320000000000000       0.497297297297297     
  0.324000000000000       0.486459505418736     
  0.328000000000000       0.475957917042604     
  0.332000000000000       0.465779390679552     
  0.336000000000000       0.455911386684216     
  0.340000000000000       0.446341936735882     
  0.344000000000000       0.437059614931477     
  0.348000000000000       0.428053510411006     
  0.352000000000000       0.419313201438062     
  0.356000000000000       0.410828730860740     
  0.360000000000000       0.402590582881148     
  0.364000000000000       0.394589661064637     
  0.368000000000000       0.386817267522822     
  0.372000000000000       0.379265083207461     
  0.376000000000000       0.371925149255180     
  0.380000000000000       0.364789849325932     
  0.384000000000000       0.357851892880926     
  0.388000000000000       0.351104299348473     
  0.392000000000000       0.344540383128906     
  0.396000000000000       0.338153739392264     
  0.400000000000000       0.331938230624910     
  0.404000000000000       0.325887973883621     
  0.408000000000000       0.319997328717952     
  0.412000000000000       0.314260885723811     
  0.416000000000000       0.308673455693281     
  0.420000000000000       0.303230059327620     
  0.424000000000000       0.297925917482293     
  0.428000000000000       0.292756441914576     
  0.432000000000000       0.287717226506012     
  0.436000000000000       0.282804038933509     
  0.440000000000000       0.278012812764414     
  0.444000000000000       0.273339639952273     
  0.448000000000000       0.268780763711325     
  0.452000000000000       0.264332571749054     
  0.456000000000000       0.259991589837268     
  0.460000000000000       0.255754475703325     
  0.464000000000000       0.251618013224168     
  0.468000000000000       0.247579106906811     
  0.472000000000000       0.243634776639874     
  0.476000000000000       0.239782152701615     
  0.480000000000000       0.236018471010775     
  0.484000000000000       0.232341068607287     
  0.488000000000000       0.228747379350676     
  0.492000000000000       0.225234929824630     
  0.496000000000000       0.221801335436910     
  0.500000000000000       0.218444296704340     
  0.504000000000000       0.215161595713233     
  0.508000000000000       0.211951092746112     
  0.512000000000000       0.208810723066140     
  0.516000000000000       0.205738493851103     
  0.520000000000000       0.202732481269282     
  0.524000000000000       0.199790827689966     
  0.528000000000000       0.196911739021742     
  0.532000000000000       0.194093482172092     
  0.536000000000000       0.191334382622179     
  0.540000000000000       0.188632822111047     
  0.544000000000000       0.185987236423740     
  0.548000000000000       0.183396113278198     
  0.552000000000000       0.180857990306012     
  0.556000000000000       0.178371453122431     
  0.560000000000000       0.175935133481221     
  0.564000000000000       0.173547707510239     
  0.568000000000000       0.171207894023802     
  0.572000000000000       0.168914452908119     
  0.576000000000000       0.166666183576279     
  0.580000000000000       0.164461923489453     
  0.584000000000000       0.162300546741146     
  0.588000000000000       0.160180962701515     
  0.592000000000000       0.158102114718894     
  0.596000000000000       0.156062978875858     
  0.600000000000000       0.154062562797240     
  0.604000000000000       0.152099904507712     
  0.608000000000000       0.150174071336601     
  0.612000000000000       0.148284158867779     
  0.616000000000000       0.146429289932541     
  0.620000000000000       0.144608613643508     
  0.624000000000000       0.142821304467699     
  0.628000000000000       0.141066561336968     
  0.632000000000000       0.139343606794152     
  0.636000000000000       0.137651686173307     
  0.640000000000000       0.135990066812511     
  0.644000000000000       0.134358037297791     
  0.648000000000000       0.132754906736792     
  0.652000000000000       0.131180004060877     
  0.656000000000000       0.129632677354411     
  0.660000000000000       0.128112293210048     
  0.664000000000000       0.126618236108879     
  0.668000000000000       0.125149907824372     
  0.672000000000000       0.123706726849093     
  0.676000000000000       0.122288127843199     
  0.680000000000000       0.120893561103811     
  0.684000000000000       0.119522492054353     
  0.688000000000000       0.118174400753028     
  0.692000000000000       0.116848781419621     
  0.696000000000000       0.115545141979861     
  0.700000000000000       0.114263003626608     
  0.704000000000000       0.113001900397177     
  0.708000000000000       0.111761378766116     
  0.712000000000000       0.110540997252816     
  0.716000000000000       0.109340326043344     
  0.720000000000000       0.108158946625911     
  0.724000000000000       0.106996451439428     
  0.728000000000000       0.105852443534625     
  0.732000000000000       0.104726536247220     
  0.736000000000000       0.103618352882663     
  0.740000000000000       0.102527526411982     
  0.744000000000000       0.101453699178313     
  0.748000000000000       0.100396522613662     
  0.752000000000000       9.935565696552272E-002
  0.756000000000000       9.833077103295192E-002
  0.760000000000000       9.732154191173358E-002
  0.764000000000000       9.632765474828327E-002
  0.768000000000000       9.534880250195256E-002
  0.772000000000000       9.438468571541128E-002
  0.776000000000000       9.343501229279769E-002
  0.780000000000000       9.249949728534082E-002
  0.784000000000000       9.157786268417102E-002
  0.788000000000000       9.066983722004700E-002
  0.792000000000000       8.977515616973904E-002
  0.796000000000000       8.889356116881890E-002
  0.800000000000000       8.802480003061730E-002
  0.804000000000000       8.716862657111972E-002
  0.808000000000000       8.632480043958088E-002
  0.812000000000000       8.549308695464701E-002
  0.816000000000000       8.467325694578406E-002
  0.820000000000000       8.386508659981766E-002
  0.824000000000000       8.306835731239912E-002
  0.828000000000000       8.228285554421878E-002
  0.832000000000000       8.150837268179555E-002
  0.836000000000000       8.074470490267803E-002
  0.840000000000000       7.999165304489964E-002
  0.844000000000000       7.924902248053572E-002
  0.848000000000000       7.851662299321750E-002
  0.852000000000000       7.779426865946266E-002
  0.856000000000000       7.708177773368846E-002
  0.860000000000000       7.637897253677811E-002
  0.864000000000000       7.568567934807643E-002
  0.868000000000000       7.500172830069560E-002
  0.872000000000000       7.432695328001611E-002
  0.876000000000000       7.366119182527310E-002
  0.880000000000000       7.300428503412157E-002
  0.884000000000000       7.235607747007919E-002
  0.888000000000000       7.171641707274790E-002
  0.892000000000000       7.108515507072047E-002
  0.896000000000000       7.046214589708115E-002
  0.900000000000000       6.984724710741293E-002
  0.904000000000000       6.924031930022723E-002
  0.908000000000000       6.864122603973551E-002
  0.912000000000000       6.804983378088426E-002
  0.916000000000000       6.746601179657882E-002
  0.920000000000000       6.688963210702341E-002
  0.924000000000000       6.632056941110795E-002
  0.928000000000000       6.575870101977449E-002
  0.932000000000000       6.520390679129874E-002
  0.936000000000000       6.465606906842411E-002
  0.940000000000000       6.411507261728877E-002
  0.944000000000000       6.358080456808729E-002
  0.948000000000000       6.305315435741159E-002
  0.952000000000000       6.253201367221696E-002
  0.956000000000000       6.201727639536175E-002
  0.960000000000000       6.150883855267029E-002
  0.964000000000000       6.100659826147110E-002
  0.968000000000000       6.051045568056373E-002
  0.972000000000000       6.002031296156925E-002
  0.976000000000000       5.953607420162124E-002
  0.980000000000000       5.905764539735524E-002
  0.984000000000000       5.858493440015650E-002
  0.988000000000000       5.811785087262689E-002
  0.992000000000000       5.765630624623354E-002
  0.996000000000000       5.720021368010258E-002
