  -1.00000000000000       5.914826498422714E-002
 -0.996000000000000       5.961749415748558E-002
 -0.992000000000000       6.009230177552721E-002
 -0.988000000000000       6.057277617147750E-002
 -0.984000000000000       6.105900742477531E-002
 -0.980000000000000       6.155108740254412E-002
 -0.976000000000000       6.204910980210471E-002
 -0.972000000000000       6.255317019466548E-002
 -0.968000000000000       6.306336607022738E-002
 -0.964000000000000       6.357979688374224E-002
 -0.960000000000000       6.410256410256412E-002
 -0.956000000000000       6.463177125523518E-002
 -0.952000000000000       6.516752398164884E-002
 -0.948000000000000       6.570993008463441E-002
 -0.944000000000000       6.625909958300942E-002
 -0.940000000000000       6.681514476614701E-002
 -0.936000000000000       6.737818025010782E-002
 -0.932000000000000       6.794832303538750E-002
 -0.928000000000000       6.852569256633287E-002
 -0.924000000000000       6.911041079228175E-002
 -0.920000000000000       6.970260223048327E-002
 -0.916000000000000       7.030239403085807E-002
 -0.912000000000000       7.090991604265941E-002
 -0.908000000000000       7.152530088309905E-002
 -0.904000000000000       7.214868400800370E-002
 -0.900000000000000       7.278020378457060E-002
 -0.896000000000000       7.342000156629337E-002
 -0.892000000000000       7.406822177013175E-002
 -0.888000000000000       7.472501195600192E-002
 -0.884000000000000       7.539052290866691E-002
 -0.880000000000000       7.606490872210954E-002
 -0.876000000000000       7.674832688647389E-002
 -0.872000000000000       7.744093837766398E-002
 -0.868000000000000       7.814290774969265E-002
 -0.864000000000000       7.885440322987637E-002
 -0.860000000000000       7.957559681697614E-002
 -0.856000000000000       8.030666438238823E-002
 -0.852000000000000       8.104778577449266E-002
 -0.848000000000000       8.179914492627172E-002
 -0.844000000000000       8.256092996631516E-002
 -0.840000000000000       8.333333333333336E-002
 -0.836000000000000       8.411655189430477E-002
 -0.832000000000000       8.491078706638894E-002
 -0.828000000000000       8.571624494274155E-002
 -0.824000000000000       8.653313642237401E-002
 -0.820000000000000       8.736167734420501E-002
 -0.816000000000000       8.820208862545866E-002
 -0.812000000000000       8.905459640456910E-002
 -0.808000000000000       8.991943218875888E-002
 -0.804000000000000       9.079683300646474E-002
 -0.800000000000000       9.168704156479218E-002
 -0.796000000000000       9.259030641218735E-002
 -0.792000000000000       9.350688210652304E-002
 -0.788000000000000       9.443702938880355E-002
 -0.784000000000000       9.538101536270222E-002
 -0.780000000000000       9.633911368015415E-002
 -0.776000000000000       9.731160473323645E-002
 -0.772000000000000       9.829877585257805E-002
 -0.768000000000000       9.930092151255164E-002
 -0.764000000000000       0.100318343543511     
 -0.760000000000000       0.101351351351351     
 -0.756000000000000       0.102400262144671     
 -0.752000000000000       0.103465401169849     
 -0.748000000000000       0.104547101954334     
 -0.744000000000000       0.105645706558485     
 -0.740000000000000       0.106761565836299     
 -0.736000000000000       0.107895039705375     
 -0.732000000000000       0.109046497426503     
 -0.728000000000000       0.110216317893252     
 -0.724000000000000       0.111404889931969     
 -0.720000000000000       0.112612612612613     
 -0.716000000000000       0.113839895570869     
 -0.712000000000000       0.115087159342008     
 -0.708000000000000       0.116354835706972     
 -0.704000000000000       0.117643368051198     
 -0.700000000000000       0.118953211736717     
 -0.696000000000000       0.120284834488068     
 -0.692000000000000       0.121638716792630     
 -0.688000000000000       0.123015352315969     
 -0.684000000000000       0.124415248332836     
 -0.680000000000000       0.125838926174497     
 -0.676000000000000       0.127286921693086     
 -0.672000000000000       0.128759785743717     
 -0.668000000000000       0.130258084685123     
 -0.664000000000000       0.131782400899635     
 -0.660000000000000       0.133333333333333     
 -0.656000000000000       0.134911498057274     
 -0.652000000000000       0.136517528850704     
 -0.648000000000000       0.138152077807250     
 -0.644000000000000       0.139815815965102     
 -0.640000000000000       0.141509433962264     
 -0.636000000000000       0.143233642718002     
 -0.632000000000000       0.144989174141664     
 -0.628000000000000       0.146776781870132     
 -0.624000000000000       0.148597242035188     
 -0.620000000000000       0.150451354062187     
 -0.616000000000000       0.152339941501462     
 -0.612000000000000       0.154263852893990     
 -0.608000000000000       0.156223962672888     
 -0.604000000000000       0.158221172102443     
 -0.600000000000000       0.160256410256410     
 -0.596000000000000       0.162330635037444     
 -0.592000000000000       0.164444834239607     
 -0.588000000000000       0.166600026656004     
 -0.584000000000000       0.168797263233705     
 -0.580000000000000       0.171037628278221     
 -0.576000000000000       0.173322240709928     
 -0.572000000000000       0.175652255374959     
 -0.568000000000000       0.178028864413217     
 -0.564000000000000       0.180453298686300     
 -0.560000000000000       0.182926829268293     
 -0.556000000000000       0.185450769002522     
 -0.552000000000000       0.188026474127557     
 -0.548000000000000       0.190655345975901     
 -0.544000000000000       0.193338832749020     
 -0.540000000000000       0.196078431372549     
 -0.536000000000000       0.198875689435723     
 -0.532000000000000       0.201732207219323     
 -0.528000000000000       0.204649639816634     
 -0.524000000000000       0.207629699352195     
 -0.520000000000000       0.210674157303371     
 -0.516000000000000       0.213784846930050     
 -0.512000000000000       0.216963665818098     
 -0.508000000000000       0.220212578542486     
 -0.504000000000000       0.223533619456366     
 -0.500000000000000       0.226928895612708     
 -0.496000000000000       0.230400589825510     
 -0.492000000000000       0.233950963877971     
 -0.488000000000000       0.237582361885454     
 -0.484000000000000       0.241297213821504     
 -0.480000000000000       0.245098039215686     
 -0.476000000000000       0.248987451032468     
 -0.472000000000000       0.252968159740961     
 -0.468000000000000       0.257042977585852     
 -0.464000000000000       0.261214823070493     
 -0.460000000000000       0.265486725663717     
 -0.456000000000000       0.269861830742660     
 -0.452000000000000       0.274343404784549     
 -0.448000000000000       0.278934840821184     
 -0.444000000000000       0.283639664170638     
 -0.440000000000000       0.288461538461538     
 -0.436000000000000       0.293404271966200     
 -0.432000000000000       0.298471824259790     
 -0.428000000000000       0.303668313223743     
 -0.424000000000000       0.308998022412656     
 -0.420000000000000       0.314465408805031     
 -0.416000000000000       0.320075110959372     
 -0.412000000000000       0.325831957598401     
 -0.408000000000000       0.331740976645435     
 -0.404000000000000       0.337807404738312     
 -0.400000000000000       0.344036697247706     
 -0.396000000000000       0.350434538828147     
 -0.392000000000000       0.357006854531607     
 -0.388000000000000       0.363759821515181     
 -0.384000000000000       0.370699881376038     
 -0.380000000000000       0.377833753148615     
 -0.376000000000000       0.385168447000822     
 -0.372000000000000       0.392711278667923     
 -0.368000000000000       0.400469884664673     
 -0.364000000000000       0.408452238318266     
 -0.360000000000000       0.416666666666667     
 -0.356000000000000       0.425121868268904     
 -0.352000000000000       0.433826931975937     
 -0.348000000000000       0.442791356712717     
 -0.344000000000000       0.452025072324012     
 -0.340000000000000       0.461538461538461     
 -0.336000000000000       0.471342383107089     
 -0.332000000000000       0.481448196174092     
 -0.328000000000000       0.491867785939139     
 -0.324000000000000       0.502613590671492     
 -0.320000000000000       0.513698630136986     
 -0.316000000000000       0.525136535499230     
 -0.312000000000000       0.536941580756013     
 -0.308000000000000       0.549128715770976     
 -0.304000000000000       0.561713600958658     
 -0.300000000000000       0.574712643678161     
 -0.296000000000000       0.588143036386449     
 -0.292000000000000       0.602022796596564     
 -0.288000000000000       0.616370808678501     
 -0.284000000000000       0.631206867530718     
 -0.280000000000000       0.646551724137931     
 -0.276000000000000       0.662427133015368     
 -0.272000000000000       0.678855901520637     
 -0.268000000000000       0.695861940990907     
 -0.264000000000000       0.713470319634703     
 -0.260000000000000       0.731707317073170     
 -0.256000000000000       0.750600480384307     
 -0.252000000000000       0.770178681454097     
 -0.248000000000000       0.790472175379426     
 -0.244000000000000       0.811512659597490     
 -0.240000000000000       0.833333333333333     
 -0.236000000000000       0.855968956859165     
 -0.232000000000000       0.879455909943715     
 -0.228000000000000       0.903832248734635     
 -0.224000000000000       0.929137760158573     
 -0.220000000000000       0.955414012738854     
 -0.216000000000000       0.982704402515723     
 -0.212000000000000        1.01105419250472     
 -0.208000000000000        1.04051054384018     
 -0.204000000000000        1.07112253641817     
 -0.200000000000000        1.10294117647059     
 -0.196000000000000        1.13601938806422     
 -0.192000000000000        1.17041198501873     
 -0.188000000000000        1.20617561917015     
 -0.184000000000000        1.24336870026525     
 -0.180000000000000        1.28205128205128     
 -0.176000000000000        1.32228490832158     
 -0.172000000000000        1.36413241178610     
 -0.168000000000000        1.40765765765766     
 -0.164000000000000        1.45292522278187     
 -0.160000000000000        1.50000000000000     
 -0.156000000000000        1.54894671623296     
 -0.152000000000000        1.59982935153584     
 -0.148000000000000        1.65271044513001     
 -0.144000000000000        1.70765027322404     
 -0.140000000000000        1.76470588235294     
 -0.136000000000000        1.82392996108949     
 -0.132000000000000        1.88536953242836     
 -0.128000000000000        1.94906444906445     
 -0.124000000000000        2.01504567436862     
 -0.120000000000000        2.08333333333333     
 -0.116000000000000        2.15393452039058     
 -0.112000000000000        2.22684085510689     
 -0.108000000000000        2.30202578268877     
 -0.104000000000000        2.37944162436548     
 -0.100000000000000        2.45901639344262     
 -9.599999999999997E-002   2.54065040650406     
 -9.199999999999997E-002   2.62421273617915     
 -8.799999999999997E-002   2.70953757225434     
 -8.399999999999996E-002   2.79642058165548     
 -7.999999999999996E-002   2.88461538461539     
 -7.599999999999996E-002   2.97383029341792     
 -7.199999999999995E-002   3.06372549019608     
 -6.799999999999995E-002   3.15391084945332     
 -6.399999999999995E-002   3.24394463667820     
 -6.000000000000005E-002   3.33333333333333     
 -5.600000000000005E-002   3.42153284671533     
 -5.200000000000005E-002   3.50795135640786     
 -4.800000000000004E-002   3.59195402298850     
 -4.400000000000004E-002   3.67286973555338     
 -4.000000000000004E-002   3.75000000000000     
 -3.600000000000003E-002   3.82262996941896     
 -3.200000000000003E-002   3.89004149377593     
 -2.800000000000002E-002   3.95152792413066     
 -2.400000000000002E-002   4.00641025641026     
 -2.000000000000002E-002   4.05405405405405     
 -1.600000000000001E-002   4.09388646288210     
 -1.200000000000001E-002   4.12541254125412     
 -8.000000000000007E-003   4.14823008849558     
 -4.000000000000004E-003   4.16204217536071     
  0.000000000000000E+000   4.16666666666667     
  4.000000000000004E-003   4.16204217536071     
  8.000000000000007E-003   4.14823008849558     
  1.200000000000001E-002   4.12541254125413     
  1.600000000000001E-002   4.09388646288210     
  2.000000000000002E-002   4.05405405405405     
  2.400000000000002E-002   4.00641025641026     
  2.800000000000002E-002   3.95152792413066     
  3.200000000000003E-002   3.89004149377593     
  3.600000000000003E-002   3.82262996941896     
  4.000000000000004E-002   3.75000000000000     
  4.400000000000004E-002   3.67286973555338     
  4.800000000000004E-002   3.59195402298851     
  5.200000000000005E-002   3.50795135640786     
  5.600000000000005E-002   3.42153284671533     
  6.000000000000005E-002   3.33333333333333     
  6.400000000000006E-002   3.24394463667820     
  6.800000000000006E-002   3.15391084945332     
  7.200000000000006E-002   3.06372549019608     
  7.600000000000007E-002   2.97383029341792     
  8.000000000000007E-002   2.88461538461538     
  8.400000000000007E-002   2.79642058165548     
  8.800000000000008E-002   2.70953757225433     
  9.200000000000008E-002   2.62421273617915     
  9.600000000000009E-002   2.54065040650406     
  0.100000000000000        2.45901639344262     
  0.104000000000000        2.37944162436548     
  0.108000000000000        2.30202578268876     
  0.112000000000000        2.22684085510689     
  0.116000000000000        2.15393452039058     
  0.120000000000000        2.08333333333333     
  0.124000000000000        2.01504567436862     
  0.128000000000000        1.94906444906445     
  0.132000000000000        1.88536953242836     
  0.136000000000000        1.82392996108950     
  0.140000000000000        1.76470588235294     
  0.144000000000000        1.70765027322405     
  0.148000000000000        1.65271044513001     
  0.152000000000000        1.59982935153584     
  0.156000000000000        1.54894671623296     
  0.160000000000000        1.50000000000000     
  0.164000000000000        1.45292522278187     
  0.168000000000000        1.40765765765766     
  0.172000000000000        1.36413241178611     
  0.176000000000000        1.32228490832158     
  0.180000000000000        1.28205128205128     
  0.184000000000000        1.24336870026525     
  0.188000000000000        1.20617561917015     
  0.192000000000000        1.17041198501873     
  0.196000000000000        1.13601938806422     
  0.200000000000000        1.10294117647059     
  0.204000000000000        1.07112253641817     
  0.208000000000000        1.04051054384018     
  0.212000000000000        1.01105419250472     
  0.216000000000000       0.982704402515724     
  0.220000000000000       0.955414012738854     
  0.224000000000000       0.929137760158573     
  0.228000000000000       0.903832248734635     
  0.232000000000000       0.879455909943715     
  0.236000000000000       0.855968956859165     
  0.240000000000000       0.833333333333333     
  0.244000000000000       0.811512659597490     
  0.248000000000000       0.790472175379427     
  0.252000000000000       0.770178681454098     
  0.256000000000000       0.750600480384308     
  0.260000000000000       0.731707317073171     
  0.264000000000000       0.713470319634703     
  0.268000000000000       0.695861940990908     
  0.272000000000000       0.678855901520637     
  0.276000000000000       0.662427133015368     
  0.280000000000000       0.646551724137931     
  0.284000000000000       0.631206867530719     
  0.288000000000000       0.616370808678501     
  0.292000000000000       0.602022796596565     
  0.296000000000000       0.588143036386449     
  0.300000000000000       0.574712643678161     
  0.304000000000000       0.561713600958658     
  0.308000000000000       0.549128715770977     
  0.312000000000000       0.536941580756014     
  0.316000000000000       0.525136535499230     
  0.320000000000000       0.513698630136986     
  0.324000000000000       0.502613590671492     
  0.328000000000000       0.491867785939139     
  0.332000000000000       0.481448196174092     
  0.336000000000000       0.471342383107089     
  0.340000000000000       0.461538461538461     
  0.344000000000000       0.452025072324012     
  0.348000000000000       0.442791356712717     
  0.352000000000000       0.433826931975937     
  0.356000000000000       0.425121868268904     
  0.360000000000000       0.416666666666667     
  0.364000000000000       0.408452238318266     
  0.368000000000000       0.400469884664673     
  0.372000000000000       0.392711278667923     
  0.376000000000000       0.385168447000822     
  0.380000000000000       0.377833753148615     
  0.384000000000000       0.370699881376038     
  0.388000000000000       0.363759821515181     
  0.392000000000000       0.357006854531607     
  0.396000000000000       0.350434538828147     
  0.400000000000000       0.344036697247707     
  0.404000000000000       0.337807404738312     
  0.408000000000000       0.331740976645435     
  0.412000000000000       0.325831957598401     
  0.416000000000000       0.320075110959372     
  0.420000000000000       0.314465408805032     
  0.424000000000000       0.308998022412657     
  0.428000000000000       0.303668313223743     
  0.432000000000000       0.298471824259790     
  0.436000000000000       0.293404271966200     
  0.440000000000000       0.288461538461539     
  0.444000000000000       0.283639664170638     
  0.448000000000000       0.278934840821184     
  0.452000000000000       0.274343404784549     
  0.456000000000000       0.269861830742660     
  0.460000000000000       0.265486725663717     
  0.464000000000000       0.261214823070493     
  0.468000000000000       0.257042977585852     
  0.472000000000000       0.252968159740961     
  0.476000000000000       0.248987451032468     
  0.480000000000000       0.245098039215686     
  0.484000000000000       0.241297213821504     
  0.488000000000000       0.237582361885454     
  0.492000000000000       0.233950963877971     
  0.496000000000000       0.230400589825510     
  0.500000000000000       0.226928895612708     
  0.504000000000000       0.223533619456366     
  0.508000000000000       0.220212578542486     
  0.512000000000000       0.216963665818098     
  0.516000000000000       0.213784846930050     
  0.520000000000000       0.210674157303371     
  0.524000000000000       0.207629699352195     
  0.528000000000000       0.204649639816634     
  0.532000000000000       0.201732207219323     
  0.536000000000000       0.198875689435723     
  0.540000000000000       0.196078431372549     
  0.544000000000000       0.193338832749020     
  0.548000000000000       0.190655345975901     
  0.552000000000000       0.188026474127557     
  0.556000000000000       0.185450769002522     
  0.560000000000000       0.182926829268293     
  0.564000000000000       0.180453298686300     
  0.568000000000000       0.178028864413217     
  0.572000000000000       0.175652255374959     
  0.576000000000000       0.173322240709928     
  0.580000000000000       0.171037628278221     
  0.584000000000000       0.168797263233705     
  0.588000000000000       0.166600026656004     
  0.592000000000000       0.164444834239607     
  0.596000000000000       0.162330635037444     
  0.600000000000000       0.160256410256410     
  0.604000000000000       0.158221172102443     
  0.608000000000000       0.156223962672888     
  0.612000000000000       0.154263852893990     
  0.616000000000000       0.152339941501462     
  0.620000000000000       0.150451354062187     
  0.624000000000000       0.148597242035188     
  0.628000000000000       0.146776781870132     
  0.632000000000000       0.144989174141664     
  0.636000000000000       0.143233642718002     
  0.640000000000000       0.141509433962264     
  0.644000000000000       0.139815815965102     
  0.648000000000000       0.138152077807250     
  0.652000000000000       0.136517528850704     
  0.656000000000000       0.134911498057274     
  0.660000000000000       0.133333333333333     
  0.664000000000000       0.131782400899635     
  0.668000000000000       0.130258084685123     
  0.672000000000000       0.128759785743717     
  0.676000000000000       0.127286921693086     
  0.680000000000000       0.125838926174497     
  0.684000000000000       0.124415248332836     
  0.688000000000000       0.123015352315969     
  0.692000000000000       0.121638716792630     
  0.696000000000000       0.120284834488068     
  0.700000000000000       0.118953211736717     
  0.704000000000000       0.117643368051198     
  0.708000000000000       0.116354835706972     
  0.712000000000000       0.115087159342008     
  0.716000000000000       0.113839895570869     
  0.720000000000000       0.112612612612613     
  0.724000000000000       0.111404889931969     
  0.728000000000000       0.110216317893252     
  0.732000000000000       0.109046497426503     
  0.736000000000000       0.107895039705375     
  0.740000000000000       0.106761565836299     
  0.744000000000000       0.105645706558485     
  0.748000000000000       0.104547101954334     
  0.752000000000000       0.103465401169849     
  0.756000000000000       0.102400262144671     
  0.760000000000000       0.101351351351351     
  0.764000000000000       0.100318343543511     
  0.768000000000000       9.930092151255161E-002
  0.772000000000000       9.829877585257803E-002
  0.776000000000000       9.731160473323643E-002
  0.780000000000000       9.633911368015412E-002
  0.784000000000000       9.538101536270219E-002
  0.788000000000000       9.443702938880352E-002
  0.792000000000000       9.350688210652301E-002
  0.796000000000000       9.259030641218732E-002
  0.800000000000000       9.168704156479215E-002
  0.804000000000000       9.079683300646471E-002
  0.808000000000000       8.991943218875885E-002
  0.812000000000000       8.905459640456907E-002
  0.816000000000000       8.820208862545863E-002
  0.820000000000000       8.736167734420498E-002
  0.824000000000000       8.653313642237398E-002
  0.828000000000000       8.571624494274152E-002
  0.832000000000000       8.491078706638888E-002
  0.836000000000000       8.411655189430471E-002
  0.840000000000000       8.333333333333330E-002
  0.844000000000000       8.256092996631510E-002
  0.848000000000000       8.179914492627167E-002
  0.852000000000000       8.104778577449261E-002
  0.856000000000000       8.030666438238818E-002
  0.860000000000000       7.957559681697610E-002
  0.864000000000000       7.885440322987632E-002
  0.868000000000000       7.814290774969260E-002
  0.872000000000000       7.744093837766393E-002
  0.876000000000000       7.674832688647387E-002
  0.880000000000000       7.606490872210954E-002
  0.884000000000000       7.539052290866689E-002
  0.888000000000000       7.472501195600191E-002
  0.892000000000000       7.406822177013174E-002
  0.896000000000000       7.342000156629337E-002
  0.900000000000000       7.278020378457059E-002
  0.904000000000000       7.214868400800369E-002
  0.908000000000000       7.152530088309904E-002
  0.912000000000000       7.090991604265941E-002
  0.916000000000000       7.030239403085806E-002
  0.920000000000000       6.970260223048326E-002
  0.924000000000000       6.911041079228174E-002
  0.928000000000000       6.852569256633287E-002
  0.932000000000000       6.794832303538748E-002
  0.936000000000000       6.737818025010779E-002
  0.940000000000000       6.681514476614699E-002
  0.944000000000000       6.625909958300939E-002
  0.948000000000000       6.570993008463438E-002
  0.952000000000000       6.516752398164881E-002
  0.956000000000000       6.463177125523516E-002
  0.960000000000000       6.410256410256410E-002
  0.964000000000000       6.357979688374221E-002
  0.968000000000000       6.306336607022735E-002
  0.972000000000000       6.255317019466546E-002
  0.976000000000000       6.204910980210470E-002
  0.980000000000000       6.155108740254411E-002
  0.984000000000000       6.105900742477530E-002
  0.988000000000000       6.057277617147749E-002
  0.992000000000000       6.009230177552720E-002
  0.996000000000000       5.961749415748557E-002
