  -1.00000000000000       6.153846153846155E-002
 -0.996000000000000       6.202605888406685E-002
 -0.992000000000000       6.251944354694311E-002
 -0.988000000000000       6.301870697712876E-002
 -0.984000000000000       6.352394242799690E-002
 -0.980000000000000       6.403524499884738E-002
 -0.976000000000000       6.455271167867005E-002
 -0.972000000000000       6.507644139111568E-002
 -0.968000000000000       6.560653504071282E-002
 -0.964000000000000       6.614309556036961E-002
 -0.960000000000000       6.668622796020168E-002
 -0.956000000000000       6.723603937772779E-002
 -0.952000000000000       6.779263912947746E-002
 -0.948000000000000       6.835613876405541E-002
 -0.944000000000000       6.892665211670994E-002
 -0.940000000000000       6.950429536545361E-002
 -0.936000000000000       7.008918708878677E-002
 -0.932000000000000       7.068144832507588E-002
 -0.928000000000000       7.128120263364085E-002
 -0.924000000000000       7.188857615760737E-002
 -0.920000000000000       7.250369768858213E-002
 -0.916000000000000       7.312669873321158E-002
 -0.912000000000000       7.375771358168638E-002
 -0.908000000000000       7.439687937825636E-002
 -0.904000000000000       7.504433619382332E-002
 -0.900000000000000       7.570022710068131E-002
 -0.896000000000000       7.636469824947675E-002
 -0.892000000000000       7.703789894846351E-002
 -0.888000000000000       7.771998174513070E-002
 -0.884000000000000       7.841110251028441E-002
 -0.880000000000000       7.911142052466695E-002
 -0.876000000000000       7.982109856820108E-002
 -0.872000000000000       8.054030301194962E-002
 -0.868000000000000       8.126920391288463E-002
 -0.864000000000000       8.200797511156367E-002
 -0.860000000000000       8.275679433281474E-002
 -0.856000000000000       8.351584328953542E-002
 -0.852000000000000       8.428530778971559E-002
 -0.848000000000000       8.506537784679795E-002
 -0.844000000000000       8.585624779349445E-002
 -0.840000000000000       8.665811639918197E-002
 -0.836000000000000       8.747118699100519E-002
 -0.832000000000000       8.829566757881979E-002
 -0.828000000000000       8.913177098411458E-002
 -0.824000000000000       8.997971497305647E-002
 -0.820000000000000       9.083972239380836E-002
 -0.816000000000000       9.171202131827594E-002
 -0.812000000000000       9.259684518844569E-002
 -0.808000000000000       9.349443296748339E-002
 -0.804000000000000       9.440502929576869E-002
 -0.800000000000000       9.532888465204957E-002
 -0.796000000000000       9.626625551990710E-002
 -0.792000000000000       9.721740455972960E-002
 -0.788000000000000       9.818260078640337E-002
 -0.784000000000000       9.916211975293560E-002
 -0.780000000000000       0.100156243740235     
 -0.776000000000000       0.101165261953283     
 -0.772000000000000       0.102189470723943     
 -0.768000000000000       0.103229173720660     
 -0.764000000000000       0.104284682165317     
 -0.760000000000000       0.105356315057525     
 -0.756000000000000       0.106444399406636     
 -0.752000000000000       0.107549270471789     
 -0.748000000000000       0.108671272010279     
 -0.744000000000000       0.109810756534619     
 -0.740000000000000       0.110968085578588     
 -0.736000000000000       0.112143629972673     
 -0.732000000000000       0.113337770129241     
 -0.728000000000000       0.114550896337854     
 -0.724000000000000       0.115783409071121     
 -0.720000000000000       0.117035719301531     
 -0.716000000000000       0.118308248829695     
 -0.712000000000000       0.119601430624473     
 -0.708000000000000       0.120915709175471     
 -0.704000000000000       0.122251540858421     
 -0.700000000000000       0.123609394313968     
 -0.696000000000000       0.124989750840431     
 -0.692000000000000       0.126393104801118     
 -0.688000000000000       0.127819964046801     
 -0.684000000000000       0.129270850353995     
 -0.680000000000000       0.130746299879713     
 -0.676000000000000       0.132246863633382     
 -0.672000000000000       0.133773107966670     
 -0.668000000000000       0.135325615081986     
 -0.664000000000000       0.136904983560450     
 -0.660000000000000       0.138511828910189     
 -0.656000000000000       0.140146784135832     
 -0.652000000000000       0.141810500330135     
 -0.648000000000000       0.143503647288699     
 -0.644000000000000       0.145226914148819     
 -0.640000000000000       0.146981010053501     
 -0.636000000000000       0.148766664841796     
 -0.632000000000000       0.150584629766606     
 -0.628000000000000       0.152435678241209     
 -0.624000000000000       0.154320606615786     
 -0.620000000000000       0.156240234985313     
 -0.616000000000000       0.158195408030252     
 -0.612000000000000       0.160186995891524     
 -0.608000000000000       0.162215895081355     
 -0.604000000000000       0.164283029431633     
 -0.600000000000000       0.166389351081531     
 -0.596000000000000       0.168535841506198     
 -0.592000000000000       0.170723512588469     
 -0.588000000000000       0.172953407735583     
 -0.584000000000000       0.175226603043055     
 -0.580000000000000       0.177544208507918     
 -0.576000000000000       0.179907369293698     
 -0.572000000000000       0.182317267049582     
 -0.568000000000000       0.184775121286390     
 -0.564000000000000       0.187282190812085     
 -0.560000000000000       0.189839775229706     
 -0.556000000000000       0.192449216500750     
 -0.552000000000000       0.195111900577219     
 -0.548000000000000       0.197829259105685     
 -0.544000000000000       0.200602771206923     
 -0.540000000000000       0.203433965334852     
 -0.536000000000000       0.206324421218734     
 -0.532000000000000       0.209275771892757     
 -0.528000000000000       0.212289705817417     
 -0.524000000000000       0.215367969097281     
 -0.520000000000000       0.218512367800017     
 -0.516000000000000       0.221724770381828     
 -0.512000000000000       0.225007110224683     
 -0.508000000000000       0.228361388291090     
 -0.504000000000000       0.231789675902404     
 -0.500000000000000       0.235294117647059     
 -0.496000000000000       0.238876934425415     
 -0.492000000000000       0.242540426638312     
 -0.488000000000000       0.246286977526806     
 -0.484000000000000       0.250119056670975     
 -0.480000000000000       0.254039223656132     
 -0.476000000000000       0.258050131915227     
 -0.472000000000000       0.262154532756733     
 -0.468000000000000       0.266355279587810     
 -0.464000000000000       0.270655332343096     
 -0.460000000000000       0.275057762130047     
 -0.456000000000000       0.279565756102361     
 -0.452000000000000       0.284182622573649     
 -0.448000000000000       0.288911796384211     
 -0.444000000000000       0.293756844534478     
 -0.440000000000000       0.298721472099415     
 -0.436000000000000       0.303809528439002     
 -0.432000000000000       0.309025013720710     
 -0.428000000000000       0.314372085770765     
 -0.424000000000000       0.319855067271918     
 -0.420000000000000       0.325478453326390     
 -0.416000000000000       0.331246919403649     
 -0.412000000000000       0.337165329693746     
 -0.408000000000000       0.343238745888000     
 -0.404000000000000       0.349472436409995     
 -0.400000000000000       0.355871886120996     
 -0.396000000000000       0.362442806525130     
 -0.392000000000000       0.369191146500954     
 -0.388000000000000       0.376123103587312     
 -0.384000000000000       0.383245135852736     
 -0.380000000000000       0.390563974379003     
 -0.376000000000000       0.398086636390851     
 -0.372000000000000       0.405820439065249     
 -0.368000000000000       0.413773014055042     
 -0.364000000000000       0.421952322763146     
 -0.360000000000000       0.430366672404889     
 -0.356000000000000       0.439024732897352     
 -0.352000000000000       0.447935554615886     
 -0.348000000000000       0.457108587059073     
 -0.344000000000000       0.466553698464478     
 -0.340000000000000       0.476281196418365     
 -0.336000000000000       0.486301849503194     
 -0.332000000000000       0.496626910027096     
 -0.328000000000000       0.507268137879538     
 -0.324000000000000       0.518237825557002     
 -0.320000000000000       0.529548824401610     
 -0.316000000000000       0.541214572094111     
 -0.312000000000000       0.553249121440395     
 -0.308000000000000       0.565667170487560     
 -0.304000000000000       0.578484094001351     
 -0.300000000000000       0.591715976331361     
 -0.296000000000000       0.605379645683401     
 -0.292000000000000       0.619492709809791     
 -0.288000000000000       0.634073593117511     
 -0.284000000000000       0.649141575180980     
 -0.280000000000000       0.664716830630151     
 -0.276000000000000       0.680820470365246     
 -0.272000000000000       0.697474584026158     
 -0.268000000000000       0.714702283616736     
 -0.264000000000000       0.732527748151100     
 -0.260000000000000       0.750976269149895     
 -0.256000000000000       0.770074296768152     
 -0.252000000000000       0.789849486281894     
 -0.248000000000000       0.810330744596715     
 -0.244000000000000       0.831548276366733     
 -0.240000000000000       0.853533629224991     
 -0.236000000000000       0.876319737524712     
 -0.232000000000000       0.899940963872770     
 -0.228000000000000       0.924433137600024     
 -0.224000000000000       0.949833589155180     
 -0.220000000000000       0.976181179226865     
 -0.216000000000000        1.00351632118945     
 -0.212000000000000        1.03188099522858     
 -0.208000000000000        1.06131875222877     
 -0.204000000000000        1.09187470519383     
 -0.200000000000000        1.12359550561798     
 -0.196000000000000        1.15652930182639     
 -0.192000000000000        1.19072567585589     
 -0.188000000000000        1.22623555494516     
 -0.184000000000000        1.26311109314686     
 -0.180000000000000        1.30140551795940     
 -0.176000000000000        1.34117293620309     
 -0.172000000000000        1.38246809263642     
 -0.168000000000000        1.42534607402677     
 -0.164000000000000        1.46986195056560     
 -0.160000000000000        1.51607034566404     
 -0.156000000000000        1.56402492430119     
 -0.152000000000000        1.61377778925353     
 -0.148000000000000        1.66537877374830     
 -0.144000000000000        1.71887461840983     
 -0.140000000000000        1.77430801987225     
 -0.136000000000000        1.83171653820228     
 -0.132000000000000        1.89113135041907     
 -0.128000000000000        1.95257583804555     
 -0.124000000000000        2.01606399793555     
 -0.120000000000000        2.08159866777685     
 -0.116000000000000        2.14916956088167     
 -0.112000000000000        2.21875110937555     
 -0.108000000000000        2.29030012092785     
 -0.104000000000000        2.36375326197950     
 -0.100000000000000        2.43902439024390     
 -9.599999999999997E-002   2.51600177126525     
 -9.199999999999997E-002   2.59454522811242     
 -8.799999999999997E-002   2.67448328982841     
 -8.399999999999996E-002   2.75561042282086     
 -7.999999999999996E-002   2.83768444948922     
 -7.599999999999996E-002   2.92042427923929     
 -7.199999999999995E-002   3.00350809745783     
 -6.799999999999995E-002   3.08657217640377     
 -6.399999999999995E-002   3.16921048628366     
 -6.000000000000005E-002   3.25097529258777     
 -5.600000000000005E-002   3.33137892436437     
 -5.200000000000005E-002   3.40989688471820     
 -4.800000000000004E-002   3.48597244687378     
 -4.400000000000004E-002   3.55902283469051     
 -4.000000000000004E-002   3.62844702467344     
 -3.600000000000003E-002   3.69363512794752     
 -3.200000000000003E-002   3.75397921797105     
 -2.800000000000002E-002   3.80888536778597     
 -2.400000000000002E-002   3.85778655638541     
 -2.000000000000002E-002   3.90015600624025     
 -1.600000000000001E-002   3.93552043322209     
 -1.200000000000001E-002   3.96347263618492     
 -8.000000000000007E-003   3.98368283510740     
 -4.000000000000004E-003   3.99590819001343     
  0.000000000000000E+000   4.00000000000000     
  4.000000000000004E-003   3.99590819001343     
  8.000000000000007E-003   3.98368283510740     
  1.200000000000001E-002   3.96347263618492     
  1.600000000000001E-002   3.93552043322209     
  2.000000000000002E-002   3.90015600624025     
  2.400000000000002E-002   3.85778655638541     
  2.800000000000002E-002   3.80888536778597     
  3.200000000000003E-002   3.75397921797105     
  3.600000000000003E-002   3.69363512794752     
  4.000000000000004E-002   3.62844702467344     
  4.400000000000004E-002   3.55902283469051     
  4.800000000000004E-002   3.48597244687378     
  5.200000000000005E-002   3.40989688471821     
  5.600000000000005E-002   3.33137892436437     
  6.000000000000005E-002   3.25097529258778     
  6.400000000000006E-002   3.16921048628366     
  6.800000000000006E-002   3.08657217640377     
  7.200000000000006E-002   3.00350809745783     
  7.600000000000007E-002   2.92042427923929     
  8.000000000000007E-002   2.83768444948922     
  8.400000000000007E-002   2.75561042282086     
  8.800000000000008E-002   2.67448328982840     
  9.200000000000008E-002   2.59454522811242     
  9.600000000000009E-002   2.51600177126525     
  0.100000000000000        2.43902439024390     
  0.104000000000000        2.36375326197950     
  0.108000000000000        2.29030012092785     
  0.112000000000000        2.21875110937555     
  0.116000000000000        2.14916956088167     
  0.120000000000000        2.08159866777685     
  0.124000000000000        2.01606399793555     
  0.128000000000000        1.95257583804555     
  0.132000000000000        1.89113135041908     
  0.136000000000000        1.83171653820228     
  0.140000000000000        1.77430801987225     
  0.144000000000000        1.71887461840984     
  0.148000000000000        1.66537877374830     
  0.152000000000000        1.61377778925353     
  0.156000000000000        1.56402492430119     
  0.160000000000000        1.51607034566404     
  0.164000000000000        1.46986195056560     
  0.168000000000000        1.42534607402677     
  0.172000000000000        1.38246809263642     
  0.176000000000000        1.34117293620309     
  0.180000000000000        1.30140551795940     
  0.184000000000000        1.26311109314687     
  0.188000000000000        1.22623555494516     
  0.192000000000000        1.19072567585589     
  0.196000000000000        1.15652930182639     
  0.200000000000000        1.12359550561798     
  0.204000000000000        1.09187470519383     
  0.208000000000000        1.06131875222877     
  0.212000000000000        1.03188099522858     
  0.216000000000000        1.00351632118945     
  0.220000000000000       0.976181179226865     
  0.224000000000000       0.949833589155180     
  0.228000000000000       0.924433137600024     
  0.232000000000000       0.899940963872770     
  0.236000000000000       0.876319737524712     
  0.240000000000000       0.853533629224992     
  0.244000000000000       0.831548276366733     
  0.248000000000000       0.810330744596715     
  0.252000000000000       0.789849486281894     
  0.256000000000000       0.770074296768152     
  0.260000000000000       0.750976269149895     
  0.264000000000000       0.732527748151100     
  0.268000000000000       0.714702283616737     
  0.272000000000000       0.697474584026158     
  0.276000000000000       0.680820470365247     
  0.280000000000000       0.664716830630152     
  0.284000000000000       0.649141575180981     
  0.288000000000000       0.634073593117512     
  0.292000000000000       0.619492709809791     
  0.296000000000000       0.605379645683401     
  0.300000000000000       0.591715976331361     
  0.304000000000000       0.578484094001351     
  0.308000000000000       0.565667170487560     
  0.312000000000000       0.553249121440395     
  0.316000000000000       0.541214572094111     
  0.320000000000000       0.529548824401610     
  0.324000000000000       0.518237825557002     
  0.328000000000000       0.507268137879538     
  0.332000000000000       0.496626910027096     
  0.336000000000000       0.486301849503194     
  0.340000000000000       0.476281196418365     
  0.344000000000000       0.466553698464478     
  0.348000000000000       0.457108587059073     
  0.352000000000000       0.447935554615886     
  0.356000000000000       0.439024732897352     
  0.360000000000000       0.430366672404889     
  0.364000000000000       0.421952322763146     
  0.368000000000000       0.413773014055042     
  0.372000000000000       0.405820439065249     
  0.376000000000000       0.398086636390851     
  0.380000000000000       0.390563974379004     
  0.384000000000000       0.383245135852736     
  0.388000000000000       0.376123103587312     
  0.392000000000000       0.369191146500954     
  0.396000000000000       0.362442806525131     
  0.400000000000000       0.355871886120997     
  0.404000000000000       0.349472436409996     
  0.408000000000000       0.343238745888000     
  0.412000000000000       0.337165329693746     
  0.416000000000000       0.331246919403650     
  0.420000000000000       0.325478453326390     
  0.424000000000000       0.319855067271918     
  0.428000000000000       0.314372085770765     
  0.432000000000000       0.309025013720711     
  0.436000000000000       0.303809528439002     
  0.440000000000000       0.298721472099415     
  0.444000000000000       0.293756844534478     
  0.448000000000000       0.288911796384211     
  0.452000000000000       0.284182622573649     
  0.456000000000000       0.279565756102361     
  0.460000000000000       0.275057762130047     
  0.464000000000000       0.270655332343096     
  0.468000000000000       0.266355279587810     
  0.472000000000000       0.262154532756733     
  0.476000000000000       0.258050131915228     
  0.480000000000000       0.254039223656133     
  0.484000000000000       0.250119056670975     
  0.488000000000000       0.246286977526806     
  0.492000000000000       0.242540426638312     
  0.496000000000000       0.238876934425415     
  0.500000000000000       0.235294117647059     
  0.504000000000000       0.231789675902404     
  0.508000000000000       0.228361388291089     
  0.512000000000000       0.225007110224683     
  0.516000000000000       0.221724770381828     
  0.520000000000000       0.218512367800017     
  0.524000000000000       0.215367969097281     
  0.528000000000000       0.212289705817417     
  0.532000000000000       0.209275771892757     
  0.536000000000000       0.206324421218734     
  0.540000000000000       0.203433965334852     
  0.544000000000000       0.200602771206923     
  0.548000000000000       0.197829259105685     
  0.552000000000000       0.195111900577219     
  0.556000000000000       0.192449216500750     
  0.560000000000000       0.189839775229706     
  0.564000000000000       0.187282190812085     
  0.568000000000000       0.184775121286390     
  0.572000000000000       0.182317267049582     
  0.576000000000000       0.179907369293698     
  0.580000000000000       0.177544208507918     
  0.584000000000000       0.175226603043055     
  0.588000000000000       0.172953407735583     
  0.592000000000000       0.170723512588469     
  0.596000000000000       0.168535841506198     
  0.600000000000000       0.166389351081531     
  0.604000000000000       0.164283029431633     
  0.608000000000000       0.162215895081354     
  0.612000000000000       0.160186995891524     
  0.616000000000000       0.158195408030252     
  0.620000000000000       0.156240234985313     
  0.624000000000000       0.154320606615786     
  0.628000000000000       0.152435678241209     
  0.632000000000000       0.150584629766606     
  0.636000000000000       0.148766664841796     
  0.640000000000000       0.146981010053501     
  0.644000000000000       0.145226914148819     
  0.648000000000000       0.143503647288700     
  0.652000000000000       0.141810500330135     
  0.656000000000000       0.140146784135833     
  0.660000000000000       0.138511828910189     
  0.664000000000000       0.136904983560450     
  0.668000000000000       0.135325615081986     
  0.672000000000000       0.133773107966670     
  0.676000000000000       0.132246863633382     
  0.680000000000000       0.130746299879713     
  0.684000000000000       0.129270850353995     
  0.688000000000000       0.127819964046801     
  0.692000000000000       0.126393104801118     
  0.696000000000000       0.124989750840431     
  0.700000000000000       0.123609394313968     
  0.704000000000000       0.122251540858421     
  0.708000000000000       0.120915709175471     
  0.712000000000000       0.119601430624473     
  0.716000000000000       0.118308248829695     
  0.720000000000000       0.117035719301531     
  0.724000000000000       0.115783409071121     
  0.728000000000000       0.114550896337854     
  0.732000000000000       0.113337770129241     
  0.736000000000000       0.112143629972673     
  0.740000000000000       0.110968085578588     
  0.744000000000000       0.109810756534618     
  0.748000000000000       0.108671272010279     
  0.752000000000000       0.107549270471789     
  0.756000000000000       0.106444399406636     
  0.760000000000000       0.105356315057525     
  0.764000000000000       0.104284682165317     
  0.768000000000000       0.103229173720660     
  0.772000000000000       0.102189470723943     
  0.776000000000000       0.101165261953283     
  0.780000000000000       0.100156243740235     
  0.784000000000000       9.916211975293557E-002
  0.788000000000000       9.818260078640334E-002
  0.792000000000000       9.721740455972958E-002
  0.796000000000000       9.626625551990707E-002
  0.800000000000000       9.532888465204954E-002
  0.804000000000000       9.440502929576866E-002
  0.808000000000000       9.349443296748336E-002
  0.812000000000000       9.259684518844566E-002
  0.816000000000000       9.171202131827591E-002
  0.820000000000000       9.083972239380833E-002
  0.824000000000000       8.997971497305644E-002
  0.828000000000000       8.913177098411455E-002
  0.832000000000000       8.829566757881975E-002
  0.836000000000000       8.747118699100513E-002
  0.840000000000000       8.665811639918192E-002
  0.844000000000000       8.585624779349441E-002
  0.848000000000000       8.506537784679791E-002
  0.852000000000000       8.428530778971555E-002
  0.856000000000000       8.351584328953536E-002
  0.860000000000000       8.275679433281469E-002
  0.864000000000000       8.200797511156362E-002
  0.868000000000000       8.126920391288459E-002
  0.872000000000000       8.054030301194957E-002
  0.876000000000000       7.982109856820106E-002
  0.880000000000000       7.911142052466695E-002
  0.884000000000000       7.841110251028441E-002
  0.888000000000000       7.771998174513069E-002
  0.892000000000000       7.703789894846350E-002
  0.896000000000000       7.636469824947675E-002
  0.900000000000000       7.570022710068131E-002
  0.904000000000000       7.504433619382331E-002
  0.908000000000000       7.439687937825636E-002
  0.912000000000000       7.375771358168637E-002
  0.916000000000000       7.312669873321156E-002
  0.920000000000000       7.250369768858211E-002
  0.924000000000000       7.188857615760737E-002
  0.928000000000000       7.128120263364085E-002
  0.932000000000000       7.068144832507585E-002
  0.936000000000000       7.008918708878674E-002
  0.940000000000000       6.950429536545358E-002
  0.944000000000000       6.892665211670991E-002
  0.948000000000000       6.835613876405539E-002
  0.952000000000000       6.779263912947743E-002
  0.956000000000000       6.723603937772776E-002
  0.960000000000000       6.668622796020165E-002
  0.964000000000000       6.614309556036958E-002
  0.968000000000000       6.560653504071279E-002
  0.972000000000000       6.507644139111565E-002
  0.976000000000000       6.455271167867002E-002
  0.980000000000000       6.403524499884736E-002
  0.984000000000000       6.352394242799687E-002
  0.988000000000000       6.301870697712873E-002
  0.992000000000000       6.251944354694308E-002
  0.996000000000000       6.202605888406684E-002
