  -1.00000000000000       6.391975612154589E-002
 -0.996000000000000       6.442558151521040E-002
 -0.992000000000000       6.493740034606640E-002
 -0.988000000000000       6.545530711630100E-002
 -0.984000000000000       6.597939818668314E-002
 -0.980000000000000       6.650977182032131E-002
 -0.976000000000000       6.704652822761989E-002
 -0.972000000000000       6.758976961247147E-002
 -0.968000000000000       6.813960021972403E-002
 -0.964000000000000       6.869612638396275E-002
 -0.960000000000000       6.925945657964840E-002
 -0.956000000000000       6.982970147265471E-002
 -0.952000000000000       7.040697397324970E-002
 -0.948000000000000       7.099138929056668E-002
 -0.944000000000000       7.158306498861280E-002
 -0.940000000000000       7.218212104386454E-002
 -0.936000000000000       7.278867990450127E-002
 -0.932000000000000       7.340286655133009E-002
 -0.928000000000000       7.402480856045664E-002
 -0.924000000000000       7.465463616775932E-002
 -0.920000000000000       7.529248233522531E-002
 -0.916000000000000       7.593848281921034E-002
 -0.912000000000000       7.659277624068515E-002
 -0.908000000000000       7.725550415753468E-002
 -0.904000000000000       7.792681113897829E-002
 -0.900000000000000       7.860684484218165E-002
 -0.896000000000000       7.929575609113401E-002
 -0.892000000000000       7.999369895786672E-002
 -0.888000000000000       8.070083084609235E-002
 -0.884000000000000       8.141731257734647E-002
 -0.880000000000000       8.214330847971693E-002
 -0.876000000000000       8.287898647924967E-002
 -0.872000000000000       8.362451819412212E-002
 -0.868000000000000       8.438007903168020E-002
 -0.864000000000000       8.514584828843748E-002
 -0.860000000000000       8.592200925313948E-002
 -0.856000000000000       8.670874931299993E-002
 -0.852000000000000       8.750626006321993E-002
 -0.848000000000000       8.831473741990535E-002
 -0.844000000000000       8.913438173650233E-002
 -0.840000000000000       8.996539792387545E-002
 -0.836000000000000       9.080799557415803E-002
 -0.832000000000000       9.166238908850922E-002
 -0.828000000000000       9.252879780891807E-002
 -0.824000000000000       9.340744615419989E-002
 -0.820000000000000       9.429856376033657E-002
 -0.816000000000000       9.520238562531856E-002
 -0.812000000000000       9.611915225865221E-002
 -0.808000000000000       9.704910983570332E-002
 -0.804000000000000       9.799251035705456E-002
 -0.800000000000000       9.894961181306136E-002
 -0.796000000000000       9.992067835379914E-002
 -0.792000000000000       0.100905980464602     
 -0.788000000000000       0.101905795147403     
 -0.784000000000000       0.102920406108089     
 -0.780000000000000       0.103950103950104     
 -0.776000000000000       0.104995186374532     
 -0.772000000000000       0.106055958386905     
 -0.768000000000000       0.107132732510993     
 -0.764000000000000       0.108225829009850     
 -0.760000000000000       0.109335576114382     
 -0.756000000000000       0.110462310259739     
 -0.752000000000000       0.111606376329833     
 -0.748000000000000       0.112768127910285     
 -0.744000000000000       0.113947927550155     
 -0.740000000000000       0.115146147032772     
 -0.736000000000000       0.116363167656052     
 -0.732000000000000       0.117599380522648     
 -0.728000000000000       0.118855186840354     
 -0.724000000000000       0.120130998233150     
 -0.720000000000000       0.121427237063329     
 -0.716000000000000       0.122744336765139     
 -0.712000000000000       0.124082742190423     
 -0.708000000000000       0.125442909966729     
 -0.704000000000000       0.126825308868406     
 -0.700000000000000       0.128230420201223     
 -0.696000000000000       0.129658738201055     
 -0.692000000000000       0.131110770447229     
 -0.688000000000000       0.132587038291137     
 -0.684000000000000       0.134088077300745     
 -0.680000000000000       0.135614437721677     
 -0.676000000000000       0.137166684955558     
 -0.672000000000000       0.138745400056352     
 -0.668000000000000       0.140351180245463     
 -0.664000000000000       0.141984639446391     
 -0.660000000000000       0.143646408839779     
 -0.656000000000000       0.145337137439741     
 -0.652000000000000       0.147057492692374     
 -0.648000000000000       0.148808161097426     
 -0.644000000000000       0.150589848854127     
 -0.640000000000000       0.152403282532239     
 -0.636000000000000       0.154249209769433     
 -0.632000000000000       0.156128399996157     
 -0.628000000000000       0.158041645189212     
 -0.624000000000000       0.159989760655318     
 -0.620000000000000       0.161973585846000     
 -0.616000000000000       0.163993985205220     
 -0.612000000000000       0.166051849051205     
 -0.608000000000000       0.168148094494055     
 -0.604000000000000       0.170283666390720     
 -0.600000000000000       0.172459538339082     
 -0.596000000000000       0.174676713712928     
 -0.592000000000000       0.176936226739691     
 -0.588000000000000       0.179239143622947     
 -0.584000000000000       0.181586563711741     
 -0.580000000000000       0.183979620718936     
 -0.576000000000000       0.186419483990868     
 -0.572000000000000       0.188907359830739     
 -0.568000000000000       0.191444492878265     
 -0.564000000000000       0.194032167548269     
 -0.560000000000000       0.196671709531014     
 -0.556000000000000       0.199364487357224     
 -0.552000000000000       0.202111914030920     
 -0.548000000000000       0.204915448733307     
 -0.544000000000000       0.207776598601184     
 -0.540000000000000       0.210696920583468     
 -0.536000000000000       0.213678023379663     
 -0.532000000000000       0.216721569464264     
 -0.528000000000000       0.219829277201337     
 -0.524000000000000       0.223002923053699     
 -0.520000000000000       0.226244343891403     
 -0.516000000000000       0.229555439404427     
 -0.512000000000000       0.232938174624790     
 -0.508000000000000       0.236394582563536     
 -0.504000000000000       0.239926766968359     
 -0.500000000000000       0.243536905207943     
 -0.496000000000000       0.247227251289385     
 -0.492000000000000       0.251000139015462     
 -0.488000000000000       0.254857985288813     
 -0.484000000000000       0.258803293570530     
 -0.480000000000000       0.262838657501011     
 -0.476000000000000       0.266966764691386     
 -0.472000000000000       0.271190400694247     
 -0.468000000000000       0.275512453162883     
 -0.464000000000000       0.279935916208720     
 -0.460000000000000       0.284463894967177     
 -0.456000000000000       0.289099610382679     
 -0.452000000000000       0.293846404224155     
 -0.448000000000000       0.298707744342935     
 -0.444000000000000       0.303687230185576     
 -0.440000000000000       0.308788598574822     
 -0.436000000000000       0.314015729772556     
 -0.432000000000000       0.319372653839350     
 -0.428000000000000       0.324863557305931     
 -0.424000000000000       0.330492790172670     
 -0.420000000000000       0.336264873254009     
 -0.416000000000000       0.342184505885573     
 -0.412000000000000       0.348256574012559     
 -0.408000000000000       0.354486158678912     
 -0.404000000000000       0.360878544937707     
 -0.400000000000000       0.367439231204070     
 -0.396000000000000       0.374173939072970     
 -0.392000000000000       0.381088623625149     
 -0.388000000000000       0.388189484245479     
 -0.384000000000000       0.395482975978972     
 -0.380000000000000       0.402975821450713     
 -0.376000000000000       0.410675023376886     
 -0.372000000000000       0.418587877695062     
 -0.368000000000000       0.426721987342769     
 -0.364000000000000       0.435085276714236     
 -0.360000000000000       0.443686006825939     
 -0.356000000000000       0.452532791222256     
 -0.352000000000000       0.461634612653050     
 -0.348000000000000       0.471000840555346     
 -0.344000000000000       0.480641249371469     
 -0.340000000000000       0.490566037735849     
 -0.336000000000000       0.500785848562359     
 -0.332000000000000       0.511311790063245     
 -0.328000000000000       0.522155457729507     
 -0.324000000000000       0.533328957300863     
 -0.320000000000000       0.544844928751048     
 -0.316000000000000       0.556716571311110     
 -0.312000000000000       0.568957669549385     
 -0.308000000000000       0.581582620521814     
 -0.304000000000000       0.594606462000073     
 -0.300000000000000       0.608044901777362     
 -0.296000000000000       0.621914348042405     
 -0.292000000000000       0.636231940801065     
 -0.288000000000000       0.651015584311526     
 -0.284000000000000       0.666283980483004     
 -0.280000000000000       0.682056663168940     
 -0.276000000000000       0.698354033263139     
 -0.272000000000000       0.715197394480876     
 -0.268000000000000       0.732608989675848     
 -0.264000000000000       0.750612037507506     
 -0.260000000000000       0.769230769230769     
 -0.256000000000000       0.788490465330680     
 -0.252000000000000       0.808417491667081     
 -0.248000000000000       0.829039334727820     
 -0.244000000000000       0.850384635512062     
 -0.240000000000000       0.872483221476510     
 -0.236000000000000       0.895366135875255     
 -0.232000000000000       0.919065663706804     
 -0.228000000000000       0.943615353347657     
 -0.224000000000000       0.969050032798616     
 -0.220000000000000       0.995405819295559     
 -0.216000000000000        1.02272012083832     
 -0.212000000000000        1.05103162796714     
 -0.208000000000000        1.08038029386344     
 -0.204000000000000        1.11080730056737     
 -0.200000000000000        1.14235500878735     
 -0.196000000000000        1.17506688842288     
 -0.192000000000000        1.20898742653076     
 -0.188000000000000        1.24416200903453     
 -0.184000000000000        1.28063677200725     
 -0.180000000000000        1.31845841784990     
 -0.176000000000000        1.35767399114379     
 -0.172000000000000        1.39833060838138     
 -0.168000000000000        1.44047513518305     
 -0.164000000000000        1.48415380400036     
 -0.160000000000000        1.52941176470588     
 -0.156000000000000        1.57629255989912     
 -0.152000000000000        1.62483751624837     
 -0.148000000000000        1.67508504277909     
 -0.144000000000000        1.72706982676161     
 -0.140000000000000        1.78082191780822     
 -0.136000000000000        1.83636569103853     
 -0.132000000000000        1.89371868080643     
 -0.128000000000000        1.95289027761086     
 -0.124000000000000        2.01388028256289     
 -0.120000000000000        2.07667731629393     
 -0.116000000000000        2.14125708261958     
 -0.112000000000000        2.20758049178101     
 -0.108000000000000        2.27559165383000     
 -0.104000000000000        2.34521575984991     
 -0.100000000000000        2.41635687732342     
 -9.599999999999997E-002   2.48889569612498     
 -9.199999999999997E-002   2.56268727330074     
 -8.799999999999997E-002   2.63755883785100     
 -8.399999999999996E-002   2.71330773083987     
 -7.999999999999996E-002   2.78969957081545     
 -7.599999999999996E-002   2.86646674898571     
 -7.199999999999995E-002   2.94330737185293     
 -6.799999999999995E-002   3.01988477978071     
 -6.399999999999995E-002   3.09582777671938     
 -6.000000000000005E-002   3.17073170731707     
 -5.600000000000005E-002   3.24416051108005     
 -5.200000000000005E-002   3.31564986737400     
 -4.800000000000004E-002   3.38471151843366     
 -4.400000000000004E-002   3.45083881928222     
 -4.000000000000004E-002   3.51351351351351     
 -3.600000000000003E-002   3.57221367333480     
 -3.200000000000003E-002   3.62642267351038     
 -2.800000000000002E-002   3.67563899570233     
 -2.400000000000002E-002   3.71938658731975     
 -2.000000000000002E-002   3.75722543352601     
 -1.600000000000001E-002   3.78876194917230     
 -1.200000000000001E-002   3.81365876554799     
 -8.000000000000007E-003   3.83164348031125     
 -4.000000000000004E-003   3.84251596122015     
  0.000000000000000E+000   3.84615384615385     
  4.000000000000004E-003   3.84251596122015     
  8.000000000000007E-003   3.83164348031125     
  1.200000000000001E-002   3.81365876554799     
  1.600000000000001E-002   3.78876194917230     
  2.000000000000002E-002   3.75722543352601     
  2.400000000000002E-002   3.71938658731975     
  2.800000000000002E-002   3.67563899570233     
  3.200000000000003E-002   3.62642267351038     
  3.600000000000003E-002   3.57221367333480     
  4.000000000000004E-002   3.51351351351351     
  4.400000000000004E-002   3.45083881928223     
  4.800000000000004E-002   3.38471151843366     
  5.200000000000005E-002   3.31564986737400     
  5.600000000000005E-002   3.24416051108006     
  6.000000000000005E-002   3.17073170731707     
  6.400000000000006E-002   3.09582777671937     
  6.800000000000006E-002   3.01988477978071     
  7.200000000000006E-002   2.94330737185292     
  7.600000000000007E-002   2.86646674898571     
  8.000000000000007E-002   2.78969957081545     
  8.400000000000007E-002   2.71330773083987     
  8.800000000000008E-002   2.63755883785100     
  9.200000000000008E-002   2.56268727330074     
  9.600000000000009E-002   2.48889569612498     
  0.100000000000000        2.41635687732342     
  0.104000000000000        2.34521575984990     
  0.108000000000000        2.27559165382999     
  0.112000000000000        2.20758049178101     
  0.116000000000000        2.14125708261958     
  0.120000000000000        2.07667731629393     
  0.124000000000000        2.01388028256289     
  0.128000000000000        1.95289027761087     
  0.132000000000000        1.89371868080643     
  0.136000000000000        1.83636569103854     
  0.140000000000000        1.78082191780822     
  0.144000000000000        1.72706982676161     
  0.148000000000000        1.67508504277910     
  0.152000000000000        1.62483751624838     
  0.156000000000000        1.57629255989912     
  0.160000000000000        1.52941176470588     
  0.164000000000000        1.48415380400037     
  0.168000000000000        1.44047513518305     
  0.172000000000000        1.39833060838138     
  0.176000000000000        1.35767399114379     
  0.180000000000000        1.31845841784990     
  0.184000000000000        1.28063677200725     
  0.188000000000000        1.24416200903453     
  0.192000000000000        1.20898742653076     
  0.196000000000000        1.17506688842288     
  0.200000000000000        1.14235500878735     
  0.204000000000000        1.11080730056737     
  0.208000000000000        1.08038029386344     
  0.212000000000000        1.05103162796714     
  0.216000000000000        1.02272012083832     
  0.220000000000000       0.995405819295559     
  0.224000000000000       0.969050032798617     
  0.228000000000000       0.943615353347657     
  0.232000000000000       0.919065663706804     
  0.236000000000000       0.895366135875255     
  0.240000000000000       0.872483221476510     
  0.244000000000000       0.850384635512063     
  0.248000000000000       0.829039334727820     
  0.252000000000000       0.808417491667082     
  0.256000000000000       0.788490465330681     
  0.260000000000000       0.769230769230769     
  0.264000000000000       0.750612037507506     
  0.268000000000000       0.732608989675849     
  0.272000000000000       0.715197394480877     
  0.276000000000000       0.698354033263140     
  0.280000000000000       0.682056663168940     
  0.284000000000000       0.666283980483005     
  0.288000000000000       0.651015584311526     
  0.292000000000000       0.636231940801065     
  0.296000000000000       0.621914348042405     
  0.300000000000000       0.608044901777362     
  0.304000000000000       0.594606462000073     
  0.308000000000000       0.581582620521814     
  0.312000000000000       0.568957669549386     
  0.316000000000000       0.556716571311110     
  0.320000000000000       0.544844928751048     
  0.324000000000000       0.533328957300863     
  0.328000000000000       0.522155457729507     
  0.332000000000000       0.511311790063245     
  0.336000000000000       0.500785848562359     
  0.340000000000000       0.490566037735849     
  0.344000000000000       0.480641249371469     
  0.348000000000000       0.471000840555346     
  0.352000000000000       0.461634612653050     
  0.356000000000000       0.452532791222256     
  0.360000000000000       0.443686006825939     
  0.364000000000000       0.435085276714236     
  0.368000000000000       0.426721987342769     
  0.372000000000000       0.418587877695062     
  0.376000000000000       0.410675023376886     
  0.380000000000000       0.402975821450713     
  0.384000000000000       0.395482975978973     
  0.388000000000000       0.388189484245479     
  0.392000000000000       0.381088623625150     
  0.396000000000000       0.374173939072970     
  0.400000000000000       0.367439231204070     
  0.404000000000000       0.360878544937707     
  0.408000000000000       0.354486158678912     
  0.412000000000000       0.348256574012559     
  0.416000000000000       0.342184505885574     
  0.420000000000000       0.336264873254009     
  0.424000000000000       0.330492790172670     
  0.428000000000000       0.324863557305932     
  0.432000000000000       0.319372653839351     
  0.436000000000000       0.314015729772556     
  0.440000000000000       0.308788598574822     
  0.444000000000000       0.303687230185576     
  0.448000000000000       0.298707744342935     
  0.452000000000000       0.293846404224155     
  0.456000000000000       0.289099610382679     
  0.460000000000000       0.284463894967177     
  0.464000000000000       0.279935916208720     
  0.468000000000000       0.275512453162883     
  0.472000000000000       0.271190400694248     
  0.476000000000000       0.266966764691387     
  0.480000000000000       0.262838657501011     
  0.484000000000000       0.258803293570530     
  0.488000000000000       0.254857985288813     
  0.492000000000000       0.251000139015462     
  0.496000000000000       0.247227251289385     
  0.500000000000000       0.243536905207943     
  0.504000000000000       0.239926766968359     
  0.508000000000000       0.236394582563536     
  0.512000000000000       0.232938174624790     
  0.516000000000000       0.229555439404427     
  0.520000000000000       0.226244343891403     
  0.524000000000000       0.223002923053699     
  0.528000000000000       0.219829277201337     
  0.532000000000000       0.216721569464264     
  0.536000000000000       0.213678023379663     
  0.540000000000000       0.210696920583468     
  0.544000000000000       0.207776598601184     
  0.548000000000000       0.204915448733307     
  0.552000000000000       0.202111914030920     
  0.556000000000000       0.199364487357224     
  0.560000000000000       0.196671709531014     
  0.564000000000000       0.194032167548269     
  0.568000000000000       0.191444492878265     
  0.572000000000000       0.188907359830739     
  0.576000000000000       0.186419483990868     
  0.580000000000000       0.183979620718936     
  0.584000000000000       0.181586563711741     
  0.588000000000000       0.179239143622947     
  0.592000000000000       0.176936226739691     
  0.596000000000000       0.174676713712928     
  0.600000000000000       0.172459538339082     
  0.604000000000000       0.170283666390720     
  0.608000000000000       0.168148094494055     
  0.612000000000000       0.166051849051205     
  0.616000000000000       0.163993985205219     
  0.620000000000000       0.161973585846000     
  0.624000000000000       0.159989760655318     
  0.628000000000000       0.158041645189212     
  0.632000000000000       0.156128399996157     
  0.636000000000000       0.154249209769433     
  0.640000000000000       0.152403282532239     
  0.644000000000000       0.150589848854127     
  0.648000000000000       0.148808161097426     
  0.652000000000000       0.147057492692374     
  0.656000000000000       0.145337137439741     
  0.660000000000000       0.143646408839779     
  0.664000000000000       0.141984639446391     
  0.668000000000000       0.140351180245463     
  0.672000000000000       0.138745400056352     
  0.676000000000000       0.137166684955558     
  0.680000000000000       0.135614437721677     
  0.684000000000000       0.134088077300745     
  0.688000000000000       0.132587038291137     
  0.692000000000000       0.131110770447229     
  0.696000000000000       0.129658738201055     
  0.700000000000000       0.128230420201223     
  0.704000000000000       0.126825308868406     
  0.708000000000000       0.125442909966729     
  0.712000000000000       0.124082742190423     
  0.716000000000000       0.122744336765139     
  0.720000000000000       0.121427237063329     
  0.724000000000000       0.120130998233150     
  0.728000000000000       0.118855186840354     
  0.732000000000000       0.117599380522648     
  0.736000000000000       0.116363167656052     
  0.740000000000000       0.115146147032772     
  0.744000000000000       0.113947927550155     
  0.748000000000000       0.112768127910285     
  0.752000000000000       0.111606376329833     
  0.756000000000000       0.110462310259739     
  0.760000000000000       0.109335576114382     
  0.764000000000000       0.108225829009850     
  0.768000000000000       0.107132732510993     
  0.772000000000000       0.106055958386905     
  0.776000000000000       0.104995186374532     
  0.780000000000000       0.103950103950104     
  0.784000000000000       0.102920406108089     
  0.788000000000000       0.101905795147403     
  0.792000000000000       0.100905980464602     
  0.796000000000000       9.992067835379911E-002
  0.800000000000000       9.894961181306133E-002
  0.804000000000000       9.799251035705453E-002
  0.808000000000000       9.704910983570329E-002
  0.812000000000000       9.611915225865218E-002
  0.816000000000000       9.520238562531853E-002
  0.820000000000000       9.429856376033655E-002
  0.824000000000000       9.340744615419987E-002
  0.828000000000000       9.252879780891804E-002
  0.832000000000000       9.166238908850918E-002
  0.836000000000000       9.080799557415797E-002
  0.840000000000000       8.996539792387541E-002
  0.844000000000000       8.913438173650229E-002
  0.848000000000000       8.831473741990530E-002
  0.852000000000000       8.750626006321988E-002
  0.856000000000000       8.670874931299988E-002
  0.860000000000000       8.592200925313943E-002
  0.864000000000000       8.514584828843742E-002
  0.868000000000000       8.438007903168014E-002
  0.872000000000000       8.362451819412206E-002
  0.876000000000000       8.287898647924966E-002
  0.880000000000000       8.214330847971693E-002
  0.884000000000000       8.141731257734645E-002
  0.888000000000000       8.070083084609235E-002
  0.892000000000000       7.999369895786670E-002
  0.896000000000000       7.929575609113401E-002
  0.900000000000000       7.860684484218165E-002
  0.904000000000000       7.792681113897827E-002
  0.908000000000000       7.725550415753467E-002
  0.912000000000000       7.659277624068514E-002
  0.916000000000000       7.593848281921034E-002
  0.920000000000000       7.529248233522530E-002
  0.924000000000000       7.465463616775930E-002
  0.928000000000000       7.402480856045662E-002
  0.932000000000000       7.340286655133006E-002
  0.936000000000000       7.278867990450125E-002
  0.940000000000000       7.218212104386451E-002
  0.944000000000000       7.158306498861278E-002
  0.948000000000000       7.099138929056666E-002
  0.952000000000000       7.040697397324967E-002
  0.956000000000000       6.982970147265469E-002
  0.960000000000000       6.925945657964837E-002
  0.964000000000000       6.869612638396272E-002
  0.968000000000000       6.813960021972400E-002
  0.972000000000000       6.758976961247144E-002
  0.976000000000000       6.704652822761986E-002
  0.980000000000000       6.650977182032128E-002
  0.984000000000000       6.597939818668311E-002
  0.988000000000000       6.545530711630097E-002
  0.992000000000000       6.493740034606638E-002
  0.996000000000000       6.442558151521037E-002
