  -1.00000000000000       6.629183137322303E-002
 -0.996000000000000       6.681574000659250E-002
 -0.992000000000000       6.734584535997104E-002
 -0.988000000000000       6.788224492115102E-002
 -0.984000000000000       6.842503808993788E-002
 -0.980000000000000       6.897432622301701E-002
 -0.976000000000000       6.953021268004464E-002
 -0.972000000000000       7.009280287100123E-002
 -0.968000000000000       7.066220430484620E-002
 -0.964000000000000       7.123852663951513E-002
 -0.960000000000000       7.182188173330144E-002
 -0.956000000000000       7.241238369766599E-002
 -0.952000000000000       7.301014895152021E-002
 -0.948000000000000       7.361529627702910E-002
 -0.944000000000000       7.422794687698288E-002
 -0.940000000000000       7.484822443378707E-002
 -0.936000000000000       7.547625517012350E-002
 -0.932000000000000       7.611216791133556E-002
 -0.928000000000000       7.675609414959365E-002
 -0.924000000000000       7.740816810989896E-002
 -0.920000000000000       7.806852681798469E-002
 -0.916000000000000       7.873731017017759E-002
 -0.912000000000000       7.941466100528373E-002
 -0.908000000000000       8.010072517856530E-002
 -0.904000000000000       8.079565163787750E-002
 -0.900000000000000       8.149959250203750E-002
 -0.896000000000000       8.221270314149964E-002
 -0.892000000000000       8.293514226141405E-002
 -0.888000000000000       8.366707198714876E-002
 -0.884000000000000       8.440865795235852E-002
 -0.880000000000000       8.516006938968619E-002
 -0.876000000000000       8.592147922418635E-002
 -0.872000000000000       8.669306416956395E-002
 -0.868000000000000       8.747500482732436E-002
 -0.864000000000000       8.826748578893481E-002
 -0.860000000000000       8.907069574110120E-002
 -0.856000000000000       8.988482757426819E-002
 -0.852000000000000       9.071007849445462E-002
 -0.848000000000000       9.154665013854062E-002
 -0.844000000000000       9.239474869312764E-002
 -0.840000000000000       9.325458501709670E-002
 -0.836000000000000       9.412637476799594E-002
 -0.832000000000000       9.501033853239292E-002
 -0.828000000000000       9.590670196033299E-002
 -0.824000000000000       9.681569590405063E-002
 -0.820000000000000       9.773755656108597E-002
 -0.816000000000000       9.867252562196582E-002
 -0.812000000000000       9.962085042261379E-002
 -0.808000000000000       0.100582784101662     
 -0.804000000000000       0.101558585762840     
 -0.800000000000000       0.102548520642637     
 -0.796000000000000       0.103552860283413     
 -0.792000000000000       0.104571882712176     
 -0.788000000000000       0.105605872625237     
 -0.784000000000000       0.106655121578938     
 -0.780000000000000       0.107719928186715     
 -0.776000000000000       0.108800598322698     
 -0.772000000000000       0.109897445332126     
 -0.768000000000000       0.111010790248812     
 -0.764000000000000       0.112140962019933     
 -0.760000000000000       0.113288297738430     
 -0.756000000000000       0.114453142883304     
 -0.752000000000000       0.115635851568108     
 -0.748000000000000       0.116836786797962     
 -0.744000000000000       0.118056320735412     
 -0.740000000000000       0.119294834975478     
 -0.736000000000000       0.120552720830260     
 -0.732000000000000       0.121830379623463     
 -0.728000000000000       0.123128222995245     
 -0.724000000000000       0.124446673217785     
 -0.720000000000000       0.125786163522013     
 -0.716000000000000       0.127147138435921     
 -0.712000000000000       0.128530054134955     
 -0.708000000000000       0.129935378804941     
 -0.704000000000000       0.131363593018074     
 -0.700000000000000       0.132815190122485     
 -0.696000000000000       0.134290676645956     
 -0.692000000000000       0.135790572714343     
 -0.688000000000000       0.137315412485328     
 -0.684000000000000       0.138865744598123     
 -0.680000000000000       0.140442132639792     
 -0.676000000000000       0.142045155628881     
 -0.672000000000000       0.143675408517078     
 -0.668000000000000       0.145333502709662     
 -0.664000000000000       0.147020066605535     
 -0.660000000000000       0.148735746157660     
 -0.656000000000000       0.150481205454777     
 -0.652000000000000       0.152257127325305     
 -0.648000000000000       0.154064213964380     
 -0.644000000000000       0.155903187585025     
 -0.640000000000000       0.157774791094490     
 -0.636000000000000       0.159679788796866     
 -0.632000000000000       0.161618967123111     
 -0.628000000000000       0.163593135389679     
 -0.624000000000000       0.165603126587030     
 -0.620000000000000       0.167649798199317     
 -0.616000000000000       0.169734033056646     
 -0.612000000000000       0.171856740221352     
 -0.608000000000000       0.174018855909809     
 -0.604000000000000       0.176221344451377     
 -0.600000000000000       0.178465199286139     
 -0.596000000000000       0.180751444003203     
 -0.592000000000000       0.183081133421393     
 -0.588000000000000       0.185455354714275     
 -0.584000000000000       0.187875228581528     
 -0.580000000000000       0.190341910468805     
 -0.576000000000000       0.192856591838309     
 -0.572000000000000       0.195420501492434     
 -0.568000000000000       0.198034906952932     
 -0.564000000000000       0.200701115898204     
 -0.560000000000000       0.203420477661418     
 -0.556000000000000       0.206194384792324     
 -0.552000000000000       0.209024274685767     
 -0.548000000000000       0.211911631280040     
 -0.544000000000000       0.214857986828410     
 -0.540000000000000       0.217864923747277     
 -0.536000000000000       0.220934076544657     
 -0.532000000000000       0.224067133832809     
 -0.528000000000000       0.227265840429078     
 -0.524000000000000       0.230531999549182     
 -0.520000000000000       0.233867475097445     
 -0.516000000000000       0.237274194058654     
 -0.512000000000000       0.240754148996501     
 -0.508000000000000       0.244309400663798     
 -0.504000000000000       0.247942080729942     
 -0.500000000000000       0.251654394631373     
 -0.496000000000000       0.255448624551073     
 -0.492000000000000       0.259327132533453     
 -0.488000000000000       0.263292363741326     
 -0.484000000000000       0.267346849861970     
 -0.480000000000000       0.271493212669683     
 -0.476000000000000       0.275734167752583     
 -0.472000000000000       0.280072528411802     
 -0.468000000000000       0.284511209741664     
 -0.464000000000000       0.289053232899825     
 -0.460000000000000       0.293701729576852     
 -0.456000000000000       0.298459946675156     
 -0.452000000000000       0.303331251207708     
 -0.448000000000000       0.308319135427467     
 -0.444000000000000       0.313427222199005     
 -0.440000000000000       0.318659270624336     
 -0.436000000000000       0.324019181935570     
 -0.432000000000000       0.329511005667589     
 -0.428000000000000       0.335138946124552     
 -0.424000000000000       0.340907369154701     
 -0.420000000000000       0.346820809248555     
 -0.416000000000000       0.352883976976281     
 -0.412000000000000       0.359101766780692     
 -0.408000000000000       0.365479265143024     
 -0.404000000000000       0.372021759139334     
 -0.400000000000000       0.378734745406088     
 -0.396000000000000       0.385623939534166     
 -0.392000000000000       0.392695285911257     
 -0.388000000000000       0.399954968033229     
 -0.384000000000000       0.407409419305774     
 -0.380000000000000       0.415065334358186     
 -0.376000000000000       0.422929680891724     
 -0.372000000000000       0.431009712085512     
 -0.368000000000000       0.439312979583336     
 -0.364000000000000       0.447847347085011     
 -0.360000000000000       0.456621004566210     
 -0.356000000000000       0.465642483150640     
 -0.352000000000000       0.474920670658346     
 -0.348000000000000       0.484464827853498     
 -0.344000000000000       0.494284605414430     
 -0.340000000000000       0.504390061647674     
 -0.336000000000000       0.514791680966436     
 -0.332000000000000       0.525500393152146     
 -0.328000000000000       0.536527593415415     
 -0.324000000000000       0.547885163269779     
 -0.320000000000000       0.559585492227979     
 -0.316000000000000       0.571641500326047     
 -0.312000000000000       0.584066661474963     
 -0.308000000000000       0.596875027633103     
 -0.304000000000000       0.610081253784763     
 -0.300000000000000       0.623700623700623     
 -0.296000000000000       0.637749076444856     
 -0.292000000000000       0.652243233580380     
 -0.288000000000000       0.667200427008273     
 -0.284000000000000       0.682638727359149     
 -0.280000000000000       0.698576972833117     
 -0.276000000000000       0.715034798360187     
 -0.272000000000000       0.732032664924248     
 -0.268000000000000       0.749591888860509     
 -0.264000000000000       0.767734670897738     
 -0.260000000000000       0.786484124672298     
 -0.256000000000000       0.805864304389871     
 -0.252000000000000       0.825900231252064     
 -0.248000000000000       0.846617918197895     
 -0.244000000000000       0.868044392433225     
 -0.240000000000000       0.890207715133531     
 -0.236000000000000       0.913136997605552     
 -0.232000000000000       0.936862413079987     
 -0.228000000000000       0.961415203179080     
 -0.224000000000000       0.986827677957925     
 -0.220000000000000        1.01313320825516     
 -0.216000000000000        1.04036620890553     
 -0.212000000000000        1.06856211116212     
 -0.208000000000000        1.09775732244792     
 -0.204000000000000        1.12798917130396     
 -0.200000000000000        1.15929583512237     
 -0.196000000000000        1.19171624794760     
 -0.192000000000000        1.22528998529652     
 -0.188000000000000        1.26005712258956     
 -0.184000000000000        1.29605806340124     
 -0.180000000000000        1.33333333333333     
 -0.176000000000000        1.37192333489157     
 -0.172000000000000        1.41186805831538     
 -0.168000000000000        1.45320674287929     
 -0.164000000000000        1.49597748276856     
 -0.160000000000000        1.54021677124929     
 -0.156000000000000        1.58595897652781     
 -0.152000000000000        1.63323574245687     
 -0.148000000000000        1.68207530713449     
 -0.144000000000000        1.73250173250173     
 -0.140000000000000        1.78453403833443     
 -0.136000000000000        1.83818523460690     
 -0.132000000000000        1.89346124715981     
 -0.128000000000000        1.95035973301742     
 -0.124000000000000        2.00886878366715     
 -0.120000000000000        2.06896551724138     
 -0.116000000000000        2.13061456393422     
 -0.112000000000000        2.19376645324840     
 -0.108000000000000        2.25835591689250     
 -0.104000000000000        2.32430012740608     
 -0.100000000000000        2.39149689991143     
 -9.599999999999997E-002   2.45982289275172     
 -9.199999999999997E-002   2.52913185207389     
 -8.799999999999997E-002   2.59925295544688     
 -8.399999999999996E-002   2.66998932004272     
 -7.999999999999996E-002   2.74111675126904     
 -7.599999999999996E-002   2.81238281738261     
 -7.199999999999995E-002   2.88350634371396     
 -6.799999999999995E-002   2.95417742570791     
 -6.399999999999995E-002   3.02405806191479     
 -6.000000000000005E-002   3.09278350515464     
 -5.600000000000005E-002   3.15996442114133     
 -5.200000000000005E-002   3.22518992785131     
 -4.800000000000004E-002   3.28803156510302     
 -4.400000000000004E-002   3.34804821189425     
 -4.000000000000004E-002   3.40479192938209     
 -3.600000000000003E-002   3.45781466113416     
 -3.200000000000003E-002   3.50667567146345     
 -2.800000000000002E-002   3.55094955021306     
 -2.400000000000002E-002   3.59023456199138     
 -2.000000000000002E-002   3.62416107382550     
 -1.600000000000001E-002   3.65239976191764     
 -1.200000000000001E-002   3.67466927976482     
 -8.000000000000007E-003   3.69074306960468     
 -4.000000000000004E-003   3.70045501891344     
  0.000000000000000E+000   3.70370370370370     
  4.000000000000004E-003   3.70045501891344     
  8.000000000000007E-003   3.69074306960468     
  1.200000000000001E-002   3.67466927976482     
  1.600000000000001E-002   3.65239976191764     
  2.000000000000002E-002   3.62416107382550     
  2.400000000000002E-002   3.59023456199138     
  2.800000000000002E-002   3.55094955021306     
  3.200000000000003E-002   3.50667567146345     
  3.600000000000003E-002   3.45781466113416     
  4.000000000000004E-002   3.40479192938209     
  4.400000000000004E-002   3.34804821189425     
  4.800000000000004E-002   3.28803156510302     
  5.200000000000005E-002   3.22518992785131     
  5.600000000000005E-002   3.15996442114133     
  6.000000000000005E-002   3.09278350515464     
  6.400000000000006E-002   3.02405806191479     
  6.800000000000006E-002   2.95417742570791     
  7.200000000000006E-002   2.88350634371396     
  7.600000000000007E-002   2.81238281738261     
  8.000000000000007E-002   2.74111675126903     
  8.400000000000007E-002   2.66998932004272     
  8.800000000000008E-002   2.59925295544688     
  9.200000000000008E-002   2.52913185207389     
  9.600000000000009E-002   2.45982289275172     
  0.100000000000000        2.39149689991143     
  0.104000000000000        2.32430012740608     
  0.108000000000000        2.25835591689250     
  0.112000000000000        2.19376645324840     
  0.116000000000000        2.13061456393422     
  0.120000000000000        2.06896551724138     
  0.124000000000000        2.00886878366715     
  0.128000000000000        1.95035973301743     
  0.132000000000000        1.89346124715981     
  0.136000000000000        1.83818523460690     
  0.140000000000000        1.78453403833444     
  0.144000000000000        1.73250173250173     
  0.148000000000000        1.68207530713449     
  0.152000000000000        1.63323574245687     
  0.156000000000000        1.58595897652781     
  0.160000000000000        1.54021677124929     
  0.164000000000000        1.49597748276856     
  0.168000000000000        1.45320674287929     
  0.172000000000000        1.41186805831538     
  0.176000000000000        1.37192333489157     
  0.180000000000000        1.33333333333333     
  0.184000000000000        1.29605806340124     
  0.188000000000000        1.26005712258956     
  0.192000000000000        1.22528998529652     
  0.196000000000000        1.19171624794760     
  0.200000000000000        1.15929583512237     
  0.204000000000000        1.12798917130396     
  0.208000000000000        1.09775732244792     
  0.212000000000000        1.06856211116212     
  0.216000000000000        1.04036620890554     
  0.220000000000000        1.01313320825516     
  0.224000000000000       0.986827677957925     
  0.228000000000000       0.961415203179080     
  0.232000000000000       0.936862413079988     
  0.236000000000000       0.913136997605552     
  0.240000000000000       0.890207715133531     
  0.244000000000000       0.868044392433225     
  0.248000000000000       0.846617918197896     
  0.252000000000000       0.825900231252065     
  0.256000000000000       0.805864304389871     
  0.260000000000000       0.786484124672299     
  0.264000000000000       0.767734670897738     
  0.268000000000000       0.749591888860510     
  0.272000000000000       0.732032664924248     
  0.276000000000000       0.715034798360187     
  0.280000000000000       0.698576972833118     
  0.284000000000000       0.682638727359149     
  0.288000000000000       0.667200427008273     
  0.292000000000000       0.652243233580381     
  0.296000000000000       0.637749076444856     
  0.300000000000000       0.623700623700624     
  0.304000000000000       0.610081253784763     
  0.308000000000000       0.596875027633103     
  0.312000000000000       0.584066661474963     
  0.316000000000000       0.571641500326047     
  0.320000000000000       0.559585492227979     
  0.324000000000000       0.547885163269779     
  0.328000000000000       0.536527593415415     
  0.332000000000000       0.525500393152146     
  0.336000000000000       0.514791680966436     
  0.340000000000000       0.504390061647674     
  0.344000000000000       0.494284605414430     
  0.348000000000000       0.484464827853498     
  0.352000000000000       0.474920670658346     
  0.356000000000000       0.465642483150640     
  0.360000000000000       0.456621004566210     
  0.364000000000000       0.447847347085011     
  0.368000000000000       0.439312979583336     
  0.372000000000000       0.431009712085512     
  0.376000000000000       0.422929680891724     
  0.380000000000000       0.415065334358186     
  0.384000000000000       0.407409419305775     
  0.388000000000000       0.399954968033229     
  0.392000000000000       0.392695285911257     
  0.396000000000000       0.385623939534167     
  0.400000000000000       0.378734745406088     
  0.404000000000000       0.372021759139335     
  0.408000000000000       0.365479265143024     
  0.412000000000000       0.359101766780693     
  0.416000000000000       0.352883976976281     
  0.420000000000000       0.346820809248555     
  0.424000000000000       0.340907369154701     
  0.428000000000000       0.335138946124553     
  0.432000000000000       0.329511005667589     
  0.436000000000000       0.324019181935571     
  0.440000000000000       0.318659270624336     
  0.444000000000000       0.313427222199006     
  0.448000000000000       0.308319135427467     
  0.452000000000000       0.303331251207708     
  0.456000000000000       0.298459946675156     
  0.460000000000000       0.293701729576852     
  0.464000000000000       0.289053232899825     
  0.468000000000000       0.284511209741664     
  0.472000000000000       0.280072528411802     
  0.476000000000000       0.275734167752583     
  0.480000000000000       0.271493212669683     
  0.484000000000000       0.267346849861970     
  0.488000000000000       0.263292363741326     
  0.492000000000000       0.259327132533453     
  0.496000000000000       0.255448624551073     
  0.500000000000000       0.251654394631373     
  0.504000000000000       0.247942080729941     
  0.508000000000000       0.244309400663798     
  0.512000000000000       0.240754148996501     
  0.516000000000000       0.237274194058654     
  0.520000000000000       0.233867475097445     
  0.524000000000000       0.230531999549182     
  0.528000000000000       0.227265840429078     
  0.532000000000000       0.224067133832809     
  0.536000000000000       0.220934076544656     
  0.540000000000000       0.217864923747277     
  0.544000000000000       0.214857986828410     
  0.548000000000000       0.211911631280040     
  0.552000000000000       0.209024274685767     
  0.556000000000000       0.206194384792324     
  0.560000000000000       0.203420477661418     
  0.564000000000000       0.200701115898204     
  0.568000000000000       0.198034906952932     
  0.572000000000000       0.195420501492434     
  0.576000000000000       0.192856591838309     
  0.580000000000000       0.190341910468805     
  0.584000000000000       0.187875228581528     
  0.588000000000000       0.185455354714275     
  0.592000000000000       0.183081133421393     
  0.596000000000000       0.180751444003203     
  0.600000000000000       0.178465199286139     
  0.604000000000000       0.176221344451377     
  0.608000000000000       0.174018855909809     
  0.612000000000000       0.171856740221351     
  0.616000000000000       0.169734033056646     
  0.620000000000000       0.167649798199317     
  0.624000000000000       0.165603126587030     
  0.628000000000000       0.163593135389679     
  0.632000000000000       0.161618967123111     
  0.636000000000000       0.159679788796866     
  0.640000000000000       0.157774791094490     
  0.644000000000000       0.155903187585025     
  0.648000000000000       0.154064213964380     
  0.652000000000000       0.152257127325305     
  0.656000000000000       0.150481205454777     
  0.660000000000000       0.148735746157660     
  0.664000000000000       0.147020066605535     
  0.668000000000000       0.145333502709662     
  0.672000000000000       0.143675408517078     
  0.676000000000000       0.142045155628881     
  0.680000000000000       0.140442132639792     
  0.684000000000000       0.138865744598123     
  0.688000000000000       0.137315412485328     
  0.692000000000000       0.135790572714343     
  0.696000000000000       0.134290676645956     
  0.700000000000000       0.132815190122485     
  0.704000000000000       0.131363593018074     
  0.708000000000000       0.129935378804941     
  0.712000000000000       0.128530054134955     
  0.716000000000000       0.127147138435921     
  0.720000000000000       0.125786163522013     
  0.724000000000000       0.124446673217785     
  0.728000000000000       0.123128222995245     
  0.732000000000000       0.121830379623463     
  0.736000000000000       0.120552720830260     
  0.740000000000000       0.119294834975478     
  0.744000000000000       0.118056320735412     
  0.748000000000000       0.116836786797962     
  0.752000000000000       0.115635851568108     
  0.756000000000000       0.114453142883304     
  0.760000000000000       0.113288297738430     
  0.764000000000000       0.112140962019933     
  0.768000000000000       0.111010790248812     
  0.772000000000000       0.109897445332126     
  0.776000000000000       0.108800598322698     
  0.780000000000000       0.107719928186715     
  0.784000000000000       0.106655121578938     
  0.788000000000000       0.105605872625237     
  0.792000000000000       0.104571882712176     
  0.796000000000000       0.103552860283413     
  0.800000000000000       0.102548520642637     
  0.804000000000000       0.101558585762840     
  0.808000000000000       0.100582784101662     
  0.812000000000000       9.962085042261376E-002
  0.816000000000000       9.867252562196580E-002
  0.820000000000000       9.773755656108594E-002
  0.824000000000000       9.681569590405061E-002
  0.828000000000000       9.590670196033296E-002
  0.832000000000000       9.501033853239287E-002
  0.836000000000000       9.412637476799589E-002
  0.840000000000000       9.325458501709664E-002
  0.844000000000000       9.239474869312758E-002
  0.848000000000000       9.154665013854058E-002
  0.852000000000000       9.071007849445456E-002
  0.856000000000000       8.988482757426815E-002
  0.860000000000000       8.907069574110114E-002
  0.864000000000000       8.826748578893476E-002
  0.868000000000000       8.747500482732432E-002
  0.872000000000000       8.669306416956390E-002
  0.876000000000000       8.592147922418633E-002
  0.880000000000000       8.516006938968618E-002
  0.884000000000000       8.440865795235851E-002
  0.888000000000000       8.366707198714875E-002
  0.892000000000000       8.293514226141403E-002
  0.896000000000000       8.221270314149964E-002
  0.900000000000000       8.149959250203749E-002
  0.904000000000000       8.079565163787748E-002
  0.908000000000000       8.010072517856529E-002
  0.912000000000000       7.941466100528373E-002
  0.916000000000000       7.873731017017757E-002
  0.920000000000000       7.806852681798468E-002
  0.924000000000000       7.740816810989896E-002
  0.928000000000000       7.675609414959365E-002
  0.932000000000000       7.611216791133553E-002
  0.936000000000000       7.547625517012348E-002
  0.940000000000000       7.484822443378704E-002
  0.944000000000000       7.422794687698285E-002
  0.948000000000000       7.361529627702908E-002
  0.952000000000000       7.301014895152018E-002
  0.956000000000000       7.241238369766596E-002
  0.960000000000000       7.182188173330141E-002
  0.964000000000000       7.123852663951510E-002
  0.968000000000000       7.066220430484617E-002
  0.972000000000000       7.009280287100120E-002
  0.976000000000000       6.953021268004461E-002
  0.980000000000000       6.897432622301698E-002
  0.984000000000000       6.842503808993786E-002
  0.988000000000000       6.788224492115100E-002
  0.992000000000000       6.734584535997101E-002
  0.996000000000000       6.681574000659248E-002
