  -1.00000000000000       6.865437426441744E-002
 -0.996000000000000       6.919621674627528E-002
 -0.992000000000000       6.974445631207259E-002
 -0.988000000000000       7.029919336696984E-002
 -0.984000000000000       7.086053027971691E-002
 -0.980000000000000       7.142857142857145E-002
 -0.976000000000000       7.200342324846533E-002
 -0.972000000000000       7.258519427945717E-002
 -0.968000000000000       7.317399521651143E-002
 -0.964000000000000       7.376993896064482E-002
 -0.960000000000000       7.437314067148323E-002
 -0.956000000000000       7.498371782127312E-002
 -0.952000000000000       7.560179025039315E-002
 -0.948000000000000       7.622748022441372E-002
 -0.944000000000000       7.686091249275315E-002
 -0.940000000000000       7.750221434898143E-002
 -0.936000000000000       7.815151569282439E-002
 -0.932000000000000       7.880894909392229E-002
 -0.928000000000000       7.947464985739978E-002
 -0.924000000000000       8.014875609130548E-002
 -0.920000000000000       8.083140877598154E-002
 -0.916000000000000       8.152275183542654E-002
 -0.912000000000000       8.222293221071625E-002
 -0.908000000000000       8.293209993554992E-002
 -0.904000000000000       8.365040821399210E-002
 -0.900000000000000       8.437801350048217E-002
 -0.896000000000000       8.511507558218713E-002
 -0.892000000000000       8.586175766377518E-002
 -0.888000000000000       8.661822645469126E-002
 -0.884000000000000       8.738465225901812E-002
 -0.880000000000000       8.816120906801010E-002
 -0.876000000000000       8.894807465538977E-002
 -0.872000000000000       8.974543067550106E-002
 -0.868000000000000       9.055346276441613E-002
 -0.864000000000000       9.137236064409684E-002
 -0.860000000000000       9.220231822971552E-002
 -0.856000000000000       9.304353374024375E-002
 -0.852000000000000       9.389620981242222E-002
 -0.848000000000000       9.476055361822872E-002
 -0.844000000000000       9.563677698596601E-002
 -0.840000000000000       9.652509652509655E-002
 -0.836000000000000       9.742573375495482E-002
 -0.832000000000000       9.833891523747447E-002
 -0.828000000000000       9.926487271407179E-002
 -0.824000000000000       0.100203843246834     
 -0.820000000000000       0.101156069364162     
 -0.816000000000000       0.102121799211036     
 -0.812000000000000       0.103101286704058     
 -0.808000000000000       0.104094791691451     
 -0.804000000000000       0.105102580118195     
 -0.800000000000000       0.106124924196483     
 -0.796000000000000       0.107162102581688     
 -0.792000000000000       0.108214400554058     
 -0.788000000000000       0.109282110206325     
 -0.784000000000000       0.110365530637471     
 -0.780000000000000       0.111464968152866     
 -0.776000000000000       0.112580736471012     
 -0.772000000000000       0.113713156937152     
 -0.768000000000000       0.114862558743994     
 -0.764000000000000       0.116029279159815     
 -0.760000000000000       0.117213663764233     
 -0.756000000000000       0.118416066691929     
 -0.752000000000000       0.119636850884629     
 -0.748000000000000       0.120876388351661     
 -0.744000000000000       0.122135060439407     
 -0.740000000000000       0.123413258110014     
 -0.736000000000000       0.124711382229697     
 -0.732000000000000       0.126029843867028     
 -0.728000000000000       0.127369064601590     
 -0.724000000000000       0.128729476843406     
 -0.720000000000000       0.130111524163569     
 -0.716000000000000       0.131515661636506     
 -0.712000000000000       0.132942356194354     
 -0.708000000000000       0.134392086993918     
 -0.704000000000000       0.135865345796714     
 -0.700000000000000       0.137362637362637     
 -0.696000000000000       0.138884479857782     
 -0.692000000000000       0.140431405277011     
 -0.688000000000000       0.142003959881853     
 -0.684000000000000       0.143602704654369     
 -0.680000000000000       0.145228215767635     
 -0.676000000000000       0.146881085073525     
 -0.672000000000000       0.148561920608510     
 -0.668000000000000       0.150271347118225     
 -0.664000000000000       0.152010006601577     
 -0.660000000000000       0.153778558875220     
 -0.656000000000000       0.155577682159240     
 -0.652000000000000       0.157408073684968     
 -0.648000000000000       0.159270450325822     
 -0.644000000000000       0.161165549252192     
 -0.640000000000000       0.163094128611370     
 -0.636000000000000       0.165056968233607     
 -0.632000000000000       0.167054870365421     
 -0.628000000000000       0.169088660431321     
 -0.624000000000000       0.171159187825202     
 -0.620000000000000       0.173267326732673     
 -0.616000000000000       0.175413976985686     
 -0.612000000000000       0.177600064950881     
 -0.608000000000000       0.179826544453122     
 -0.604000000000000       0.182094397735786     
 -0.600000000000000       0.184404636459431     
 -0.596000000000000       0.186758302740545     
 -0.592000000000000       0.189156470232176     
 -0.588000000000000       0.191600245248314     
 -0.584000000000000       0.194090767933987     
 -0.580000000000000       0.196629213483146     
 -0.576000000000000       0.199216793406493     
 -0.572000000000000       0.201854756851527     
 -0.568000000000000       0.204544391977185     
 -0.564000000000000       0.207287027385578     
 -0.560000000000000       0.210084033613445     
 -0.556000000000000       0.212936824686070     
 -0.552000000000000       0.215846859736543     
 -0.548000000000000       0.218815644693408     
 -0.544000000000000       0.221844734039856     
 -0.540000000000000       0.224935732647815     
 -0.536000000000000       0.228090297690423     
 -0.532000000000000       0.231310140636566     
 -0.528000000000000       0.234597029331331     
 -0.524000000000000       0.237952790166431     
 -0.520000000000000       0.241379310344828     
 -0.516000000000000       0.244878540244039     
 -0.512000000000000       0.248452495882787     
 -0.508000000000000       0.252103261495909     
 -0.504000000000000       0.255832992222677     
 -0.500000000000000       0.259643916913947     
 -0.496000000000000       0.263538341063791     
 -0.492000000000000       0.267518649871591     
 -0.488000000000000       0.271587311440809     
 -0.484000000000000       0.275746880121013     
 -0.480000000000000       0.280000000000000     
 -0.476000000000000       0.284349408553230     
 -0.472000000000000       0.288797940458116     
 -0.468000000000000       0.293348531581065     
 -0.464000000000000       0.298004223145562     
 -0.460000000000000       0.302768166089965     
 -0.456000000000000       0.307643625624077     
 -0.452000000000000       0.312633985993997     
 -0.448000000000000       0.317742755465175     
 -0.444000000000000       0.322973571534032     
 -0.440000000000000       0.328330206378987     
 -0.436000000000000       0.333816572562185     
 -0.432000000000000       0.339436728993715     
 -0.428000000000000       0.345194887170585     
 -0.424000000000000       0.351095417703234     
 -0.420000000000000       0.357142857142857     
 -0.416000000000000       0.363341915123329     
 -0.412000000000000       0.369697481832009     
 -0.408000000000000       0.376214635824232     
 -0.404000000000000       0.382898652196744     
 -0.400000000000000       0.389755011135857     
 -0.396000000000000       0.396789406856521     
 -0.392000000000000       0.404007756948933     
 -0.388000000000000       0.411416212149708     
 -0.384000000000000       0.419021166554928     
 -0.380000000000000       0.426829268292683     
 -0.376000000000000       0.434847430672895     
 -0.372000000000000       0.443082843832287     
 -0.368000000000000       0.451542986892352     
 -0.364000000000000       0.460235640648012     
 -0.360000000000000       0.469168900804289     
 -0.356000000000000       0.478351191777826     
 -0.352000000000000       0.487791281079273     
 -0.348000000000000       0.497498294291562     
 -0.344000000000000       0.507481730657696     
 -0.340000000000000       0.517751479289941     
 -0.336000000000000       0.528317836010144     
 -0.332000000000000       0.539191520828198     
 -0.328000000000000       0.550383696062398     
 -0.324000000000000       0.561905985101464     
 -0.320000000000000       0.573770491803279     
 -0.316000000000000       0.585989820519689     
 -0.312000000000000       0.598577096730059     
 -0.308000000000000       0.611545988258317     
 -0.304000000000000       0.624910727038994     
 -0.300000000000000       0.638686131386861     
 -0.296000000000000       0.652887628712132     
 -0.292000000000000       0.667531278608483     
 -0.288000000000000       0.682633796224060     
 -0.284000000000000       0.698212575805937     
 -0.280000000000000       0.714285714285714     
 -0.276000000000000       0.730872034747744     
 -0.272000000000000       0.747991109591383     
 -0.268000000000000       0.765663283164158     
 -0.264000000000000       0.783909693603297     
 -0.260000000000000       0.802752293577981     
 -0.256000000000000       0.822213869573388     
 -0.252000000000000       0.842318059299191     
 -0.248000000000000       0.863089366739002     
 -0.244000000000000       0.884553174282248     
 -0.240000000000000       0.906735751295337     
 -0.236000000000000       0.929664258393540     
 -0.232000000000000       0.953366746567880     
 -0.228000000000000       0.977872150201162     
 -0.224000000000000        1.00321027287319     
 -0.220000000000000        1.02941176470588     
 -0.216000000000000        1.05650808983337     
 -0.212000000000000        1.08453148239960     
 -0.208000000000000        1.11351488928481     
 -0.204000000000000        1.14349189754313     
 -0.200000000000000        1.17449664429530     
 -0.196000000000000        1.20656370656371     
 -0.192000000000000        1.23972796826296     
 -0.188000000000000        1.27402446126966     
 -0.184000000000000        1.30948817719246     
 -0.180000000000000        1.34615384615385     
 -0.176000000000000        1.38405567858273     
 -0.172000000000000        1.42322706571243     
 -0.168000000000000        1.46370023419204     
 -0.164000000000000        1.50550584996559     
 -0.160000000000000        1.54867256637168     
 -0.156000000000000        1.59322651128915     
 -0.152000000000000        1.63919070813039     
 -0.148000000000000        1.68658442559753     
 -0.144000000000000        1.73542245140817     
 -0.140000000000000        1.78571428571429     
 -0.136000000000000        1.83746325073498     
 -0.132000000000000        1.89066551426102     
 -0.128000000000000        1.94530902623388     
 -0.124000000000000        2.00137236962489     
 -0.120000000000000        2.05882352941176     
 -0.116000000000000        2.11761858664085     
 -0.112000000000000        2.17770034843206     
 -0.108000000000000        2.23899692937564     
 -0.104000000000000        2.30142030510258     
 -0.100000000000000        2.36486486486486     
 -9.599999999999997E-002   2.42920599666852     
 -9.199999999999997E-002   2.49429874572406     
 -8.799999999999997E-002   2.55997659449971     
 -8.399999999999996E-002   2.62605042016807     
 -7.999999999999996E-002   2.69230769230769     
 -7.599999999999996E-002   2.75851197982346     
 -7.199999999999995E-002   2.82440284054229     
 -6.799999999999995E-002   2.88969616908851     
 -6.399999999999995E-002   2.95408507765024     
 -6.000000000000005E-002   3.01724137931034     
 -5.600000000000005E-002   3.07881773399015     
 -5.200000000000005E-002   3.13845050215208     
 -4.800000000000004E-002   3.19576333089846     
 -4.400000000000004E-002   3.25037147102526     
 -4.000000000000004E-002   3.30188679245283     
 -3.600000000000003E-002   3.34992343032159     
 -3.200000000000003E-002   3.39410395655547     
 -2.800000000000002E-002   3.43406593406593     
 -2.400000000000002E-002   3.46946867565424     
 -2.000000000000002E-002   3.50000000000000     
 -1.600000000000001E-002   3.52538275584206     
 -1.200000000000001E-002   3.54538087520259     
 -8.000000000000007E-003   3.55980471928397     
 -4.000000000000004E-003   3.56851549755302     
  0.000000000000000E+000   3.57142857142857     
  4.000000000000004E-003   3.56851549755302     
  8.000000000000007E-003   3.55980471928397     
  1.200000000000001E-002   3.54538087520259     
  1.600000000000001E-002   3.52538275584206     
  2.000000000000002E-002   3.50000000000000     
  2.400000000000002E-002   3.46946867565424     
  2.800000000000002E-002   3.43406593406593     
  3.200000000000003E-002   3.39410395655547     
  3.600000000000003E-002   3.34992343032159     
  4.000000000000004E-002   3.30188679245283     
  4.400000000000004E-002   3.25037147102526     
  4.800000000000004E-002   3.19576333089847     
  5.200000000000005E-002   3.13845050215208     
  5.600000000000005E-002   3.07881773399015     
  6.000000000000005E-002   3.01724137931034     
  6.400000000000006E-002   2.95408507765024     
  6.800000000000006E-002   2.88969616908851     
  7.200000000000006E-002   2.82440284054228     
  7.600000000000007E-002   2.75851197982345     
  8.000000000000007E-002   2.69230769230769     
  8.400000000000007E-002   2.62605042016807     
  8.800000000000008E-002   2.55997659449971     
  9.200000000000008E-002   2.49429874572406     
  9.600000000000009E-002   2.42920599666852     
  0.100000000000000        2.36486486486486     
  0.104000000000000        2.30142030510258     
  0.108000000000000        2.23899692937564     
  0.112000000000000        2.17770034843205     
  0.116000000000000        2.11761858664085     
  0.120000000000000        2.05882352941176     
  0.124000000000000        2.00137236962488     
  0.128000000000000        1.94530902623388     
  0.132000000000000        1.89066551426102     
  0.136000000000000        1.83746325073499     
  0.140000000000000        1.78571428571429     
  0.144000000000000        1.73542245140817     
  0.148000000000000        1.68658442559753     
  0.152000000000000        1.63919070813039     
  0.156000000000000        1.59322651128915     
  0.160000000000000        1.54867256637168     
  0.164000000000000        1.50550584996559     
  0.168000000000000        1.46370023419204     
  0.172000000000000        1.42322706571243     
  0.176000000000000        1.38405567858273     
  0.180000000000000        1.34615384615385     
  0.184000000000000        1.30948817719246     
  0.188000000000000        1.27402446126966     
  0.192000000000000        1.23972796826296     
  0.196000000000000        1.20656370656371     
  0.200000000000000        1.17449664429530     
  0.204000000000000        1.14349189754313     
  0.208000000000000        1.11351488928481     
  0.212000000000000        1.08453148239960     
  0.216000000000000        1.05650808983337     
  0.220000000000000        1.02941176470588     
  0.224000000000000        1.00321027287319     
  0.228000000000000       0.977872150201163     
  0.232000000000000       0.953366746567880     
  0.236000000000000       0.929664258393540     
  0.240000000000000       0.906735751295337     
  0.244000000000000       0.884553174282249     
  0.248000000000000       0.863089366739002     
  0.252000000000000       0.842318059299192     
  0.256000000000000       0.822213869573389     
  0.260000000000000       0.802752293577982     
  0.264000000000000       0.783909693603297     
  0.268000000000000       0.765663283164158     
  0.272000000000000       0.747991109591383     
  0.276000000000000       0.730872034747745     
  0.280000000000000       0.714285714285714     
  0.284000000000000       0.698212575805937     
  0.288000000000000       0.682633796224060     
  0.292000000000000       0.667531278608483     
  0.296000000000000       0.652887628712133     
  0.300000000000000       0.638686131386861     
  0.304000000000000       0.624910727038995     
  0.308000000000000       0.611545988258317     
  0.312000000000000       0.598577096730059     
  0.316000000000000       0.585989820519689     
  0.320000000000000       0.573770491803279     
  0.324000000000000       0.561905985101464     
  0.328000000000000       0.550383696062398     
  0.332000000000000       0.539191520828198     
  0.336000000000000       0.528317836010144     
  0.340000000000000       0.517751479289941     
  0.344000000000000       0.507481730657696     
  0.348000000000000       0.497498294291562     
  0.352000000000000       0.487791281079273     
  0.356000000000000       0.478351191777826     
  0.360000000000000       0.469168900804289     
  0.364000000000000       0.460235640648012     
  0.368000000000000       0.451542986892352     
  0.372000000000000       0.443082843832287     
  0.376000000000000       0.434847430672896     
  0.380000000000000       0.426829268292683     
  0.384000000000000       0.419021166554928     
  0.388000000000000       0.411416212149709     
  0.392000000000000       0.404007756948934     
  0.396000000000000       0.396789406856521     
  0.400000000000000       0.389755011135858     
  0.404000000000000       0.382898652196745     
  0.408000000000000       0.376214635824233     
  0.412000000000000       0.369697481832010     
  0.416000000000000       0.363341915123329     
  0.420000000000000       0.357142857142857     
  0.424000000000000       0.351095417703234     
  0.428000000000000       0.345194887170586     
  0.432000000000000       0.339436728993716     
  0.436000000000000       0.333816572562185     
  0.440000000000000       0.328330206378987     
  0.444000000000000       0.322973571534032     
  0.448000000000000       0.317742755465176     
  0.452000000000000       0.312633985993998     
  0.456000000000000       0.307643625624077     
  0.460000000000000       0.302768166089966     
  0.464000000000000       0.298004223145562     
  0.468000000000000       0.293348531581065     
  0.472000000000000       0.288797940458116     
  0.476000000000000       0.284349408553230     
  0.480000000000000       0.280000000000000     
  0.484000000000000       0.275746880121014     
  0.488000000000000       0.271587311440810     
  0.492000000000000       0.267518649871591     
  0.496000000000000       0.263538341063791     
  0.500000000000000       0.259643916913947     
  0.504000000000000       0.255832992222677     
  0.508000000000000       0.252103261495909     
  0.512000000000000       0.248452495882787     
  0.516000000000000       0.244878540244039     
  0.520000000000000       0.241379310344828     
  0.524000000000000       0.237952790166431     
  0.528000000000000       0.234597029331331     
  0.532000000000000       0.231310140636565     
  0.536000000000000       0.228090297690423     
  0.540000000000000       0.224935732647815     
  0.544000000000000       0.221844734039856     
  0.548000000000000       0.218815644693408     
  0.552000000000000       0.215846859736543     
  0.556000000000000       0.212936824686070     
  0.560000000000000       0.210084033613445     
  0.564000000000000       0.207287027385577     
  0.568000000000000       0.204544391977184     
  0.572000000000000       0.201854756851527     
  0.576000000000000       0.199216793406493     
  0.580000000000000       0.196629213483146     
  0.584000000000000       0.194090767933987     
  0.588000000000000       0.191600245248314     
  0.592000000000000       0.189156470232176     
  0.596000000000000       0.186758302740545     
  0.600000000000000       0.184404636459431     
  0.604000000000000       0.182094397735786     
  0.608000000000000       0.179826544453122     
  0.612000000000000       0.177600064950881     
  0.616000000000000       0.175413976985686     
  0.620000000000000       0.173267326732673     
  0.624000000000000       0.171159187825202     
  0.628000000000000       0.169088660431321     
  0.632000000000000       0.167054870365421     
  0.636000000000000       0.165056968233608     
  0.640000000000000       0.163094128611370     
  0.644000000000000       0.161165549252192     
  0.648000000000000       0.159270450325822     
  0.652000000000000       0.157408073684968     
  0.656000000000000       0.155577682159240     
  0.660000000000000       0.153778558875220     
  0.664000000000000       0.152010006601577     
  0.668000000000000       0.150271347118225     
  0.672000000000000       0.148561920608510     
  0.676000000000000       0.146881085073525     
  0.680000000000000       0.145228215767635     
  0.684000000000000       0.143602704654369     
  0.688000000000000       0.142003959881853     
  0.692000000000000       0.140431405277011     
  0.696000000000000       0.138884479857782     
  0.700000000000000       0.137362637362637     
  0.704000000000000       0.135865345796714     
  0.708000000000000       0.134392086993918     
  0.712000000000000       0.132942356194354     
  0.716000000000000       0.131515661636506     
  0.720000000000000       0.130111524163569     
  0.724000000000000       0.128729476843406     
  0.728000000000000       0.127369064601590     
  0.732000000000000       0.126029843867028     
  0.736000000000000       0.124711382229697     
  0.740000000000000       0.123413258110014     
  0.744000000000000       0.122135060439407     
  0.748000000000000       0.120876388351660     
  0.752000000000000       0.119636850884629     
  0.756000000000000       0.118416066691929     
  0.760000000000000       0.117213663764233     
  0.764000000000000       0.116029279159815     
  0.768000000000000       0.114862558743994     
  0.772000000000000       0.113713156937152     
  0.776000000000000       0.112580736471012     
  0.780000000000000       0.111464968152866     
  0.784000000000000       0.110365530637471     
  0.788000000000000       0.109282110206325     
  0.792000000000000       0.108214400554058     
  0.796000000000000       0.107162102581688     
  0.800000000000000       0.106124924196483     
  0.804000000000000       0.105102580118195     
  0.808000000000000       0.104094791691451     
  0.812000000000000       0.103101286704058     
  0.816000000000000       0.102121799211036     
  0.820000000000000       0.101156069364162     
  0.824000000000000       0.100203843246834     
  0.828000000000000       9.926487271407176E-002
  0.832000000000000       9.833891523747441E-002
  0.836000000000000       9.742573375495477E-002
  0.840000000000000       9.652509652509650E-002
  0.844000000000000       9.563677698596597E-002
  0.848000000000000       9.476055361822866E-002
  0.852000000000000       9.389620981242218E-002
  0.856000000000000       9.304353374024370E-002
  0.860000000000000       9.220231822971546E-002
  0.864000000000000       9.137236064409680E-002
  0.868000000000000       9.055346276441609E-002
  0.872000000000000       8.974543067550100E-002
  0.876000000000000       8.894807465538976E-002
  0.880000000000000       8.816120906801009E-002
  0.884000000000000       8.738465225901811E-002
  0.888000000000000       8.661822645469125E-002
  0.892000000000000       8.586175766377518E-002
  0.896000000000000       8.511507558218713E-002
  0.900000000000000       8.437801350048217E-002
  0.904000000000000       8.365040821399210E-002
  0.908000000000000       8.293209993554992E-002
  0.912000000000000       8.222293221071623E-002
  0.916000000000000       8.152275183542654E-002
  0.920000000000000       8.083140877598154E-002
  0.924000000000000       8.014875609130546E-002
  0.928000000000000       7.947464985739977E-002
  0.932000000000000       7.880894909392226E-002
  0.936000000000000       7.815151569282436E-002
  0.940000000000000       7.750221434898140E-002
  0.944000000000000       7.686091249275312E-002
  0.948000000000000       7.622748022441370E-002
  0.952000000000000       7.560179025039312E-002
  0.956000000000000       7.498371782127310E-002
  0.960000000000000       7.437314067148321E-002
  0.964000000000000       7.376993896064479E-002
  0.968000000000000       7.317399521651140E-002
  0.972000000000000       7.258519427945714E-002
  0.976000000000000       7.200342324846530E-002
  0.980000000000000       7.142857142857142E-002
  0.984000000000000       7.086053027971688E-002
  0.988000000000000       7.029919336696981E-002
  0.992000000000000       6.974445631207256E-002
  0.996000000000000       6.919621674627525E-002
