  -1.00000000000000       7.100707622242355E-002
 -0.996000000000000       7.156669868248176E-002
 -0.992000000000000       7.213291559254953E-002
 -0.988000000000000       7.270583020531125E-002
 -0.984000000000000       7.328554778672593E-002
 -0.980000000000000       7.387217566293910E-002
 -0.976000000000000       7.446582326846420E-002
 -0.972000000000000       7.506660219567224E-002
 -0.968000000000000       7.567462624563046E-002
 -0.964000000000000       7.629001148033139E-002
 -0.960000000000000       7.691287627635593E-002
 -0.956000000000000       7.754334138001480E-002
 -0.952000000000000       7.818152996401495E-002
 -0.948000000000000       7.882756768569874E-002
 -0.944000000000000       7.948158274690545E-002
 -0.940000000000000       8.014370595550645E-002
 -0.936000000000000       8.081407078866733E-002
 -0.932000000000000       8.149281345789183E-002
 -0.928000000000000       8.218007297590481E-002
 -0.924000000000000       8.287599122543299E-002
 -0.920000000000000       8.358071302994495E-002
 -0.916000000000000       8.429438622641357E-002
 -0.912000000000000       8.501716174016645E-002
 -0.908000000000000       8.574919366189271E-002
 -0.904000000000000       8.649063932687616E-002
 -0.900000000000000       8.724165939652839E-002
 -0.896000000000000       8.800241794229713E-002
 -0.892000000000000       8.877308253202872E-002
 -0.888000000000000       8.955382431886597E-002
 -0.884000000000000       9.034481813276576E-002
 -0.880000000000000       9.114624257472421E-002
 -0.876000000000000       9.195828011379996E-002
 -0.872000000000000       9.278111718703011E-002
 -0.868000000000000       9.361494430233624E-002
 -0.864000000000000       9.445995614452243E-002
 -0.860000000000000       9.531635168447002E-002
 -0.856000000000000       9.618433429163888E-002
 -0.852000000000000       9.706411184998844E-002
 -0.848000000000000       9.795589687743625E-002
 -0.844000000000000       9.885990664897644E-002
 -0.840000000000000       9.977636332358508E-002
 -0.836000000000000       0.100705494075044     
 -0.832000000000000       0.101647531226823     
 -0.828000000000000       0.102602712391153     
 -0.824000000000000       0.103571280612456     
 -0.820000000000000       0.104553484515268     
 -0.816000000000000       0.105549578456821     
 -0.812000000000000       0.106559822684455     
 -0.808000000000000       0.107584483498024     
 -0.804000000000000       0.108623833417486     
 -0.800000000000000       0.109678151355849     
 -0.796000000000000       0.110747722797686     
 -0.792000000000000       0.111832839983402     
 -0.788000000000000       0.112933802099478     
 -0.784000000000000       0.114050915474900     
 -0.780000000000000       0.115184493784009     
 -0.776000000000000       0.116334858256004     
 -0.772000000000000       0.117502337891344     
 -0.768000000000000       0.118687269685307     
 -0.764000000000000       0.119889998858978     
 -0.760000000000000       0.121110879097933     
 -0.756000000000000       0.122350272798919     
 -0.752000000000000       0.123608551324828     
 -0.748000000000000       0.124886095268281     
 -0.744000000000000       0.126183294724146     
 -0.740000000000000       0.127500549571334     
 -0.736000000000000       0.128838269764235     
 -0.732000000000000       0.130196875634149     
 -0.728000000000000       0.131576798201118     
 -0.724000000000000       0.132978479496553     
 -0.720000000000000       0.134402372897066     
 -0.716000000000000       0.135848943469976     
 -0.712000000000000       0.137318668330906     
 -0.708000000000000       0.138812037013990     
 -0.704000000000000       0.140329551855157     
 -0.700000000000000       0.141871728389022     
 -0.696000000000000       0.143439095759940     
 -0.692000000000000       0.145032197147767     
 -0.688000000000000       0.146651590208933     
 -0.684000000000000       0.148297847533449     
 -0.680000000000000       0.149971557118478     
 -0.676000000000000       0.151673322859157     
 -0.672000000000000       0.153403765057373     
 -0.668000000000000       0.155163520949216     
 -0.664000000000000       0.156953245251894     
 -0.660000000000000       0.158773610730906     
 -0.656000000000000       0.160625308788309     
 -0.652000000000000       0.162509050072961     
 -0.648000000000000       0.164425565113658     
 -0.644000000000000       0.166375604976122     
 -0.640000000000000       0.168359941944848     
 -0.636000000000000       0.170379370230846     
 -0.632000000000000       0.172434706706402     
 -0.628000000000000       0.174526791667971     
 -0.624000000000000       0.176656489628437     
 -0.620000000000000       0.178824690139977     
 -0.616000000000000       0.181032308648850     
 -0.612000000000000       0.183280287383491     
 -0.608000000000000       0.185569596277346     
 -0.604000000000000       0.187901233927965     
 -0.600000000000000       0.190276228593924     
 -0.596000000000000       0.192695639231237     
 -0.592000000000000       0.195160556570989     
 -0.588000000000000       0.197672104239998     
 -0.584000000000000       0.200231439926425     
 -0.580000000000000       0.202839756592292     
 -0.576000000000000       0.205498283735023     
 -0.572000000000000       0.208208288700177     
 -0.568000000000000       0.210971078047659     
 -0.564000000000000       0.213787998973818     
 -0.560000000000000       0.216660440791931     
 -0.556000000000000       0.219589836473720     
 -0.552000000000000       0.222577664254641     
 -0.548000000000000       0.225625449305852     
 -0.544000000000000       0.228734765475879     
 -0.540000000000000       0.231907237105158     
 -0.536000000000000       0.235144540916772     
 -0.532000000000000       0.238448407986871     
 -0.528000000000000       0.241820625798425     
 -0.524000000000000       0.245263040382137     
 -0.520000000000000       0.248777558548512     
 -0.516000000000000       0.252366150215294     
 -0.512000000000000       0.256030850834661     
 -0.508000000000000       0.259773763924769     
 -0.504000000000000       0.263597063710501     
 -0.500000000000000       0.267502997878424     
 -0.496000000000000       0.271493890451279     
 -0.492000000000000       0.275572144787505     
 -0.488000000000000       0.279740246711605     
 -0.484000000000000       0.284000767781386     
 -0.480000000000000       0.288356368698419     
 -0.476000000000000       0.292809802868324     
 -0.472000000000000       0.297363920117797     
 -0.468000000000000       0.302021670575591     
 -0.464000000000000       0.306786108724997     
 -0.460000000000000       0.311660397635680     
 -0.456000000000000       0.316647813383065     
 -0.452000000000000       0.321751749663825     
 -0.448000000000000       0.326975722616347     
 -0.444000000000000       0.332323375855446     
 -0.440000000000000       0.337798485730926     
 -0.436000000000000       0.343404966819975     
 -0.432000000000000       0.349146877663750     
 -0.428000000000000       0.355028426758860     
 -0.424000000000000       0.361053978814846     
 -0.420000000000000       0.367228061289097     
 -0.416000000000000       0.373555371210989     
 -0.412000000000000       0.380040782307398     
 -0.408000000000000       0.386689352442010     
 -0.404000000000000       0.393506331381180     
 -0.400000000000000       0.400497168899323     
 -0.396000000000000       0.407667523237049     
 -0.392000000000000       0.415023269925410     
 -0.388000000000000       0.422570510989747     
 -0.384000000000000       0.430315584546625     
 -0.380000000000000       0.438265074807314     
 -0.376000000000000       0.446425822501093     
 -0.372000000000000       0.454804935731358     
 -0.368000000000000       0.463409801277093     
 -0.364000000000000       0.472248096351639     
 -0.360000000000000       0.481327800829875     
 -0.356000000000000       0.490657209953912     
 -0.352000000000000       0.500244947526030     
 -0.348000000000000       0.510099979596001     
 -0.344000000000000       0.520231628647900     
 -0.340000000000000       0.530649588289112     
 -0.336000000000000       0.541363938441320     
 -0.332000000000000       0.552385161029798     
 -0.328000000000000       0.563724156163254     
 -0.324000000000000       0.575392258791597     
 -0.320000000000000       0.587401255823374     
 -0.316000000000000       0.599763403677997     
 -0.312000000000000       0.612491446240147     
 -0.308000000000000       0.625598633174848     
 -0.304000000000000       0.639098738551317     
 -0.300000000000000       0.653006079711776     
 -0.296000000000000       0.667335536307655     
 -0.292000000000000       0.682102569409816     
 -0.288000000000000       0.697323240581327     
 -0.284000000000000       0.713014230780578     
 -0.280000000000000       0.729192858938898     
 -0.276000000000000       0.745877100029835     
 -0.272000000000000       0.763085602416613     
 -0.268000000000000       0.780837704229447     
 -0.264000000000000       0.799153448484915     
 -0.260000000000000       0.818053596614950     
 -0.256000000000000       0.837559640022643     
 -0.252000000000000       0.857693809225236     
 -0.248000000000000       0.878479080080941     
 -0.244000000000000       0.899939176524621     
 -0.240000000000000       0.922098569157393     
 -0.236000000000000       0.944982468945921     
 -0.232000000000000       0.968616815187912     
 -0.228000000000000       0.993028256790259     
 -0.224000000000000        1.01824412578475     
 -0.220000000000000        1.04429240187252     
 -0.216000000000000        1.07120166664204     
 -0.212000000000000        1.09900104594582     
 -0.208000000000000        1.12772013874846     
 -0.204000000000000        1.15738893057263     
 -0.200000000000000        1.18803768947153     
 -0.196000000000000        1.21969684224693     
 -0.192000000000000        1.25239682841300     
 -0.188000000000000        1.28616792918093     
 -0.184000000000000        1.32104006851187     
 -0.180000000000000        1.35704258306036     
 -0.176000000000000        1.39420395761620     
 -0.172000000000000        1.43255152245648     
 -0.168000000000000        1.47211110885500     
 -0.164000000000000        1.51290665887607     
 -0.160000000000000        1.55495978552279     
 -0.156000000000000        1.59828927933687     
 -0.152000000000000        1.64291055768316     
 -0.148000000000000        1.68883505322742     
 -0.144000000000000        1.73606953856469     
 -0.140000000000000        1.78461538461538     
 -0.136000000000000        1.83446775132208     
 -0.132000000000000        1.88561471039559     
 -0.128000000000000        1.93803630142479     
 -0.124000000000000        1.99170352462844     
 -0.120000000000000        2.04657727593507     
 -0.116000000000000        2.10260723296888     
 -0.112000000000000        2.15973070392326     
 -0.108000000000000        2.21787145522959     
 -0.104000000000000        2.27693853836249     
 -0.100000000000000        2.33682514101531     
 -9.599999999999997E-002   2.39740749313845     
 -9.199999999999997E-002   2.45854386381363     
 -8.799999999999997E-002   2.52007369043067     
 -8.399999999999996E-002   2.58181688686300     
 -7.999999999999996E-002   2.64357338195077     
 -7.599999999999996E-002   2.70512294317376     
 -7.199999999999995E-002   2.76622534243962     
 -6.799999999999995E-002   2.82662092089360     
 -6.399999999999995E-002   2.88603160702201     
 -6.000000000000005E-002   2.94416243654822     
 -5.600000000000005E-002   3.00070361326104     
 -5.200000000000005E-002   3.05533313666821     
 -4.800000000000004E-002   3.10772000514381     
 -4.400000000000004E-002   3.15752798223074     
 -4.000000000000004E-002   3.20441988950276     
 -3.600000000000003E-002   3.24806236279737     
 -3.200000000000003E-002   3.28813098099687     
 -2.800000000000002E-002   3.32431564950250     
 -2.400000000000002E-002   3.35632609601407     
 -2.000000000000002E-002   3.38389731621937     
 -1.600000000000001E-002   3.40679479347775     
 -1.200000000000001E-002   3.42481931125703     
 -8.000000000000007E-003   3.43781118118450     
 -4.000000000000004E-003   3.44565372368233     
  0.000000000000000E+000   3.44827586206897     
  4.000000000000004E-003   3.44565372368233     
  8.000000000000007E-003   3.43781118118450     
  1.200000000000001E-002   3.42481931125703     
  1.600000000000001E-002   3.40679479347775     
  2.000000000000002E-002   3.38389731621937     
  2.400000000000002E-002   3.35632609601407     
  2.800000000000002E-002   3.32431564950250     
  3.200000000000003E-002   3.28813098099687     
  3.600000000000003E-002   3.24806236279737     
  4.000000000000004E-002   3.20441988950276     
  4.400000000000004E-002   3.15752798223074     
  4.800000000000004E-002   3.10772000514381     
  5.200000000000005E-002   3.05533313666821     
  5.600000000000005E-002   3.00070361326104     
  6.000000000000005E-002   2.94416243654822     
  6.400000000000006E-002   2.88603160702201     
  6.800000000000006E-002   2.82662092089360     
  7.200000000000006E-002   2.76622534243962     
  7.600000000000007E-002   2.70512294317376     
  8.000000000000007E-002   2.64357338195077     
  8.400000000000007E-002   2.58181688686300     
  8.800000000000008E-002   2.52007369043067     
  9.200000000000008E-002   2.45854386381362     
  9.600000000000009E-002   2.39740749313845     
  0.100000000000000        2.33682514101531     
  0.104000000000000        2.27693853836249     
  0.108000000000000        2.21787145522959     
  0.112000000000000        2.15973070392326     
  0.116000000000000        2.10260723296888     
  0.120000000000000        2.04657727593507     
  0.124000000000000        1.99170352462844     
  0.128000000000000        1.93803630142479     
  0.132000000000000        1.88561471039559     
  0.136000000000000        1.83446775132208     
  0.140000000000000        1.78461538461539     
  0.144000000000000        1.73606953856469     
  0.148000000000000        1.68883505322742     
  0.152000000000000        1.64291055768316     
  0.156000000000000        1.59828927933688     
  0.160000000000000        1.55495978552279     
  0.164000000000000        1.51290665887607     
  0.168000000000000        1.47211110885500     
  0.172000000000000        1.43255152245648     
  0.176000000000000        1.39420395761620     
  0.180000000000000        1.35704258306037     
  0.184000000000000        1.32104006851187     
  0.188000000000000        1.28616792918093     
  0.192000000000000        1.25239682841300     
  0.196000000000000        1.21969684224693     
  0.200000000000000        1.18803768947153     
  0.204000000000000        1.15738893057263     
  0.208000000000000        1.12772013874846     
  0.212000000000000        1.09900104594582     
  0.216000000000000        1.07120166664204     
  0.220000000000000        1.04429240187252     
  0.224000000000000        1.01824412578475     
  0.228000000000000       0.993028256790259     
  0.232000000000000       0.968616815187912     
  0.236000000000000       0.944982468945921     
  0.240000000000000       0.922098569157393     
  0.244000000000000       0.899939176524621     
  0.248000000000000       0.878479080080941     
  0.252000000000000       0.857693809225237     
  0.256000000000000       0.837559640022643     
  0.260000000000000       0.818053596614951     
  0.264000000000000       0.799153448484915     
  0.268000000000000       0.780837704229448     
  0.272000000000000       0.763085602416613     
  0.276000000000000       0.745877100029835     
  0.280000000000000       0.729192858938899     
  0.284000000000000       0.713014230780579     
  0.288000000000000       0.697323240581327     
  0.292000000000000       0.682102569409817     
  0.296000000000000       0.667335536307656     
  0.300000000000000       0.653006079711777     
  0.304000000000000       0.639098738551317     
  0.308000000000000       0.625598633174848     
  0.312000000000000       0.612491446240147     
  0.316000000000000       0.599763403677997     
  0.320000000000000       0.587401255823374     
  0.324000000000000       0.575392258791597     
  0.328000000000000       0.563724156163254     
  0.332000000000000       0.552385161029798     
  0.336000000000000       0.541363938441320     
  0.340000000000000       0.530649588289112     
  0.344000000000000       0.520231628647900     
  0.348000000000000       0.510099979596001     
  0.352000000000000       0.500244947526030     
  0.356000000000000       0.490657209953912     
  0.360000000000000       0.481327800829875     
  0.364000000000000       0.472248096351639     
  0.368000000000000       0.463409801277093     
  0.372000000000000       0.454804935731358     
  0.376000000000000       0.446425822501093     
  0.380000000000000       0.438265074807315     
  0.384000000000000       0.430315584546626     
  0.388000000000000       0.422570510989748     
  0.392000000000000       0.415023269925411     
  0.396000000000000       0.407667523237049     
  0.400000000000000       0.400497168899324     
  0.404000000000000       0.393506331381180     
  0.408000000000000       0.386689352442010     
  0.412000000000000       0.380040782307398     
  0.416000000000000       0.373555371210989     
  0.420000000000000       0.367228061289097     
  0.424000000000000       0.361053978814847     
  0.428000000000000       0.355028426758860     
  0.432000000000000       0.349146877663750     
  0.436000000000000       0.343404966819975     
  0.440000000000000       0.337798485730926     
  0.444000000000000       0.332323375855446     
  0.448000000000000       0.326975722616347     
  0.452000000000000       0.321751749663825     
  0.456000000000000       0.316647813383065     
  0.460000000000000       0.311660397635680     
  0.464000000000000       0.306786108724997     
  0.468000000000000       0.302021670575591     
  0.472000000000000       0.297363920117797     
  0.476000000000000       0.292809802868325     
  0.480000000000000       0.288356368698419     
  0.484000000000000       0.284000767781386     
  0.488000000000000       0.279740246711605     
  0.492000000000000       0.275572144787505     
  0.496000000000000       0.271493890451279     
  0.500000000000000       0.267502997878425     
  0.504000000000000       0.263597063710501     
  0.508000000000000       0.259773763924769     
  0.512000000000000       0.256030850834661     
  0.516000000000000       0.252366150215294     
  0.520000000000000       0.248777558548512     
  0.524000000000000       0.245263040382137     
  0.528000000000000       0.241820625798425     
  0.532000000000000       0.238448407986870     
  0.536000000000000       0.235144540916772     
  0.540000000000000       0.231907237105158     
  0.544000000000000       0.228734765475879     
  0.548000000000000       0.225625449305852     
  0.552000000000000       0.222577664254641     
  0.556000000000000       0.219589836473720     
  0.560000000000000       0.216660440791931     
  0.564000000000000       0.213787998973818     
  0.568000000000000       0.210971078047659     
  0.572000000000000       0.208208288700177     
  0.576000000000000       0.205498283735023     
  0.580000000000000       0.202839756592292     
  0.584000000000000       0.200231439926425     
  0.588000000000000       0.197672104239998     
  0.592000000000000       0.195160556570989     
  0.596000000000000       0.192695639231237     
  0.600000000000000       0.190276228593924     
  0.604000000000000       0.187901233927965     
  0.608000000000000       0.185569596277346     
  0.612000000000000       0.183280287383491     
  0.616000000000000       0.181032308648850     
  0.620000000000000       0.178824690139977     
  0.624000000000000       0.176656489628436     
  0.628000000000000       0.174526791667971     
  0.632000000000000       0.172434706706402     
  0.636000000000000       0.170379370230846     
  0.640000000000000       0.168359941944848     
  0.644000000000000       0.166375604976122     
  0.648000000000000       0.164425565113658     
  0.652000000000000       0.162509050072961     
  0.656000000000000       0.160625308788309     
  0.660000000000000       0.158773610730906     
  0.664000000000000       0.156953245251894     
  0.668000000000000       0.155163520949216     
  0.672000000000000       0.153403765057373     
  0.676000000000000       0.151673322859157     
  0.680000000000000       0.149971557118478     
  0.684000000000000       0.148297847533449     
  0.688000000000000       0.146651590208933     
  0.692000000000000       0.145032197147767     
  0.696000000000000       0.143439095759940     
  0.700000000000000       0.141871728389022     
  0.704000000000000       0.140329551855157     
  0.708000000000000       0.138812037013990     
  0.712000000000000       0.137318668330906     
  0.716000000000000       0.135848943469976     
  0.720000000000000       0.134402372897066     
  0.724000000000000       0.132978479496553     
  0.728000000000000       0.131576798201118     
  0.732000000000000       0.130196875634149     
  0.736000000000000       0.128838269764235     
  0.740000000000000       0.127500549571334     
  0.744000000000000       0.126183294724146     
  0.748000000000000       0.124886095268281     
  0.752000000000000       0.123608551324828     
  0.756000000000000       0.122350272798919     
  0.760000000000000       0.121110879097933     
  0.764000000000000       0.119889998858978     
  0.768000000000000       0.118687269685307     
  0.772000000000000       0.117502337891344     
  0.776000000000000       0.116334858256004     
  0.780000000000000       0.115184493784009     
  0.784000000000000       0.114050915474900     
  0.788000000000000       0.112933802099478     
  0.792000000000000       0.111832839983402     
  0.796000000000000       0.110747722797686     
  0.800000000000000       0.109678151355849     
  0.804000000000000       0.108623833417486     
  0.808000000000000       0.107584483498024     
  0.812000000000000       0.106559822684455     
  0.816000000000000       0.105549578456821     
  0.820000000000000       0.104553484515268     
  0.824000000000000       0.103571280612456     
  0.828000000000000       0.102602712391153     
  0.832000000000000       0.101647531226823     
  0.836000000000000       0.100705494075044     
  0.840000000000000       9.977636332358503E-002
  0.844000000000000       9.885990664897638E-002
  0.848000000000000       9.795589687743619E-002
  0.852000000000000       9.706411184998838E-002
  0.856000000000000       9.618433429163882E-002
  0.860000000000000       9.531635168446996E-002
  0.864000000000000       9.445995614452239E-002
  0.868000000000000       9.361494430233620E-002
  0.872000000000000       9.278111718703005E-002
  0.876000000000000       9.195828011379996E-002
  0.880000000000000       9.114624257472420E-002
  0.884000000000000       9.034481813276576E-002
  0.888000000000000       8.955382431886597E-002
  0.892000000000000       8.877308253202872E-002
  0.896000000000000       8.800241794229711E-002
  0.900000000000000       8.724165939652838E-002
  0.904000000000000       8.649063932687616E-002
  0.908000000000000       8.574919366189269E-002
  0.912000000000000       8.501716174016644E-002
  0.916000000000000       8.429438622641355E-002
  0.920000000000000       8.358071302994495E-002
  0.924000000000000       8.287599122543297E-002
  0.928000000000000       8.218007297590479E-002
  0.932000000000000       8.149281345789181E-002
  0.936000000000000       8.081407078866730E-002
  0.940000000000000       8.014370595550642E-002
  0.944000000000000       7.948158274690542E-002
  0.948000000000000       7.882756768569871E-002
  0.952000000000000       7.818152996401492E-002
  0.956000000000000       7.754334138001477E-002
  0.960000000000000       7.691287627635590E-002
  0.964000000000000       7.629001148033136E-002
  0.968000000000000       7.567462624563043E-002
  0.972000000000000       7.506660219567221E-002
  0.976000000000000       7.446582326846417E-002
  0.980000000000000       7.387217566293908E-002
  0.984000000000000       7.328554778672590E-002
  0.988000000000000       7.270583020531123E-002
  0.992000000000000       7.213291559254950E-002
  0.996000000000000       7.156669868248174E-002
