  -1.00000000000000       7.498312879602090E-003
 -0.996000000000000       7.558647546311834E-003
 -0.992000000000000       7.619713315906203E-003
 -0.988000000000000       7.681522047504582E-003
 -0.984000000000000       7.744085841642739E-003
 -0.980000000000000       7.807417046193885E-003
 -0.976000000000000       7.871528262459845E-003
 -0.972000000000000       7.936432351437924E-003
 -0.968000000000000       8.002142440269344E-003
 -0.964000000000000       8.068671928875197E-003
 -0.960000000000000       8.136034496786269E-003
 -0.956000000000000       8.204244110173155E-003
 -0.952000000000000       8.273315029083463E-003
 -0.948000000000000       8.343261814893059E-003
 -0.944000000000000       8.414099337978667E-003
 -0.940000000000000       8.485842785619327E-003
 -0.936000000000000       8.558507670134576E-003
 -0.932000000000000       8.632109837267468E-003
 -0.928000000000000       8.706665474820904E-003
 -0.924000000000000       8.782191121556064E-003
 -0.920000000000000       8.858703676362026E-003
 -0.916000000000000       8.936220407706121E-003
 -0.912000000000000       9.014758963374838E-003
 -0.908000000000000       9.094337380515564E-003
 -0.904000000000000       9.174974095989804E-003
 -0.900000000000000       9.256687957048969E-003
 -0.896000000000000       9.339498232344302E-003
 -0.892000000000000       9.423424623282895E-003
 -0.888000000000000       9.508487275742330E-003
 -0.884000000000000       9.594706792156904E-003
 -0.880000000000000       9.682104243989029E-003
 -0.876000000000000       9.770701184599813E-003
 -0.872000000000000       9.860519662533576E-003
 -0.868000000000000       9.951582235231522E-003
 -0.864000000000000       1.004391198319051E-002
 -0.860000000000000       1.013753252458352E-002
 -0.856000000000000       1.023246803035905E-002
 -0.852000000000000       1.032874323983755E-002
 -0.848000000000000       1.042638347682354E-002
 -0.844000000000000       1.052541466625314E-002
 -0.840000000000000       1.062586335139730E-002
 -0.836000000000000       1.072775671164219E-002
 -0.832000000000000       1.083112258086877E-002
 -0.828000000000000       1.093598946645495E-002
 -0.824000000000000       1.104238656892437E-002
 -0.820000000000000       1.115034380226724E-002
 -0.816000000000000       1.125989181495944E-002
 -0.812000000000000       1.137106201170764E-002
 -0.808000000000000       1.148388657594907E-002
 -0.804000000000000       1.159839849313607E-002
 -0.800000000000000       1.171463157483697E-002
 -0.796000000000000       1.183262048368597E-002
 -0.792000000000000       1.195240075921650E-002
 -0.788000000000000       1.207400884461395E-002
 -0.784000000000000       1.219748211442539E-002
 -0.780000000000000       1.232285890326556E-002
 -0.776000000000000       1.245017853556020E-002
 -0.772000000000000       1.257948135637000E-002
 -0.768000000000000       1.271080876333999E-002
 -0.764000000000000       1.284420323982183E-002
 -0.760000000000000       1.297970838921819E-002
 -0.756000000000000       1.311736897060135E-002
 -0.752000000000000       1.325723093566001E-002
 -0.748000000000000       1.339934146703137E-002
 -0.744000000000000       1.354374901807820E-002
 -0.740000000000000       1.369050335417332E-002
 -0.736000000000000       1.383965559555729E-002
 -0.732000000000000       1.399125826183801E-002
 -0.728000000000000       1.414536531820471E-002
 -0.724000000000000       1.430203222343207E-002
 -0.720000000000000       1.446131597975416E-002
 -0.716000000000000       1.462327518469197E-002
 -0.712000000000000       1.478797008492239E-002
 -0.708000000000000       1.495546263228107E-002
 -0.704000000000000       1.512581654199633E-002
 -0.700000000000000       1.529909735325616E-002
 -0.696000000000000       1.547537249221589E-002
 -0.692000000000000       1.565471133755941E-002
 -0.688000000000000       1.583718528873301E-002
 -0.684000000000000       1.602286783697694E-002
 -0.680000000000000       1.621183463928668E-002
 -0.676000000000000       1.640416359544271E-002
 -0.672000000000000       1.659993492825508E-002
 -0.668000000000000       1.679923126717722E-002
 -0.664000000000000       1.700213773545127E-002
 -0.660000000000000       1.720874204095681E-002
 -0.656000000000000       1.741913457094349E-002
 -0.652000000000000       1.763340849083886E-002
 -0.648000000000000       1.785165984733260E-002
 -0.644000000000000       1.807398767595027E-002
 -0.640000000000000       1.830049411334106E-002
 -0.636000000000000       1.853128451451741E-002
 -0.632000000000000       1.876646757529732E-002
 -0.628000000000000       1.900615546021505E-002
 -0.624000000000000       1.925046393618086E-002
 -0.620000000000000       1.949951251218720E-002
 -0.616000000000000       1.975342458537562E-002
 -0.612000000000000       2.001232759379778E-002
 -0.608000000000000       2.027635317622314E-002
 -0.604000000000000       2.054563733936736E-002
 -0.600000000000000       2.082032063293775E-002
 -0.596000000000000       2.110054833291601E-002
 -0.592000000000000       2.138647063352428E-002
 -0.588000000000000       2.167824284834768E-002
 -0.584000000000000       2.197602562111573E-002
 -0.580000000000000       2.227998514667656E-002
 -0.576000000000000       2.259029340273071E-002
 -0.572000000000000       2.290712839292749E-002
 -0.568000000000000       2.323067440196500E-002
 -0.564000000000000       2.356112226337564E-002
 -0.560000000000000       2.389866964072333E-002
 -0.556000000000000       2.424352132298511E-002
 -0.552000000000000       2.459588953494092E-002
 -0.548000000000000       2.495599426344878E-002
 -0.544000000000000       2.532406360054159E-002
 -0.540000000000000       2.570033410434335E-002
 -0.536000000000000       2.608505117887041E-002
 -0.532000000000000       2.647846947385515E-002
 -0.528000000000000       2.688085330580734E-002
 -0.524000000000000       2.729247710161171E-002
 -0.520000000000000       2.771362586605081E-002
 -0.516000000000000       2.814459567473854E-002
 -0.512000000000000       2.858569419405494E-002
 -0.508000000000000       2.903724122978524E-002
 -0.504000000000000       2.949956930628813E-002
 -0.500000000000000       2.997302427814967E-002
 -0.496000000000000       3.045796597642147E-002
 -0.492000000000000       3.095476889169545E-002
 -0.488000000000000       3.146382289643367E-002
 -0.484000000000000       3.198553400915212E-002
 -0.480000000000000       3.252032520325203E-002
 -0.476000000000000       3.306863726350413E-002
 -0.472000000000000       3.363092969342044E-002
 -0.468000000000000       3.420768167699738E-002
 -0.464000000000000       3.479939309858435E-002
 -0.460000000000000       3.540658562492623E-002
 -0.456000000000000       3.602980385374781E-002
 -0.452000000000000       3.666961653359670E-002
 -0.448000000000000       3.732661786004011E-002
 -0.444000000000000       3.800142885372490E-002
 -0.440000000000000       3.869469882626080E-002
 -0.436000000000000       3.940710694037965E-002
 -0.432000000000000       4.013936387136135E-002
 -0.428000000000000       4.089221357730535E-002
 -0.424000000000000       4.166643518647117E-002
 -0.420000000000000       4.246284501061569E-002
 -0.416000000000000       4.328229869402875E-002
 -0.412000000000000       4.412569350881630E-002
 -0.408000000000000       4.499397080791172E-002
 -0.404000000000000       4.588811864831956E-002
 -0.400000000000000       4.680917459822123E-002
 -0.396000000000000       4.775822874281237E-002
 -0.392000000000000       4.873642690510691E-002
 -0.388000000000000       4.974497409945013E-002
 -0.384000000000000       5.078513823714626E-002
 -0.380000000000000       5.185825410544510E-002
 -0.376000000000000       5.296572764316634E-002
 -0.372000000000000       5.410904053849316E-002
 -0.368000000000000       5.528975517696406E-002
 -0.364000000000000       5.650951997046434E-002
 -0.360000000000000       5.777007510109761E-002
 -0.356000000000000       5.907325871724387E-002
 -0.352000000000000       6.042101362292453E-002
 -0.348000000000000       6.181539450584772E-002
 -0.344000000000000       6.325857575425307E-002
 -0.340000000000000       6.475285991797970E-002
 -0.336000000000000       6.630068687511602E-002
 -0.332000000000000       6.790464377223876E-002
 -0.328000000000000       6.956747581370756E-002
 -0.324000000000000       7.129209798385946E-002
 -0.320000000000000       7.308160779537150E-002
 -0.316000000000000       7.493929916767418E-002
 -0.312000000000000       7.686867755127134E-002
 -0.308000000000000       7.887347642734695E-002
 -0.304000000000000       8.095767532733882E-002
 -0.300000000000000       8.312551953449704E-002
 -0.296000000000000       8.538154164911596E-002
 -0.292000000000000       8.773058522149042E-002
 -0.288000000000000       9.017783068210505E-002
 -0.284000000000000       9.272882382759851E-002
 -0.280000000000000       9.538950715421297E-002
 -0.276000000000000       9.816625436839826E-002
 -0.272000000000000       0.101065908447762     
 -0.268000000000000       0.104095823675554     
 -0.264000000000000       0.107263912129403     
 -0.260000000000000       0.110578695171397     
 -0.256000000000000       0.114049360563252     
 -0.252000000000000       0.117685825919126     
 -0.248000000000000       0.121498809311669     
 -0.244000000000000       0.125499907966734     
 -0.240000000000000       0.129701686121920     
 -0.236000000000000       0.134117773287316     
 -0.232000000000000       0.138762974338101     
 -0.228000000000000       0.143653393093145     
 -0.224000000000000       0.148806571298189     
 -0.220000000000000       0.154241645244216     
 -0.216000000000000       0.159979522621104     
 -0.212000000000000       0.166043082645177     
 -0.208000000000000       0.172457403021454     
 -0.204000000000000       0.179250017925002     
 -0.200000000000000       0.186451211932878     
 -0.196000000000000       0.194094355736135     
 -0.192000000000000       0.202216290544366     
 -0.188000000000000       0.210857769405943     
 -0.184000000000000       0.220063965259235     
 -0.180000000000000       0.229885057471264     
 -0.176000000000000       0.240376910996442     
 -0.172000000000000       0.251601865208494     
 -0.168000000000000       0.263629653063376     
 -0.164000000000000       0.276538475719922     
 -0.160000000000000       0.290416263310745     
 -0.156000000000000       0.305362159521192     
 -0.152000000000000       0.321488276394187     
 -0.148000000000000       0.338921776853902     
 -0.144000000000000       0.357807356519250     
 -0.140000000000000       0.378310214375788     
 -0.136000000000000       0.400619625020031     
 -0.132000000000000       0.424953255141934     
 -0.128000000000000       0.451562405924499     
 -0.124000000000000       0.480738414204217     
 -0.120000000000000       0.512820512820513     
 -0.116000000000000       0.548205540530663     
 -0.112000000000000       0.587360012530347     
 -0.108000000000000       0.630835225839011     
 -0.104000000000000       0.679286296531111     
 -0.100000000000000       0.733496332518337     
 -9.599999999999997E-002  0.794407372100413     
 -9.199999999999997E-002  0.863160317642997     
 -8.799999999999997E-002  0.941146944409587     
 -8.399999999999996E-002   1.03007828594973     
 -7.999999999999996E-002   1.13207547169811     
 -7.599999999999996E-002   1.24979170138310     
 -7.199999999999995E-002   1.38657792567942     
 -6.799999999999995E-002   1.54671066199216     
 -6.399999999999995E-002   1.73570932654478     
 -6.000000000000005E-002   1.96078431372549     
 -5.600000000000005E-002   2.23147872656947     
 -5.200000000000005E-002   2.56060088767497     
 -4.800000000000004E-002   2.96559905100830     
 -4.400000000000004E-002   3.47061545580749     
 -4.000000000000004E-002   4.10958904109588     
 -3.600000000000003E-002   4.93096646942799     
 -3.200000000000003E-002   6.00480384307444     
 -2.800000000000002E-002   7.43310208126856     
 -2.400000000000002E-002   9.36329588014978     
 -2.000000000000002E-002   12.0000000000000     
 -1.600000000000001E-002   15.5925155925155     
 -1.200000000000001E-002   20.3252032520325     
 -8.000000000000007E-003   25.9515570934255     
 -4.000000000000004E-003   31.1203319502074     
  0.000000000000000E+000   33.3333333333333     
  4.000000000000004E-003   31.1203319502075     
  8.000000000000007E-003   25.9515570934256     
  1.200000000000001E-002   20.3252032520325     
  1.600000000000001E-002   15.5925155925156     
  2.000000000000002E-002   12.0000000000000     
  2.400000000000002E-002   9.36329588014982     
  2.800000000000002E-002   7.43310208126859     
  3.200000000000003E-002   6.00480384307446     
  3.600000000000003E-002   4.93096646942801     
  4.000000000000004E-002   4.10958904109589     
  4.400000000000004E-002   3.47061545580749     
  4.800000000000004E-002   2.96559905100830     
  5.200000000000005E-002   2.56060088767497     
  5.600000000000005E-002   2.23147872656947     
  6.000000000000005E-002   1.96078431372549     
  6.400000000000006E-002   1.73570932654478     
  6.800000000000006E-002   1.54671066199216     
  7.200000000000006E-002   1.38657792567942     
  7.600000000000007E-002   1.24979170138310     
  8.000000000000007E-002   1.13207547169811     
  8.400000000000007E-002   1.03007828594973     
  8.800000000000008E-002  0.941146944409586     
  9.200000000000008E-002  0.863160317642996     
  9.600000000000009E-002  0.794407372100412     
  0.100000000000000       0.733496332518336     
  0.104000000000000       0.679286296531111     
  0.108000000000000       0.630835225839010     
  0.112000000000000       0.587360012530346     
  0.116000000000000       0.548205540530662     
  0.120000000000000       0.512820512820512     
  0.124000000000000       0.480738414204217     
  0.128000000000000       0.451562405924500     
  0.132000000000000       0.424953255141935     
  0.136000000000000       0.400619625020032     
  0.140000000000000       0.378310214375789     
  0.144000000000000       0.357807356519251     
  0.148000000000000       0.338921776853903     
  0.152000000000000       0.321488276394188     
  0.156000000000000       0.305362159521193     
  0.160000000000000       0.290416263310746     
  0.164000000000000       0.276538475719922     
  0.168000000000000       0.263629653063377     
  0.172000000000000       0.251601865208494     
  0.176000000000000       0.240376910996443     
  0.180000000000000       0.229885057471265     
  0.184000000000000       0.220063965259236     
  0.188000000000000       0.210857769405944     
  0.192000000000000       0.202216290544366     
  0.196000000000000       0.194094355736135     
  0.200000000000000       0.186451211932878     
  0.204000000000000       0.179250017925002     
  0.208000000000000       0.172457403021454     
  0.212000000000000       0.166043082645177     
  0.216000000000000       0.159979522621105     
  0.220000000000000       0.154241645244216     
  0.224000000000000       0.148806571298189     
  0.228000000000000       0.143653393093145     
  0.232000000000000       0.138762974338101     
  0.236000000000000       0.134117773287316     
  0.240000000000000       0.129701686121920     
  0.244000000000000       0.125499907966734     
  0.248000000000000       0.121498809311669     
  0.252000000000000       0.117685825919126     
  0.256000000000000       0.114049360563252     
  0.260000000000000       0.110578695171397     
  0.264000000000000       0.107263912129403     
  0.268000000000000       0.104095823675554     
  0.272000000000000       0.101065908447762     
  0.276000000000000       9.816625436839833E-002
  0.280000000000000       9.538950715421306E-002
  0.284000000000000       9.272882382759859E-002
  0.288000000000000       9.017783068210512E-002
  0.292000000000000       8.773058522149049E-002
  0.296000000000000       8.538154164911602E-002
  0.300000000000000       8.312551953449709E-002
  0.304000000000000       8.095767532733887E-002
  0.308000000000000       7.887347642734702E-002
  0.312000000000000       7.686867755127140E-002
  0.316000000000000       7.493929916767418E-002
  0.320000000000000       7.308160779537150E-002
  0.324000000000000       7.129209798385946E-002
  0.328000000000000       6.956747581370756E-002
  0.332000000000000       6.790464377223876E-002
  0.336000000000000       6.630068687511602E-002
  0.340000000000000       6.475285991797970E-002
  0.344000000000000       6.325857575425307E-002
  0.348000000000000       6.181539450584772E-002
  0.352000000000000       6.042101362292453E-002
  0.356000000000000       5.907325871724387E-002
  0.360000000000000       5.777007510109761E-002
  0.364000000000000       5.650951997046434E-002
  0.368000000000000       5.528975517696406E-002
  0.372000000000000       5.410904053849316E-002
  0.376000000000000       5.296572764316641E-002
  0.380000000000000       5.185825410544516E-002
  0.384000000000000       5.078513823714632E-002
  0.388000000000000       4.974497409945019E-002
  0.392000000000000       4.873642690510696E-002
  0.396000000000000       4.775822874281242E-002
  0.400000000000000       4.680917459822128E-002
  0.404000000000000       4.588811864831960E-002
  0.408000000000000       4.499397080791177E-002
  0.412000000000000       4.412569350881634E-002
  0.416000000000000       4.328229869402880E-002
  0.420000000000000       4.246284501061574E-002
  0.424000000000000       4.166643518647121E-002
  0.428000000000000       4.089221357730539E-002
  0.432000000000000       4.013936387136139E-002
  0.436000000000000       3.940710694037970E-002
  0.440000000000000       3.869469882626082E-002
  0.444000000000000       3.800142885372491E-002
  0.448000000000000       3.732661786004013E-002
  0.452000000000000       3.666961653359672E-002
  0.456000000000000       3.602980385374784E-002
  0.460000000000000       3.540658562492625E-002
  0.464000000000000       3.479939309858437E-002
  0.468000000000000       3.420768167699740E-002
  0.472000000000000       3.363092969342046E-002
  0.476000000000000       3.306863726350414E-002
  0.480000000000000       3.252032520325204E-002
  0.484000000000000       3.198553400915213E-002
  0.488000000000000       3.146382289643369E-002
  0.492000000000000       3.095476889169546E-002
  0.496000000000000       3.045796597642147E-002
  0.500000000000000       2.997302427814967E-002
  0.504000000000000       2.949956930628812E-002
  0.508000000000000       2.903724122978523E-002
  0.512000000000000       2.858569419405493E-002
  0.516000000000000       2.814459567473853E-002
  0.520000000000000       2.771362586605080E-002
  0.524000000000000       2.729247710161170E-002
  0.528000000000000       2.688085330580733E-002
  0.532000000000000       2.647846947385515E-002
  0.536000000000000       2.608505117887041E-002
  0.540000000000000       2.570033410434335E-002
  0.544000000000000       2.532406360054159E-002
  0.548000000000000       2.495599426344878E-002
  0.552000000000000       2.459588953494092E-002
  0.556000000000000       2.424352132298511E-002
  0.560000000000000       2.389866964072333E-002
  0.564000000000000       2.356112226337564E-002
  0.568000000000000       2.323067440196500E-002
  0.572000000000000       2.290712839292749E-002
  0.576000000000000       2.259029340273071E-002
  0.580000000000000       2.227998514667656E-002
  0.584000000000000       2.197602562111573E-002
  0.588000000000000       2.167824284834768E-002
  0.592000000000000       2.138647063352428E-002
  0.596000000000000       2.110054833291600E-002
  0.600000000000000       2.082032063293774E-002
  0.604000000000000       2.054563733936735E-002
  0.608000000000000       2.027635317622313E-002
  0.612000000000000       2.001232759379777E-002
  0.616000000000000       1.975342458537561E-002
  0.620000000000000       1.949951251218719E-002
  0.624000000000000       1.925046393618085E-002
  0.628000000000000       1.900615546021505E-002
  0.632000000000000       1.876646757529733E-002
  0.636000000000000       1.853128451451741E-002
  0.640000000000000       1.830049411334107E-002
  0.644000000000000       1.807398767595027E-002
  0.648000000000000       1.785165984733261E-002
  0.652000000000000       1.763340849083886E-002
  0.656000000000000       1.741913457094349E-002
  0.660000000000000       1.720874204095681E-002
  0.664000000000000       1.700213773545127E-002
  0.668000000000000       1.679923126717722E-002
  0.672000000000000       1.659993492825508E-002
  0.676000000000000       1.640416359544271E-002
  0.680000000000000       1.621183463928668E-002
  0.684000000000000       1.602286783697694E-002
  0.688000000000000       1.583718528873301E-002
  0.692000000000000       1.565471133755941E-002
  0.696000000000000       1.547537249221589E-002
  0.700000000000000       1.529909735325616E-002
  0.704000000000000       1.512581654199632E-002
  0.708000000000000       1.495546263228107E-002
  0.712000000000000       1.478797008492238E-002
  0.716000000000000       1.462327518469196E-002
  0.720000000000000       1.446131597975416E-002
  0.724000000000000       1.430203222343207E-002
  0.728000000000000       1.414536531820471E-002
  0.732000000000000       1.399125826183800E-002
  0.736000000000000       1.383965559555729E-002
  0.740000000000000       1.369050335417332E-002
  0.744000000000000       1.354374901807819E-002
  0.748000000000000       1.339934146703137E-002
  0.752000000000000       1.325723093566000E-002
  0.756000000000000       1.311736897060135E-002
  0.760000000000000       1.297970838921819E-002
  0.764000000000000       1.284420323982182E-002
  0.768000000000000       1.271080876333999E-002
  0.772000000000000       1.257948135636999E-002
  0.776000000000000       1.245017853556020E-002
  0.780000000000000       1.232285890326556E-002
  0.784000000000000       1.219748211442539E-002
  0.788000000000000       1.207400884461394E-002
  0.792000000000000       1.195240075921649E-002
  0.796000000000000       1.183262048368597E-002
  0.800000000000000       1.171463157483697E-002
  0.804000000000000       1.159839849313606E-002
  0.808000000000000       1.148388657594906E-002
  0.812000000000000       1.137106201170764E-002
  0.816000000000000       1.125989181495944E-002
  0.820000000000000       1.115034380226723E-002
  0.824000000000000       1.104238656892436E-002
  0.828000000000000       1.093598946645494E-002
  0.832000000000000       1.083112258086877E-002
  0.836000000000000       1.072775671164219E-002
  0.840000000000000       1.062586335139730E-002
  0.844000000000000       1.052541466625313E-002
  0.848000000000000       1.042638347682353E-002
  0.852000000000000       1.032874323983755E-002
  0.856000000000000       1.023246803035905E-002
  0.860000000000000       1.013753252458351E-002
  0.864000000000000       1.004391198319050E-002
  0.868000000000000       9.951582235231515E-003
  0.872000000000000       9.860519662533571E-003
  0.876000000000000       9.770701184599813E-003
  0.880000000000000       9.682104243989027E-003
  0.884000000000000       9.594706792156902E-003
  0.888000000000000       9.508487275742328E-003
  0.892000000000000       9.423424623282895E-003
  0.896000000000000       9.339498232344302E-003
  0.900000000000000       9.256687957048967E-003
  0.904000000000000       9.174974095989802E-003
  0.908000000000000       9.094337380515564E-003
  0.912000000000000       9.014758963374836E-003
  0.916000000000000       8.936220407706119E-003
  0.920000000000000       8.858703676362024E-003
  0.924000000000000       8.782191121556064E-003
  0.928000000000000       8.706665474820904E-003
  0.932000000000000       8.632109837267464E-003
  0.936000000000000       8.558507670134573E-003
  0.940000000000000       8.485842785619323E-003
  0.944000000000000       8.414099337978664E-003
  0.948000000000000       8.343261814893055E-003
  0.952000000000000       8.273315029083459E-003
  0.956000000000000       8.204244110173151E-003
  0.960000000000000       8.136034496786265E-003
  0.964000000000000       8.068671928875193E-003
  0.968000000000000       8.002142440269340E-003
  0.972000000000000       7.936432351437921E-003
  0.976000000000000       7.871528262459841E-003
  0.980000000000000       7.807417046193883E-003
  0.984000000000000       7.744085841642737E-003
  0.988000000000000       7.681522047504580E-003
  0.992000000000000       7.619713315906202E-003
  0.996000000000000       7.558647546311833E-003
