  -1.00000000000000       7.568174605112181E-002
 -0.996000000000000       7.627644947398778E-002
 -0.992000000000000       7.687813278391097E-002
 -0.988000000000000       7.748690471310350E-002
 -0.984000000000000       7.810287610062071E-002
 -0.980000000000000       7.872615994108237E-002
 -0.976000000000000       7.935687143470058E-002
 -0.972000000000000       7.999512803865366E-002
 -0.968000000000000       8.064104951984760E-002
 -0.964000000000000       8.129475800910713E-002
 -0.960000000000000       8.195637805684074E-002
 -0.956000000000000       8.262603669022488E-002
 -0.952000000000000       8.330386347195456E-002
 -0.948000000000000       8.398999056060882E-002
 -0.944000000000000       8.468455277268155E-002
 -0.940000000000000       8.538768764632973E-002
 -0.936000000000000       8.609953550689299E-002
 -0.932000000000000       8.682023953424024E-002
 -0.928000000000000       8.754994583200126E-002
 -0.924000000000000       8.828880349874289E-002
 -0.920000000000000       8.903696470115174E-002
 -0.916000000000000       8.979458474928773E-002
 -0.912000000000000       9.056182217397453E-002
 -0.908000000000000       9.133883880639584E-002
 -0.904000000000000       9.212579985996880E-002
 -0.900000000000000       9.292287401456792E-002
 -0.896000000000000       9.373023350317655E-002
 -0.892000000000000       9.454805420104455E-002
 -0.888000000000000       9.537651571743447E-002
 -0.884000000000000       9.621580149004137E-002
 -0.880000000000000       9.706609888217430E-002
 -0.876000000000000       9.792759928279091E-002
 -0.872000000000000       9.880049820948002E-002
 -0.868000000000000       9.968499541449023E-002
 -0.864000000000000       0.100581294993907     
 -0.860000000000000       0.101489605500082     
 -0.856000000000000       0.102410140057429     
 -0.852000000000000       0.103343116481694     
 -0.848000000000000       0.104288757402820     
 -0.844000000000000       0.105247290391534     
 -0.840000000000000       0.106218948089772     
 -0.836000000000000       0.107203968345089     
 -0.832000000000000       0.108202594349172     
 -0.828000000000000       0.109215074780619     
 -0.824000000000000       0.110241663952114     
 -0.820000000000000       0.111282621962164     
 -0.816000000000000       0.112338214851547     
 -0.812000000000000       0.113408714764644     
 -0.808000000000000       0.114494400115824     
 -0.804000000000000       0.115595555761059     
 -0.800000000000000       0.116712473174956     
 -0.796000000000000       0.117845450633400     
 -0.792000000000000       0.118994793402007     
 -0.788000000000000       0.120160813930592     
 -0.784000000000000       0.121343832053874     
 -0.780000000000000       0.122544175198640     
 -0.776000000000000       0.123762178597607     
 -0.772000000000000       0.124998185510210     
 -0.768000000000000       0.126252547450595     
 -0.764000000000000       0.127525624423049     
 -0.760000000000000       0.128817785165178     
 -0.756000000000000       0.130129407399074     
 -0.752000000000000       0.131460878090815     
 -0.748000000000000       0.132812593718564     
 -0.744000000000000       0.134184960549622     
 -0.740000000000000       0.135578394926744     
 -0.736000000000000       0.136993323564089     
 -0.732000000000000       0.138430183853146     
 -0.728000000000000       0.139889424179030     
 -0.724000000000000       0.141371504247530     
 -0.720000000000000       0.142876895423330     
 -0.716000000000000       0.144406081079822     
 -0.712000000000000       0.145959556960953     
 -0.708000000000000       0.147537831555582     
 -0.704000000000000       0.149141426484823     
 -0.700000000000000       0.150770876902874     
 -0.696000000000000       0.152426731911864     
 -0.692000000000000       0.154109554991261     
 -0.688000000000000       0.155819924442416     
 -0.684000000000000       0.157558433848837     
 -0.680000000000000       0.159325692552809     
 -0.676000000000000       0.161122326149010     
 -0.672000000000000       0.162948976995810     
 -0.668000000000000       0.164806304744933     
 -0.664000000000000       0.166694986890246     
 -0.660000000000000       0.168615719336416     
 -0.656000000000000       0.170569216988254     
 -0.652000000000000       0.172556214361575     
 -0.648000000000000       0.174577466216445     
 -0.644000000000000       0.176633748213720     
 -0.640000000000000       0.178725857595849     
 -0.636000000000000       0.180854613892901     
 -0.632000000000000       0.183020859654882     
 -0.628000000000000       0.185225461211398     
 -0.624000000000000       0.187469309459822     
 -0.620000000000000       0.189753320683112     
 -0.616000000000000       0.192078437398539     
 -0.612000000000000       0.194445629238601     
 -0.608000000000000       0.196855893865462     
 -0.604000000000000       0.199310257920333     
 -0.600000000000000       0.201809778009244     
 -0.596000000000000       0.204355541726765     
 -0.592000000000000       0.206948668719241     
 -0.588000000000000       0.209590311789252     
 -0.584000000000000       0.212281658043010     
 -0.580000000000000       0.215023930082541     
 -0.576000000000000       0.217818387244555     
 -0.572000000000000       0.220666326887978     
 -0.568000000000000       0.223569085732254     
 -0.564000000000000       0.226528041248564     
 -0.560000000000000       0.229544613106257     
 -0.556000000000000       0.232620264676838     
 -0.552000000000000       0.235756504598012     
 -0.548000000000000       0.238954888400359     
 -0.544000000000000       0.242217020199337     
 -0.540000000000000       0.245544554455446     
 -0.536000000000000       0.248939197805481     
 -0.532000000000000       0.252402710967956     
 -0.528000000000000       0.255936910725903     
 -0.524000000000000       0.259543671990382     
 -0.520000000000000       0.263224929948204     
 -0.516000000000000       0.266982682297498     
 -0.512000000000000       0.270818991574909     
 -0.508000000000000       0.274735987578388     
 -0.504000000000000       0.278735869889693     
 -0.500000000000000       0.282820910500867     
 -0.496000000000000       0.286993456549191     
 -0.492000000000000       0.291255933165219     
 -0.488000000000000       0.295610846438747     
 -0.484000000000000       0.300060786507718     
 -0.480000000000000       0.304608430775278     
 -0.476000000000000       0.309256547260386     
 -0.472000000000000       0.314007998087590     
 -0.468000000000000       0.318865743121757     
 -0.464000000000000       0.323832843753787     
 -0.460000000000000       0.328912466843501     
 -0.456000000000000       0.334107888826139     
 -0.452000000000000       0.339422499989051     
 -0.448000000000000       0.344859808925417     
 -0.444000000000000       0.350423447171970     
 -0.440000000000000       0.356117174037909     
 -0.436000000000000       0.361944881632348     
 -0.432000000000000       0.367910600097793     
 -0.428000000000000       0.374018503057300     
 -0.424000000000000       0.380272913283055     
 -0.420000000000000       0.386678308594237     
 -0.416000000000000       0.393239327992044     
 -0.412000000000000       0.399960778039831     
 -0.408000000000000       0.406847639496244     
 -0.404000000000000       0.413905074209174     
 -0.400000000000000       0.421138432278223     
 -0.396000000000000       0.428553259493146     
 -0.392000000000000       0.436155305055462     
 -0.388000000000000       0.443950529590019     
 -0.384000000000000       0.451945113452802     
 -0.380000000000000       0.460145465340656     
 -0.376000000000000       0.468558231207792     
 -0.372000000000000       0.477190303493033     
 -0.368000000000000       0.486048830660587     
 -0.364000000000000       0.495141227055794     
 -0.360000000000000       0.504475183075671     
 -0.356000000000000       0.514058675652191     
 -0.352000000000000       0.523899979044001     
 -0.348000000000000       0.534007675929690     
 -0.344000000000000       0.544390668792717     
 -0.340000000000000       0.555058191584602     
 -0.336000000000000       0.566019821648980     
 -0.332000000000000       0.577285491884483     
 -0.328000000000000       0.588865503119088     
 -0.324000000000000       0.600770536662506     
 -0.320000000000000       0.613011666996243     
 -0.316000000000000       0.625600374552998     
 -0.312000000000000       0.638548558528125     
 -0.308000000000000       0.651868549655561     
 -0.304000000000000       0.665573122869092     
 -0.300000000000000       0.679675509756632     
 -0.296000000000000       0.694189410700370     
 -0.292000000000000       0.709129006578887     
 -0.288000000000000       0.724508969888472     
 -0.284000000000000       0.740344475119649     
 -0.280000000000000       0.756651208201122     
 -0.276000000000000       0.773445374796658     
 -0.272000000000000       0.790743707210562     
 -0.268000000000000       0.808563469624096     
 -0.264000000000000       0.826922461348043     
 -0.260000000000000       0.845839017735334     
 -0.256000000000000       0.865332008351849     
 -0.252000000000000       0.885420831952838     
 -0.248000000000000       0.906125407756433     
 -0.244000000000000       0.927466162444202     
 -0.240000000000000       0.949464012251148     
 -0.236000000000000       0.972140339433775     
 -0.232000000000000       0.995516962324500     
 -0.228000000000000        1.01961609809365     
 -0.224000000000000        1.04446031724640     
 -0.220000000000000        1.07007248878150     
 -0.216000000000000        1.09647571483143     
 -0.212000000000000        1.12369325349070     
 -0.208000000000000        1.15174842842069     
 -0.204000000000000        1.18066452369708     
 -0.200000000000000        1.21046466224131     
 -0.196000000000000        1.24117166605275     
 -0.192000000000000        1.27280789633596     
 -0.188000000000000        1.30539507150196     
 -0.184000000000000        1.33895406091809     
 -0.180000000000000        1.37350465219318     
 -0.176000000000000        1.40906528972200     
 -0.172000000000000        1.44565278218210     
 -0.168000000000000        1.48328197668855     
 -0.164000000000000        1.52196539738026     
 -0.160000000000000        1.56171284634761     
 -0.156000000000000        1.60253096503381     
 -0.152000000000000        1.64442275456725     
 -0.148000000000000        1.68738705393107     
 -0.144000000000000        1.73141797546972     
 -0.140000000000000        1.77650429799427     
 -0.136000000000000        1.82262881870135     
 -0.132000000000000        1.86976766628869     
 -0.128000000000000        1.91788957905417     
 -0.124000000000000        1.96695515342250     
 -0.120000000000000        2.01691607026675     
 -0.116000000000000        2.06771430858302     
 -0.112000000000000        2.11928135852771     
 -0.108000000000000        2.17153744851355     
 -0.104000000000000        2.22439080393789     
 -0.100000000000000        2.27773695811903     
 -9.599999999999997E-002   2.33145813904515     
 -9.199999999999997E-002   2.38542275847210     
 -8.799999999999997E-002   2.43948503257893     
 -8.399999999999996E-002   2.49348476561243     
 -7.999999999999996E-002   2.54724732949877     
 -7.599999999999996E-002   2.60058387302440     
 -7.199999999999995E-002   2.65329179362525     
 -6.799999999999995E-002   2.70515550280987     
 -6.399999999999995E-002   2.75594751253512     
 -6.000000000000005E-002   2.80542986425339     
 -5.600000000000005E-002   2.85335591473068     
 -5.200000000000005E-002   2.89947248307082     
 -4.800000000000004E-002   2.94352235177941     
 -4.400000000000004E-002   2.98524710142136     
 -4.000000000000004E-002   3.02439024390244     
 -3.600000000000003E-002   3.06070060424154     
 -3.200000000000003E-002   3.09393588566410     
 -2.800000000000002E-002   3.12386633882865     
 -2.400000000000002E-002   3.15027844396569     
 -2.000000000000002E-002   3.17297850562948     
 -1.600000000000001E-002   3.19179605452823     
 -1.200000000000001E-002   3.20658695022550     
 -8.000000000000007E-003   3.21723608285940     
 -4.000000000000004E-003   3.22365958154819     
  0.000000000000000E+000   3.22580645161290     
  4.000000000000004E-003   3.22365958154819     
  8.000000000000007E-003   3.21723608285940     
  1.200000000000001E-002   3.20658695022550     
  1.600000000000001E-002   3.19179605452823     
  2.000000000000002E-002   3.17297850562948     
  2.400000000000002E-002   3.15027844396569     
  2.800000000000002E-002   3.12386633882865     
  3.200000000000003E-002   3.09393588566410     
  3.600000000000003E-002   3.06070060424154     
  4.000000000000004E-002   3.02439024390244     
  4.400000000000004E-002   2.98524710142136     
  4.800000000000004E-002   2.94352235177941     
  5.200000000000005E-002   2.89947248307082     
  5.600000000000005E-002   2.85335591473068     
  6.000000000000005E-002   2.80542986425339     
  6.400000000000006E-002   2.75594751253512     
  6.800000000000006E-002   2.70515550280987     
  7.200000000000006E-002   2.65329179362525     
  7.600000000000007E-002   2.60058387302439     
  8.000000000000007E-002   2.54724732949877     
  8.400000000000007E-002   2.49348476561243     
  8.800000000000008E-002   2.43948503257893     
  9.200000000000008E-002   2.38542275847210     
  9.600000000000009E-002   2.33145813904515     
  0.100000000000000        2.27773695811903     
  0.104000000000000        2.22439080393789     
  0.108000000000000        2.17153744851355     
  0.112000000000000        2.11928135852771     
  0.116000000000000        2.06771430858301     
  0.120000000000000        2.01691607026675     
  0.124000000000000        1.96695515342250     
  0.128000000000000        1.91788957905417     
  0.132000000000000        1.86976766628869     
  0.136000000000000        1.82262881870135     
  0.140000000000000        1.77650429799427     
  0.144000000000000        1.73141797546972     
  0.148000000000000        1.68738705393107     
  0.152000000000000        1.64442275456725     
  0.156000000000000        1.60253096503381     
  0.160000000000000        1.56171284634761     
  0.164000000000000        1.52196539738026     
  0.168000000000000        1.48328197668855     
  0.172000000000000        1.44565278218210     
  0.176000000000000        1.40906528972201     
  0.180000000000000        1.37350465219318     
  0.184000000000000        1.33895406091809     
  0.188000000000000        1.30539507150196     
  0.192000000000000        1.27280789633596     
  0.196000000000000        1.24117166605275     
  0.200000000000000        1.21046466224131     
  0.204000000000000        1.18066452369708     
  0.208000000000000        1.15174842842069     
  0.212000000000000        1.12369325349070     
  0.216000000000000        1.09647571483143     
  0.220000000000000        1.07007248878150     
  0.224000000000000        1.04446031724640     
  0.228000000000000        1.01961609809365     
  0.232000000000000       0.995516962324500     
  0.236000000000000       0.972140339433776     
  0.240000000000000       0.949464012251149     
  0.244000000000000       0.927466162444203     
  0.248000000000000       0.906125407756434     
  0.252000000000000       0.885420831952839     
  0.256000000000000       0.865332008351850     
  0.260000000000000       0.845839017735334     
  0.264000000000000       0.826922461348044     
  0.268000000000000       0.808563469624096     
  0.272000000000000       0.790743707210562     
  0.276000000000000       0.773445374796659     
  0.280000000000000       0.756651208201123     
  0.284000000000000       0.740344475119649     
  0.288000000000000       0.724508969888472     
  0.292000000000000       0.709129006578887     
  0.296000000000000       0.694189410700370     
  0.300000000000000       0.679675509756632     
  0.304000000000000       0.665573122869093     
  0.308000000000000       0.651868549655561     
  0.312000000000000       0.638548558528125     
  0.316000000000000       0.625600374552998     
  0.320000000000000       0.613011666996243     
  0.324000000000000       0.600770536662506     
  0.328000000000000       0.588865503119088     
  0.332000000000000       0.577285491884483     
  0.336000000000000       0.566019821648980     
  0.340000000000000       0.555058191584602     
  0.344000000000000       0.544390668792717     
  0.348000000000000       0.534007675929690     
  0.352000000000000       0.523899979044001     
  0.356000000000000       0.514058675652191     
  0.360000000000000       0.504475183075671     
  0.364000000000000       0.495141227055794     
  0.368000000000000       0.486048830660587     
  0.372000000000000       0.477190303493033     
  0.376000000000000       0.468558231207792     
  0.380000000000000       0.460145465340656     
  0.384000000000000       0.451945113452803     
  0.388000000000000       0.443950529590019     
  0.392000000000000       0.436155305055462     
  0.396000000000000       0.428553259493146     
  0.400000000000000       0.421138432278223     
  0.404000000000000       0.413905074209174     
  0.408000000000000       0.406847639496244     
  0.412000000000000       0.399960778039831     
  0.416000000000000       0.393239327992044     
  0.420000000000000       0.386678308594237     
  0.424000000000000       0.380272913283056     
  0.428000000000000       0.374018503057300     
  0.432000000000000       0.367910600097793     
  0.436000000000000       0.361944881632348     
  0.440000000000000       0.356117174037909     
  0.444000000000000       0.350423447171970     
  0.448000000000000       0.344859808925417     
  0.452000000000000       0.339422499989051     
  0.456000000000000       0.334107888826139     
  0.460000000000000       0.328912466843501     
  0.464000000000000       0.323832843753787     
  0.468000000000000       0.318865743121757     
  0.472000000000000       0.314007998087590     
  0.476000000000000       0.309256547260386     
  0.480000000000000       0.304608430775278     
  0.484000000000000       0.300060786507718     
  0.488000000000000       0.295610846438748     
  0.492000000000000       0.291255933165219     
  0.496000000000000       0.286993456549191     
  0.500000000000000       0.282820910500867     
  0.504000000000000       0.278735869889693     
  0.508000000000000       0.274735987578388     
  0.512000000000000       0.270818991574909     
  0.516000000000000       0.266982682297498     
  0.520000000000000       0.263224929948204     
  0.524000000000000       0.259543671990382     
  0.528000000000000       0.255936910725903     
  0.532000000000000       0.252402710967956     
  0.536000000000000       0.248939197805480     
  0.540000000000000       0.245544554455445     
  0.544000000000000       0.242217020199337     
  0.548000000000000       0.238954888400359     
  0.552000000000000       0.235756504598012     
  0.556000000000000       0.232620264676838     
  0.560000000000000       0.229544613106257     
  0.564000000000000       0.226528041248564     
  0.568000000000000       0.223569085732254     
  0.572000000000000       0.220666326887978     
  0.576000000000000       0.217818387244555     
  0.580000000000000       0.215023930082541     
  0.584000000000000       0.212281658043010     
  0.588000000000000       0.209590311789252     
  0.592000000000000       0.206948668719241     
  0.596000000000000       0.204355541726765     
  0.600000000000000       0.201809778009244     
  0.604000000000000       0.199310257920332     
  0.608000000000000       0.196855893865462     
  0.612000000000000       0.194445629238601     
  0.616000000000000       0.192078437398539     
  0.620000000000000       0.189753320683112     
  0.624000000000000       0.187469309459822     
  0.628000000000000       0.185225461211398     
  0.632000000000000       0.183020859654882     
  0.636000000000000       0.180854613892901     
  0.640000000000000       0.178725857595849     
  0.644000000000000       0.176633748213720     
  0.648000000000000       0.174577466216445     
  0.652000000000000       0.172556214361575     
  0.656000000000000       0.170569216988254     
  0.660000000000000       0.168615719336416     
  0.664000000000000       0.166694986890246     
  0.668000000000000       0.164806304744933     
  0.672000000000000       0.162948976995810     
  0.676000000000000       0.161122326149010     
  0.680000000000000       0.159325692552809     
  0.684000000000000       0.157558433848837     
  0.688000000000000       0.155819924442416     
  0.692000000000000       0.154109554991261     
  0.696000000000000       0.152426731911864     
  0.700000000000000       0.150770876902874     
  0.704000000000000       0.149141426484823     
  0.708000000000000       0.147537831555582     
  0.712000000000000       0.145959556960953     
  0.716000000000000       0.144406081079822     
  0.720000000000000       0.142876895423330     
  0.724000000000000       0.141371504247530     
  0.728000000000000       0.139889424179030     
  0.732000000000000       0.138430183853146     
  0.736000000000000       0.136993323564089     
  0.740000000000000       0.135578394926744     
  0.744000000000000       0.134184960549622     
  0.748000000000000       0.132812593718564     
  0.752000000000000       0.131460878090815     
  0.756000000000000       0.130129407399074     
  0.760000000000000       0.128817785165178     
  0.764000000000000       0.127525624423049     
  0.768000000000000       0.126252547450595     
  0.772000000000000       0.124998185510210     
  0.776000000000000       0.123762178597607     
  0.780000000000000       0.122544175198640     
  0.784000000000000       0.121343832053874     
  0.788000000000000       0.120160813930592     
  0.792000000000000       0.118994793402007     
  0.796000000000000       0.117845450633400     
  0.800000000000000       0.116712473174956     
  0.804000000000000       0.115595555761059     
  0.808000000000000       0.114494400115824     
  0.812000000000000       0.113408714764644     
  0.816000000000000       0.112338214851547     
  0.820000000000000       0.111282621962164     
  0.824000000000000       0.110241663952114     
  0.828000000000000       0.109215074780619     
  0.832000000000000       0.108202594349172     
  0.836000000000000       0.107203968345089     
  0.840000000000000       0.106218948089772     
  0.844000000000000       0.105247290391533     
  0.848000000000000       0.104288757402820     
  0.852000000000000       0.103343116481694     
  0.856000000000000       0.102410140057429     
  0.860000000000000       0.101489605500082     
  0.864000000000000       0.100581294993907     
  0.868000000000000       9.968499541449018E-002
  0.872000000000000       9.880049820947996E-002
  0.876000000000000       9.792759928279091E-002
  0.880000000000000       9.706609888217430E-002
  0.884000000000000       9.621580149004136E-002
  0.888000000000000       9.537651571743447E-002
  0.892000000000000       9.454805420104455E-002
  0.896000000000000       9.373023350317655E-002
  0.900000000000000       9.292287401456792E-002
  0.904000000000000       9.212579985996878E-002
  0.908000000000000       9.133883880639584E-002
  0.912000000000000       9.056182217397452E-002
  0.916000000000000       8.979458474928773E-002
  0.920000000000000       8.903696470115173E-002
  0.924000000000000       8.828880349874288E-002
  0.928000000000000       8.754994583200125E-002
  0.932000000000000       8.682023953424022E-002
  0.936000000000000       8.609953550689296E-002
  0.940000000000000       8.538768764632970E-002
  0.944000000000000       8.468455277268153E-002
  0.948000000000000       8.398999056060880E-002
  0.952000000000000       8.330386347195454E-002
  0.956000000000000       8.262603669022485E-002
  0.960000000000000       8.195637805684071E-002
  0.964000000000000       8.129475800910710E-002
  0.968000000000000       8.064104951984757E-002
  0.972000000000000       7.999512803865363E-002
  0.976000000000000       7.935687143470055E-002
  0.980000000000000       7.872615994108234E-002
  0.984000000000000       7.810287610062068E-002
  0.988000000000000       7.748690471310347E-002
  0.992000000000000       7.687813278391094E-002
  0.996000000000000       7.627644947398775E-002
