  -1.00000000000000       7.800312012480501E-002
 -0.996000000000000       7.861511611452651E-002
 -0.992000000000000       7.923427991886411E-002
 -0.988000000000000       7.986072289926370E-002
 -0.984000000000000       8.049455856784084E-002
 -0.980000000000000       8.113590263691685E-002
 -0.976000000000000       8.178487306987701E-002
 -0.972000000000000       8.244159013339052E-002
 -0.968000000000000       8.310617645103387E-002
 -0.964000000000000       8.377875705836030E-002
 -0.960000000000000       8.445945945945948E-002
 -0.956000000000000       8.514841368505308E-002
 -0.952000000000000       8.584575235217363E-002
 -0.948000000000000       8.655161072547563E-002
 -0.944000000000000       8.726612678022901E-002
 -0.940000000000000       8.798944126704798E-002
 -0.936000000000000       8.872169777840871E-002
 -0.932000000000000       8.946304281701233E-002
 -0.928000000000000       9.021362586605082E-002
 -0.924000000000000       9.097359946143629E-002
 -0.920000000000000       9.174311926605505E-002
 -0.916000000000000       9.252234414611130E-002
 -0.912000000000000       9.331143624962676E-002
 -0.908000000000000       9.411056108716521E-002
 -0.904000000000000       9.491988761485308E-002
 -0.900000000000000       9.573958831977024E-002
 -0.896000000000000       9.656983930778740E-002
 -0.892000000000000       9.741082039392937E-002
 -0.888000000000000       9.826271519534630E-002
 -0.884000000000000       9.912571122697807E-002
 -0.880000000000000       0.100000000000000     
 -0.876000000000000       0.100885777123141     
 -0.872000000000000       0.101783242406970     
 -0.868000000000000       0.102692599971246     
 -0.864000000000000       0.103614058355438     
 -0.860000000000000       0.104547830632514     
 -0.856000000000000       0.105494134526120     
 -0.852000000000000       0.106453192531244     
 -0.848000000000000       0.107425232038501     
 -0.844000000000000       0.108410485462154     
 -0.840000000000000       0.109409190371991     
 -0.836000000000000       0.110421589629204     
 -0.832000000000000       0.111447931526391     
 -0.828000000000000       0.112488469931832     
 -0.824000000000000       0.113543464438187     
 -0.820000000000000       0.114613180515759     
 -0.816000000000000       0.115697889670492     
 -0.812000000000000       0.116797869606858     
 -0.808000000000000       0.117913404395812     
 -0.804000000000000       0.119044784647985     
 -0.800000000000000       0.120192307692308     
 -0.796000000000000       0.121356277760249     
 -0.792000000000000       0.122537006175865     
 -0.788000000000000       0.123734811551882     
 -0.784000000000000       0.124950019992003     
 -0.780000000000000       0.126182965299685     
 -0.776000000000000       0.127433989193598     
 -0.772000000000000       0.128703441530026     
 -0.768000000000000       0.129991680532446     
 -0.764000000000000       0.131299073028544     
 -0.760000000000000       0.132625994694960     
 -0.756000000000000       0.133972830310013     
 -0.752000000000000       0.135339974014725     
 -0.748000000000000       0.136727829582433     
 -0.744000000000000       0.138136810697315     
 -0.740000000000000       0.139567341242149     
 -0.736000000000000       0.141019855595668     
 -0.732000000000000       0.142494798939839     
 -0.728000000000000       0.143992627577468     
 -0.724000000000000       0.145513809260499     
 -0.720000000000000       0.147058823529412     
 -0.716000000000000       0.148628162064148     
 -0.712000000000000       0.150222329046990     
 -0.708000000000000       0.151841841537854     
 -0.704000000000000       0.153487229862475     
 -0.700000000000000       0.155159038013964     
 -0.696000000000000       0.156857824068265     
 -0.692000000000000       0.158584160614038     
 -0.688000000000000       0.160338635197537     
 -0.684000000000000       0.162121850783049     
 -0.680000000000000       0.163934426229508     
 -0.676000000000000       0.165776996783926     
 -0.672000000000000       0.167650214592275     
 -0.668000000000000       0.169554749228526     
 -0.664000000000000       0.171491288242557     
 -0.660000000000000       0.173460537727667     
 -0.656000000000000       0.175463222908478     
 -0.652000000000000       0.177500088750044     
 -0.648000000000000       0.179571900588996     
 -0.644000000000000       0.181679444787617     
 -0.640000000000000       0.183823529411765     
 -0.636000000000000       0.186004984933596     
 -0.632000000000000       0.188224664960096     
 -0.628000000000000       0.190483446988457     
 -0.624000000000000       0.192782233189389     
 -0.620000000000000       0.195121951219512     
 -0.616000000000000       0.197503555063991     
 -0.612000000000000       0.199928025910672     
 -0.608000000000000       0.202396373056995     
 -0.604000000000000       0.204909634851031     
 -0.600000000000000       0.207468879668050     
 -0.596000000000000       0.210075206924079     
 -0.592000000000000       0.212729748127978     
 -0.588000000000000       0.215433667973631     
 -0.584000000000000       0.218188165473905     
 -0.580000000000000       0.220994475138122     
 -0.576000000000000       0.223853868194842     
 -0.572000000000000       0.226767653861853     
 -0.568000000000000       0.229737180665319     
 -0.564000000000000       0.232763837810158     
 -0.560000000000000       0.235849056603774     
 -0.556000000000000       0.238994311935376     
 -0.552000000000000       0.242201123813214     
 -0.548000000000000       0.245471058962148     
 -0.544000000000000       0.248805732484076     
 -0.540000000000000       0.252206809583859     
 -0.536000000000000       0.255676007363469     
 -0.532000000000000       0.259215096687231     
 -0.528000000000000       0.262825904121110     
 -0.524000000000000       0.266510313949150     
 -0.520000000000000       0.270270270270270     
 -0.516000000000000       0.274107779178773     
 -0.512000000000000       0.278024911032028     
 -0.508000000000000       0.282023802808957     
 -0.504000000000000       0.286106660563058     
 -0.500000000000000       0.290275761973875     
 -0.496000000000000       0.294533459000942     
 -0.492000000000000       0.298882180644390     
 -0.488000000000000       0.303324435816549     
 -0.484000000000000       0.307862816329044     
 -0.480000000000000       0.312500000000000     
 -0.476000000000000       0.317238753886175     
 -0.472000000000000       0.322081937644937     
 -0.468000000000000       0.327032507031199     
 -0.464000000000000       0.332093517534538     
 -0.460000000000000       0.337268128161889     
 -0.456000000000000       0.342559605371335     
 -0.452000000000000       0.347971327162642     
 -0.448000000000000       0.353506787330317     
 -0.444000000000000       0.359169599885066     
 -0.440000000000000       0.364963503649635     
 -0.436000000000000       0.370892367035086     
 -0.432000000000000       0.376960193003619     
 -0.428000000000000       0.383171124224078     
 -0.424000000000000       0.389529448426301     
 -0.420000000000000       0.396039603960396     
 -0.416000000000000       0.402706185567010     
 -0.412000000000000       0.409533950364485     
 -0.408000000000000       0.416527824058647     
 -0.404000000000000       0.423692907380730     
 -0.400000000000000       0.431034482758621     
 -0.396000000000000       0.438558021226208     
 -0.392000000000000       0.446269189575152     
 -0.388000000000000       0.454173857752748     
 -0.384000000000000       0.462278106508876     
 -0.380000000000000       0.470588235294118     
 -0.376000000000000       0.479110770410119     
 -0.372000000000000       0.487852473412040     
 -0.368000000000000       0.496820349761526     
 -0.364000000000000       0.506021657726951     
 -0.360000000000000       0.515463917525773     
 -0.356000000000000       0.525154920701607     
 -0.352000000000000       0.535102739726027     
 -0.348000000000000       0.545315737812193     
 -0.344000000000000       0.555802578923966     
 -0.340000000000000       0.566572237960340     
 -0.336000000000000       0.577634011090573     
 -0.332000000000000       0.588997526210390     
 -0.328000000000000       0.600672753483902     
 -0.324000000000000       0.612670015929420     
 -0.320000000000000       0.625000000000000     
 -0.316000000000000       0.637673766101263     
 -0.312000000000000       0.650702758979698     
 -0.308000000000000       0.664098817904104     
 -0.304000000000000       0.677874186550976     
 -0.300000000000000       0.692041522491349     
 -0.296000000000000       0.706613906161673     
 -0.292000000000000       0.721604849184586     
 -0.288000000000000       0.737028301886792     
 -0.284000000000000       0.752898659840385     
 -0.280000000000000       0.769230769230769     
 -0.276000000000000       0.786039930828486     
 -0.272000000000000       0.803341902313624     
 -0.268000000000000       0.821152898669732     
 -0.264000000000000       0.839489590329080     
 -0.260000000000000       0.858369098712446     
 -0.256000000000000       0.877808988764045     
 -0.252000000000000       0.897827258035554     
 -0.248000000000000       0.918442321822189     
 -0.244000000000000       0.939672993798158     
 -0.240000000000000       0.961538461538461     
 -0.236000000000000       0.984058256248770     
 -0.232000000000000        1.00725221595488     
 -0.228000000000000        1.03114044132811     
 -0.224000000000000        1.05574324324324     
 -0.220000000000000        1.08108108108108     
 -0.216000000000000        1.10717449069973     
 -0.212000000000000        1.13404400090724     
 -0.208000000000000        1.16171003717472     
 -0.204000000000000        1.19019281123542     
 -0.200000000000000        1.21951219512195     
 -0.196000000000000        1.24968757810547     
 -0.192000000000000        1.28073770491803     
 -0.188000000000000        1.31268049356787     
 -0.184000000000000        1.34553283100108     
 -0.180000000000000        1.37931034482759     
 -0.176000000000000        1.41402714932127     
 -0.172000000000000        1.44969556393157     
 -0.168000000000000        1.48632580261593     
 -0.164000000000000        1.52392563242914     
 -0.160000000000000        1.56250000000000     
 -0.156000000000000        1.60205062479974     
 -0.152000000000000        1.64257555847569     
 -0.148000000000000        1.68406871000337     
 -0.144000000000000        1.72651933701657     
 -0.140000000000000        1.76991150442478     
 -0.136000000000000        1.81422351233672     
 -0.132000000000000        1.85942729639271     
 -0.128000000000000        1.90548780487805     
 -0.124000000000000        1.95236235845373     
 -0.120000000000000        2.00000000000000     
 -0.116000000000000        2.04834084391643     
 -0.112000000000000        2.09731543624161     
 -0.108000000000000        2.14684413911550     
 -0.104000000000000        2.19683655536028     
 -0.100000000000000        2.24719101123595     
 -9.599999999999997E-002   2.29779411764706     
 -9.199999999999997E-002   2.34852043212776     
 -8.799999999999997E-002   2.39923224568138     
 -8.399999999999996E-002   2.44977951984321     
 -7.999999999999996E-002   2.50000000000000     
 -7.599999999999996E-002   2.54971953085161     
 -7.199999999999995E-002   2.59875259875260     
 -6.799999999999995E-002   2.64690312334569     
 -6.399999999999995E-002   2.69396551724138     
 -6.000000000000005E-002   2.73972602739726     
 -5.600000000000005E-002   2.78396436525612     
 -5.200000000000005E-002   2.82645562464669     
 -4.800000000000004E-002   2.86697247706422     
 -4.400000000000004E-002   2.90528762347472     
 -4.000000000000004E-002   2.94117647058823     
 -3.600000000000003E-002   2.97441998810232     
 -3.200000000000003E-002   3.00480769230769     
 -2.800000000000002E-002   3.03214069132808     
 -2.400000000000002E-002   3.05623471882641     
 -2.000000000000002E-002   3.07692307692308     
 -1.600000000000001E-002   3.09405940594059     
 -1.200000000000001E-002   3.10752019888129     
 -8.000000000000007E-003   3.11720698254364     
 -4.000000000000004E-003   3.12304809494066     
  0.000000000000000E+000   3.12500000000000     
  4.000000000000004E-003   3.12304809494066     
  8.000000000000007E-003   3.11720698254364     
  1.200000000000001E-002   3.10752019888129     
  1.600000000000001E-002   3.09405940594059     
  2.000000000000002E-002   3.07692307692308     
  2.400000000000002E-002   3.05623471882641     
  2.800000000000002E-002   3.03214069132808     
  3.200000000000003E-002   3.00480769230769     
  3.600000000000003E-002   2.97441998810232     
  4.000000000000004E-002   2.94117647058824     
  4.400000000000004E-002   2.90528762347472     
  4.800000000000004E-002   2.86697247706422     
  5.200000000000005E-002   2.82645562464669     
  5.600000000000005E-002   2.78396436525612     
  6.000000000000005E-002   2.73972602739726     
  6.400000000000006E-002   2.69396551724138     
  6.800000000000006E-002   2.64690312334569     
  7.200000000000006E-002   2.59875259875260     
  7.600000000000007E-002   2.54971953085161     
  8.000000000000007E-002   2.50000000000000     
  8.400000000000007E-002   2.44977951984321     
  8.800000000000008E-002   2.39923224568138     
  9.200000000000008E-002   2.34852043212776     
  9.600000000000009E-002   2.29779411764706     
  0.100000000000000        2.24719101123595     
  0.104000000000000        2.19683655536028     
  0.108000000000000        2.14684413911550     
  0.112000000000000        2.09731543624161     
  0.116000000000000        2.04834084391643     
  0.120000000000000        2.00000000000000     
  0.124000000000000        1.95236235845373     
  0.128000000000000        1.90548780487805     
  0.132000000000000        1.85942729639271     
  0.136000000000000        1.81422351233672     
  0.140000000000000        1.76991150442478     
  0.144000000000000        1.72651933701658     
  0.148000000000000        1.68406871000337     
  0.152000000000000        1.64257555847569     
  0.156000000000000        1.60205062479974     
  0.160000000000000        1.56250000000000     
  0.164000000000000        1.52392563242914     
  0.168000000000000        1.48632580261593     
  0.172000000000000        1.44969556393158     
  0.176000000000000        1.41402714932127     
  0.180000000000000        1.37931034482759     
  0.184000000000000        1.34553283100108     
  0.188000000000000        1.31268049356787     
  0.192000000000000        1.28073770491803     
  0.196000000000000        1.24968757810547     
  0.200000000000000        1.21951219512195     
  0.204000000000000        1.19019281123542     
  0.208000000000000        1.16171003717472     
  0.212000000000000        1.13404400090724     
  0.216000000000000        1.10717449069973     
  0.220000000000000        1.08108108108108     
  0.224000000000000        1.05574324324324     
  0.228000000000000        1.03114044132811     
  0.232000000000000        1.00725221595488     
  0.236000000000000       0.984058256248770     
  0.240000000000000       0.961538461538462     
  0.244000000000000       0.939672993798158     
  0.248000000000000       0.918442321822190     
  0.252000000000000       0.897827258035554     
  0.256000000000000       0.877808988764045     
  0.260000000000000       0.858369098712447     
  0.264000000000000       0.839489590329080     
  0.268000000000000       0.821152898669733     
  0.272000000000000       0.803341902313625     
  0.276000000000000       0.786039930828486     
  0.280000000000000       0.769230769230769     
  0.284000000000000       0.752898659840386     
  0.288000000000000       0.737028301886793     
  0.292000000000000       0.721604849184587     
  0.296000000000000       0.706613906161673     
  0.300000000000000       0.692041522491350     
  0.304000000000000       0.677874186550976     
  0.308000000000000       0.664098817904104     
  0.312000000000000       0.650702758979698     
  0.316000000000000       0.637673766101263     
  0.320000000000000       0.625000000000000     
  0.324000000000000       0.612670015929420     
  0.328000000000000       0.600672753483902     
  0.332000000000000       0.588997526210390     
  0.336000000000000       0.577634011090573     
  0.340000000000000       0.566572237960340     
  0.344000000000000       0.555802578923966     
  0.348000000000000       0.545315737812193     
  0.352000000000000       0.535102739726027     
  0.356000000000000       0.525154920701607     
  0.360000000000000       0.515463917525773     
  0.364000000000000       0.506021657726951     
  0.368000000000000       0.496820349761526     
  0.372000000000000       0.487852473412040     
  0.376000000000000       0.479110770410119     
  0.380000000000000       0.470588235294118     
  0.384000000000000       0.462278106508876     
  0.388000000000000       0.454173857752748     
  0.392000000000000       0.446269189575152     
  0.396000000000000       0.438558021226209     
  0.400000000000000       0.431034482758621     
  0.404000000000000       0.423692907380731     
  0.408000000000000       0.416527824058647     
  0.412000000000000       0.409533950364485     
  0.416000000000000       0.402706185567011     
  0.420000000000000       0.396039603960396     
  0.424000000000000       0.389529448426301     
  0.428000000000000       0.383171124224079     
  0.432000000000000       0.376960193003619     
  0.436000000000000       0.370892367035087     
  0.440000000000000       0.364963503649635     
  0.444000000000000       0.359169599885066     
  0.448000000000000       0.353506787330317     
  0.452000000000000       0.347971327162642     
  0.456000000000000       0.342559605371335     
  0.460000000000000       0.337268128161889     
  0.464000000000000       0.332093517534538     
  0.468000000000000       0.327032507031199     
  0.472000000000000       0.322081937644937     
  0.476000000000000       0.317238753886175     
  0.480000000000000       0.312500000000000     
  0.484000000000000       0.307862816329044     
  0.488000000000000       0.303324435816549     
  0.492000000000000       0.298882180644390     
  0.496000000000000       0.294533459000943     
  0.500000000000000       0.290275761973875     
  0.504000000000000       0.286106660563058     
  0.508000000000000       0.282023802808957     
  0.512000000000000       0.278024911032028     
  0.516000000000000       0.274107779178773     
  0.520000000000000       0.270270270270270     
  0.524000000000000       0.266510313949150     
  0.528000000000000       0.262825904121110     
  0.532000000000000       0.259215096687231     
  0.536000000000000       0.255676007363469     
  0.540000000000000       0.252206809583859     
  0.544000000000000       0.248805732484076     
  0.548000000000000       0.245471058962148     
  0.552000000000000       0.242201123813214     
  0.556000000000000       0.238994311935376     
  0.560000000000000       0.235849056603774     
  0.564000000000000       0.232763837810158     
  0.568000000000000       0.229737180665319     
  0.572000000000000       0.226767653861853     
  0.576000000000000       0.223853868194842     
  0.580000000000000       0.220994475138121     
  0.584000000000000       0.218188165473905     
  0.588000000000000       0.215433667973631     
  0.592000000000000       0.212729748127978     
  0.596000000000000       0.210075206924079     
  0.600000000000000       0.207468879668050     
  0.604000000000000       0.204909634851031     
  0.608000000000000       0.202396373056995     
  0.612000000000000       0.199928025910672     
  0.616000000000000       0.197503555063991     
  0.620000000000000       0.195121951219512     
  0.624000000000000       0.192782233189389     
  0.628000000000000       0.190483446988457     
  0.632000000000000       0.188224664960096     
  0.636000000000000       0.186004984933596     
  0.640000000000000       0.183823529411765     
  0.644000000000000       0.181679444787617     
  0.648000000000000       0.179571900588996     
  0.652000000000000       0.177500088750044     
  0.656000000000000       0.175463222908478     
  0.660000000000000       0.173460537727667     
  0.664000000000000       0.171491288242557     
  0.668000000000000       0.169554749228526     
  0.672000000000000       0.167650214592275     
  0.676000000000000       0.165776996783926     
  0.680000000000000       0.163934426229508     
  0.684000000000000       0.162121850783049     
  0.688000000000000       0.160338635197537     
  0.692000000000000       0.158584160614038     
  0.696000000000000       0.156857824068265     
  0.700000000000000       0.155159038013964     
  0.704000000000000       0.153487229862475     
  0.708000000000000       0.151841841537854     
  0.712000000000000       0.150222329046990     
  0.716000000000000       0.148628162064148     
  0.720000000000000       0.147058823529412     
  0.724000000000000       0.145513809260499     
  0.728000000000000       0.143992627577468     
  0.732000000000000       0.142494798939839     
  0.736000000000000       0.141019855595668     
  0.740000000000000       0.139567341242149     
  0.744000000000000       0.138136810697315     
  0.748000000000000       0.136727829582433     
  0.752000000000000       0.135339974014725     
  0.756000000000000       0.133972830310013     
  0.760000000000000       0.132625994694960     
  0.764000000000000       0.131299073028544     
  0.768000000000000       0.129991680532446     
  0.772000000000000       0.128703441530026     
  0.776000000000000       0.127433989193598     
  0.780000000000000       0.126182965299685     
  0.784000000000000       0.124950019992003     
  0.788000000000000       0.123734811551882     
  0.792000000000000       0.122537006175865     
  0.796000000000000       0.121356277760249     
  0.800000000000000       0.120192307692308     
  0.804000000000000       0.119044784647985     
  0.808000000000000       0.117913404395812     
  0.812000000000000       0.116797869606858     
  0.816000000000000       0.115697889670492     
  0.820000000000000       0.114613180515759     
  0.824000000000000       0.113543464438187     
  0.828000000000000       0.112488469931832     
  0.832000000000000       0.111447931526391     
  0.836000000000000       0.110421589629204     
  0.840000000000000       0.109409190371991     
  0.844000000000000       0.108410485462154     
  0.848000000000000       0.107425232038501     
  0.852000000000000       0.106453192531244     
  0.856000000000000       0.105494134526120     
  0.860000000000000       0.104547830632514     
  0.864000000000000       0.103614058355438     
  0.868000000000000       0.102692599971246     
  0.872000000000000       0.101783242406970     
  0.876000000000000       0.100885777123141     
  0.880000000000000       0.100000000000000     
  0.884000000000000       9.912571122697807E-002
  0.888000000000000       9.826271519534628E-002
  0.892000000000000       9.741082039392937E-002
  0.896000000000000       9.656983930778740E-002
  0.900000000000000       9.573958831977022E-002
  0.904000000000000       9.491988761485307E-002
  0.908000000000000       9.411056108716520E-002
  0.912000000000000       9.331143624962676E-002
  0.916000000000000       9.252234414611128E-002
  0.920000000000000       9.174311926605505E-002
  0.924000000000000       9.097359946143629E-002
  0.928000000000000       9.021362586605081E-002
  0.932000000000000       8.946304281701230E-002
  0.936000000000000       8.872169777840869E-002
  0.940000000000000       8.798944126704795E-002
  0.944000000000000       8.726612678022898E-002
  0.948000000000000       8.655161072547560E-002
  0.952000000000000       8.584575235217361E-002
  0.956000000000000       8.514841368505305E-002
  0.960000000000000       8.445945945945946E-002
  0.964000000000000       8.377875705836027E-002
  0.968000000000000       8.310617645103384E-002
  0.972000000000000       8.244159013339049E-002
  0.976000000000000       8.178487306987699E-002
  0.980000000000000       8.113590263691682E-002
  0.984000000000000       8.049455856784081E-002
  0.988000000000000       7.986072289926367E-002
  0.992000000000000       7.923427991886409E-002
  0.996000000000000       7.861511611452648E-002
