  -1.00000000000000       8.031346589111443E-002
 -0.996000000000000       8.094258374614052E-002
 -0.992000000000000       8.157905405873100E-002
 -0.988000000000000       8.222299074418286E-002
 -0.984000000000000       8.287450991028460E-002
 -0.980000000000000       8.353372990760666E-002
 -0.976000000000000       8.420077138112741E-002
 -0.972000000000000       8.487575732323469E-002
 -0.968000000000000       8.555881312814431E-002
 -0.964000000000000       8.625006664777880E-002
 -0.960000000000000       8.694964824915029E-002
 -0.956000000000000       8.765769087329375E-002
 -0.952000000000000       8.837433009579780E-002
 -0.948000000000000       8.909970418898212E-002
 -0.944000000000000       8.983395418577229E-002
 -0.940000000000000       9.057722394532432E-002
 -0.936000000000000       9.132966022045322E-002
 -0.932000000000000       9.209141272692165E-002
 -0.928000000000000       9.286263421464665E-002
 -0.924000000000000       9.364348054088475E-002
 -0.920000000000000       9.443411074545716E-002
 -0.916000000000000       9.523468712807970E-002
 -0.912000000000000       9.604537532786400E-002
 -0.908000000000000       9.686634440505866E-002
 -0.904000000000000       9.769776692510194E-002
 -0.900000000000000       9.853981904505958E-002
 -0.896000000000000       9.939268060252447E-002
 -0.892000000000000       0.100256535207057     
 -0.888000000000000       0.101131570334249     
 -0.884000000000000       0.102017977422494     
 -0.880000000000000       0.102915951972556     
 -0.876000000000000       0.103825693650021     
 -0.872000000000000       0.104747406390735     
 -0.868000000000000       0.105681298509317     
 -0.864000000000000       0.106627582810858     
 -0.860000000000000       0.107586476705898     
 -0.856000000000000       0.108558202328804     
 -0.852000000000000       0.109542986659656     
 -0.848000000000000       0.110541061649755     
 -0.844000000000000       0.111552664350878     
 -0.840000000000000       0.112578037048409     
 -0.836000000000000       0.113617427398464     
 -0.832000000000000       0.114671088569169     
 -0.828000000000000       0.115739279386203     
 -0.824000000000000       0.116822264482775     
 -0.820000000000000       0.117920314454172     
 -0.816000000000000       0.119033706017046     
 -0.812000000000000       0.120162722173591     
 -0.808000000000000       0.121307652380791     
 -0.804000000000000       0.122468792724908     
 -0.800000000000000       0.123646446101390     
 -0.796000000000000       0.124840922400396     
 -0.792000000000000       0.126052538698129     
 -0.788000000000000       0.127281619454186     
 -0.784000000000000       0.128528496715123     
 -0.780000000000000       0.129793510324484     
 -0.776000000000000       0.131077008139485     
 -0.772000000000000       0.132379346254627     
 -0.768000000000000       0.133700889232460     
 -0.764000000000000       0.135042010341763     
 -0.760000000000000       0.136403091803414     
 -0.756000000000000       0.137784525044216     
 -0.752000000000000       0.139186710958971     
 -0.748000000000000       0.140610060181106     
 -0.744000000000000       0.142054993362158     
 -0.740000000000000       0.143521941460445     
 -0.736000000000000       0.145011346039257     
 -0.732000000000000       0.146523659574922     
 -0.728000000000000       0.148059345775104     
 -0.724000000000000       0.149618879907726     
 -0.720000000000000       0.151202749140893     
 -0.716000000000000       0.152811452894249     
 -0.712000000000000       0.154445503202170     
 -0.708000000000000       0.156105425089264     
 -0.704000000000000       0.157791756958616     
 -0.700000000000000       0.159505050993281     
 -0.696000000000000       0.161245873571508     
 -0.692000000000000       0.163014805696231     
 -0.688000000000000       0.164812443439366     
 -0.684000000000000       0.166639398401474     
 -0.680000000000000       0.168496298187388     
 -0.676000000000000       0.170383786898416     
 -0.672000000000000       0.172302525641749     
 -0.668000000000000       0.174253193057753     
 -0.664000000000000       0.176236485865834     
 -0.660000000000000       0.178253119429590     
 -0.656000000000000       0.180303828342013     
 -0.652000000000000       0.182389367031519     
 -0.648000000000000       0.184510510389619     
 -0.644000000000000       0.186668054421091     
 -0.640000000000000       0.188862816917530     
 -0.636000000000000       0.191095638155197     
 -0.632000000000000       0.193367381618145     
 -0.628000000000000       0.195678934747598     
 -0.624000000000000       0.198031209718652     
 -0.620000000000000       0.200425144245369     
 -0.616000000000000       0.202861702415407     
 -0.612000000000000       0.205341875555356     
 -0.608000000000000       0.207866683128028     
 -0.604000000000000       0.210437173662959     
 -0.600000000000000       0.213054425721480     
 -0.596000000000000       0.215719548897739     
 -0.592000000000000       0.218433684857118     
 -0.588000000000000       0.221198008413568     
 -0.584000000000000       0.224013728647419     
 -0.580000000000000       0.226882090065315     
 -0.576000000000000       0.229804373803973     
 -0.572000000000000       0.232781898879543     
 -0.568000000000000       0.235816023484418     
 -0.564000000000000       0.238908146333412     
 -0.560000000000000       0.242059708061322     
 -0.556000000000000       0.245272192673943     
 -0.552000000000000       0.248547129054707     
 -0.548000000000000       0.251886092529211     
 -0.544000000000000       0.255290706489954     
 -0.540000000000000       0.258762644083745     
 -0.536000000000000       0.262303629964295     
 -0.532000000000000       0.265915442112626     
 -0.528000000000000       0.269599913728028     
 -0.524000000000000       0.273358935192395     
 -0.520000000000000       0.277194456110878     
 -0.516000000000000       0.281108487431895     
 -0.512000000000000       0.285103103649665     
 -0.508000000000000       0.289180445092520     
 -0.504000000000000       0.293342720300383     
 -0.500000000000000       0.297592208494905     
 -0.496000000000000       0.301931262145871     
 -0.492000000000000       0.306362309637601     
 -0.488000000000000       0.310887858039183     
 -0.484000000000000       0.315510495982500     
 -0.480000000000000       0.320232896652111     
 -0.476000000000000       0.325057820891171     
 -0.472000000000000       0.329988120427665     
 -0.468000000000000       0.335026741225345     
 -0.464000000000000       0.340176726963851     
 -0.460000000000000       0.345441222652570     
 -0.456000000000000       0.350823478382895     
 -0.452000000000000       0.356326853223570     
 -0.448000000000000       0.361954819263894     
 -0.444000000000000       0.367710965809566     
 -0.440000000000000       0.373599003735990     
 -0.436000000000000       0.379622770003819     
 -0.432000000000000       0.385786232341512     
 -0.428000000000000       0.392093494099587     
 -0.424000000000000       0.398548799281163     
 -0.420000000000000       0.405156537753223     
 -0.416000000000000       0.411921250642847     
 -0.412000000000000       0.418847635922404     
 -0.408000000000000       0.425940554187383     
 -0.404000000000000       0.433205034630148     
 -0.400000000000000       0.440646281212445     
 -0.396000000000000       0.448269679038910     
 -0.392000000000000       0.456080800933169     
 -0.388000000000000       0.464085414217327     
 -0.384000000000000       0.472289487694712     
 -0.380000000000000       0.480699198834668     
 -0.376000000000000       0.489320941156933     
 -0.372000000000000       0.498161331811677     
 -0.368000000000000       0.507227219349642     
 -0.364000000000000       0.516525691674858     
 -0.360000000000000       0.526064084170253     
 -0.356000000000000       0.535849987983970     
 -0.352000000000000       0.545891258461314     
 -0.348000000000000       0.556196023704063     
 -0.344000000000000       0.566772693235138     
 -0.340000000000000       0.577629966742517     
 -0.336000000000000       0.588776842871518     
 -0.332000000000000       0.600222628029305     
 -0.328000000000000       0.611976945159448     
 -0.324000000000000       0.624049742437652     
 -0.320000000000000       0.636451301832208     
 -0.316000000000000       0.649192247464216     
 -0.312000000000000       0.662283553693134     
 -0.308000000000000       0.675736552842598     
 -0.304000000000000       0.689562942469554     
 -0.300000000000000       0.703774792066538     
 -0.296000000000000       0.718384549072195     
 -0.292000000000000       0.733405044048751     
 -0.288000000000000       0.748849494866977     
 -0.284000000000000       0.764731509719042     
 -0.280000000000000       0.781065088757396     
 -0.276000000000000       0.797864624133229     
 -0.272000000000000       0.815144898180991     
 -0.268000000000000       0.832921079465719     
 -0.264000000000000       0.851208716377255     
 -0.260000000000000       0.870023727919852     
 -0.256000000000000       0.889382391306691     
 -0.252000000000000       0.909301325926660     
 -0.248000000000000       0.929797473204927     
 -0.244000000000000       0.950888071829509     
 -0.240000000000000       0.972590627763042     
 -0.236000000000000       0.994922878402335     
 -0.232000000000000        1.01790275018816     
 -0.228000000000000        1.04154830890429     
 -0.224000000000000        1.06587770183848     
 -0.220000000000000        1.09090909090909     
 -0.216000000000000        1.11666057579080     
 -0.212000000000000        1.14315010600119     
 -0.208000000000000        1.17039538083956     
 -0.204000000000000        1.19841373600035     
 -0.200000000000000        1.22722201561919     
 -0.196000000000000        1.25683642845173     
 -0.192000000000000        1.28727238683705     
 -0.188000000000000        1.31854432706292     
 -0.184000000000000        1.35066550973298     
 -0.180000000000000        1.38364779874214     
 -0.176000000000000        1.41750141750142     
 -0.172000000000000        1.45223468112447     
 -0.168000000000000        1.48785370340313     
 -0.164000000000000        1.52436207756693     
 -0.160000000000000        1.56176053005206     
 -0.156000000000000        1.60004654680863     
 -0.152000000000000        1.63921397206382     
 -0.148000000000000        1.67925257994260     
 -0.144000000000000        1.72014761994120     
 -0.140000000000000        1.76187933796049     
 -0.136000000000000        1.80442247544892     
 -0.132000000000000        1.84774575018477     
 -0.128000000000000        1.89181132335068     
 -0.124000000000000        1.93657425882022     
 -0.120000000000000        1.98198198198198     
 -0.116000000000000        2.02797374695804     
 -0.112000000000000        2.07448012270864     
 -0.108000000000000        2.12142251022140     
 -0.104000000000000        2.16871270471334     
 -0.100000000000000        2.21625251846877     
 -9.599999999999997E-002   2.26393348151807     
 -9.199999999999997E-002   2.31163663874023     
 -8.799999999999997E-002   2.35923246303869     
 -8.399999999999996E-002   2.40658090487442     
 -7.999999999999996E-002   2.45353159851301     
 -7.599999999999996E-002   2.49992424471986     
 -7.199999999999995E-002   2.54558918818847     
 -6.799999999999995E-002   2.59034820559515     
 -6.399999999999995E-002   2.63401551674595     
 -6.000000000000005E-002   2.67639902676399     
 -5.600000000000005E-002   2.71730180165344     
 -5.200000000000005E-002   2.75652377292927     
 -4.800000000000004E-002   2.79386365945342     
 -4.400000000000004E-002   2.82912108638250     
 -4.000000000000004E-002   2.86209887250650     
 -3.600000000000003E-002   2.89260544861681     
 -3.200000000000003E-002   2.92045736132252     
 -2.800000000000002E-002   2.94548180941840     
 -2.400000000000002E-002   2.96751915398727     
 -2.000000000000002E-002   2.98642533936652     
 -1.600000000000001E-002   3.00207416032895     
 -1.200000000000001E-002   3.01435931162995     
 -8.000000000000007E-003   3.02319615962476     
 -4.000000000000004E-003   3.02852318196836     
  0.000000000000000E+000   3.03030303030303     
  4.000000000000004E-003   3.02852318196836     
  8.000000000000007E-003   3.02319615962476     
  1.200000000000001E-002   3.01435931162995     
  1.600000000000001E-002   3.00207416032895     
  2.000000000000002E-002   2.98642533936652     
  2.400000000000002E-002   2.96751915398727     
  2.800000000000002E-002   2.94548180941840     
  3.200000000000003E-002   2.92045736132252     
  3.600000000000003E-002   2.89260544861681     
  4.000000000000004E-002   2.86209887250650     
  4.400000000000004E-002   2.82912108638250     
  4.800000000000004E-002   2.79386365945342     
  5.200000000000005E-002   2.75652377292927     
  5.600000000000005E-002   2.71730180165344     
  6.000000000000005E-002   2.67639902676399     
  6.400000000000006E-002   2.63401551674595     
  6.800000000000006E-002   2.59034820559515     
  7.200000000000006E-002   2.54558918818847     
  7.600000000000007E-002   2.49992424471986     
  8.000000000000007E-002   2.45353159851301     
  8.400000000000007E-002   2.40658090487442     
  8.800000000000008E-002   2.35923246303869     
  9.200000000000008E-002   2.31163663874023     
  9.600000000000009E-002   2.26393348151807     
  0.100000000000000        2.21625251846877     
  0.104000000000000        2.16871270471333     
  0.108000000000000        2.12142251022140     
  0.112000000000000        2.07448012270864     
  0.116000000000000        2.02797374695804     
  0.120000000000000        1.98198198198198     
  0.124000000000000        1.93657425882021     
  0.128000000000000        1.89181132335069     
  0.132000000000000        1.84774575018478     
  0.136000000000000        1.80442247544892     
  0.140000000000000        1.76187933796049     
  0.144000000000000        1.72014761994120     
  0.148000000000000        1.67925257994260     
  0.152000000000000        1.63921397206382     
  0.156000000000000        1.60004654680864     
  0.160000000000000        1.56176053005206     
  0.164000000000000        1.52436207756693     
  0.168000000000000        1.48785370340313     
  0.172000000000000        1.45223468112447     
  0.176000000000000        1.41750141750142     
  0.180000000000000        1.38364779874214     
  0.184000000000000        1.35066550973298     
  0.188000000000000        1.31854432706292     
  0.192000000000000        1.28727238683706     
  0.196000000000000        1.25683642845173     
  0.200000000000000        1.22722201561919     
  0.204000000000000        1.19841373600035     
  0.208000000000000        1.17039538083956     
  0.212000000000000        1.14315010600119     
  0.216000000000000        1.11666057579080     
  0.220000000000000        1.09090909090909     
  0.224000000000000        1.06587770183848     
  0.228000000000000        1.04154830890429     
  0.232000000000000        1.01790275018816     
  0.236000000000000       0.994922878402335     
  0.240000000000000       0.972590627763042     
  0.244000000000000       0.950888071829509     
  0.248000000000000       0.929797473204928     
  0.252000000000000       0.909301325926661     
  0.256000000000000       0.889382391306692     
  0.260000000000000       0.870023727919853     
  0.264000000000000       0.851208716377256     
  0.268000000000000       0.832921079465719     
  0.272000000000000       0.815144898180992     
  0.276000000000000       0.797864624133229     
  0.280000000000000       0.781065088757397     
  0.284000000000000       0.764731509719042     
  0.288000000000000       0.748849494866977     
  0.292000000000000       0.733405044048752     
  0.296000000000000       0.718384549072196     
  0.300000000000000       0.703774792066539     
  0.304000000000000       0.689562942469555     
  0.308000000000000       0.675736552842598     
  0.312000000000000       0.662283553693134     
  0.316000000000000       0.649192247464216     
  0.320000000000000       0.636451301832208     
  0.324000000000000       0.624049742437652     
  0.328000000000000       0.611976945159448     
  0.332000000000000       0.600222628029305     
  0.336000000000000       0.588776842871518     
  0.340000000000000       0.577629966742517     
  0.344000000000000       0.566772693235138     
  0.348000000000000       0.556196023704063     
  0.352000000000000       0.545891258461314     
  0.356000000000000       0.535849987983970     
  0.360000000000000       0.526064084170253     
  0.364000000000000       0.516525691674858     
  0.368000000000000       0.507227219349642     
  0.372000000000000       0.498161331811677     
  0.376000000000000       0.489320941156933     
  0.380000000000000       0.480699198834669     
  0.384000000000000       0.472289487694712     
  0.388000000000000       0.464085414217327     
  0.392000000000000       0.456080800933169     
  0.396000000000000       0.448269679038910     
  0.400000000000000       0.440646281212445     
  0.404000000000000       0.433205034630148     
  0.408000000000000       0.425940554187383     
  0.412000000000000       0.418847635922404     
  0.416000000000000       0.411921250642847     
  0.420000000000000       0.405156537753223     
  0.424000000000000       0.398548799281163     
  0.428000000000000       0.392093494099587     
  0.432000000000000       0.385786232341512     
  0.436000000000000       0.379622770003819     
  0.440000000000000       0.373599003735990     
  0.444000000000000       0.367710965809566     
  0.448000000000000       0.361954819263894     
  0.452000000000000       0.356326853223570     
  0.456000000000000       0.350823478382895     
  0.460000000000000       0.345441222652570     
  0.464000000000000       0.340176726963851     
  0.468000000000000       0.335026741225345     
  0.472000000000000       0.329988120427665     
  0.476000000000000       0.325057820891171     
  0.480000000000000       0.320232896652111     
  0.484000000000000       0.315510495982500     
  0.488000000000000       0.310887858039183     
  0.492000000000000       0.306362309637601     
  0.496000000000000       0.301931262145871     
  0.500000000000000       0.297592208494905     
  0.504000000000000       0.293342720300383     
  0.508000000000000       0.289180445092520     
  0.512000000000000       0.285103103649665     
  0.516000000000000       0.281108487431895     
  0.520000000000000       0.277194456110878     
  0.524000000000000       0.273358935192395     
  0.528000000000000       0.269599913728028     
  0.532000000000000       0.265915442112626     
  0.536000000000000       0.262303629964295     
  0.540000000000000       0.258762644083745     
  0.544000000000000       0.255290706489954     
  0.548000000000000       0.251886092529211     
  0.552000000000000       0.248547129054707     
  0.556000000000000       0.245272192673943     
  0.560000000000000       0.242059708061322     
  0.564000000000000       0.238908146333411     
  0.568000000000000       0.235816023484417     
  0.572000000000000       0.232781898879543     
  0.576000000000000       0.229804373803973     
  0.580000000000000       0.226882090065314     
  0.584000000000000       0.224013728647419     
  0.588000000000000       0.221198008413568     
  0.592000000000000       0.218433684857118     
  0.596000000000000       0.215719548897738     
  0.600000000000000       0.213054425721480     
  0.604000000000000       0.210437173662959     
  0.608000000000000       0.207866683128028     
  0.612000000000000       0.205341875555356     
  0.616000000000000       0.202861702415407     
  0.620000000000000       0.200425144245369     
  0.624000000000000       0.198031209718652     
  0.628000000000000       0.195678934747598     
  0.632000000000000       0.193367381618145     
  0.636000000000000       0.191095638155197     
  0.640000000000000       0.188862816917530     
  0.644000000000000       0.186668054421091     
  0.648000000000000       0.184510510389619     
  0.652000000000000       0.182389367031519     
  0.656000000000000       0.180303828342013     
  0.660000000000000       0.178253119429590     
  0.664000000000000       0.176236485865834     
  0.668000000000000       0.174253193057753     
  0.672000000000000       0.172302525641749     
  0.676000000000000       0.170383786898416     
  0.680000000000000       0.168496298187388     
  0.684000000000000       0.166639398401474     
  0.688000000000000       0.164812443439366     
  0.692000000000000       0.163014805696231     
  0.696000000000000       0.161245873571508     
  0.700000000000000       0.159505050993281     
  0.704000000000000       0.157791756958616     
  0.708000000000000       0.156105425089264     
  0.712000000000000       0.154445503202170     
  0.716000000000000       0.152811452894249     
  0.720000000000000       0.151202749140893     
  0.724000000000000       0.149618879907726     
  0.728000000000000       0.148059345775104     
  0.732000000000000       0.146523659574922     
  0.736000000000000       0.145011346039257     
  0.740000000000000       0.143521941460445     
  0.744000000000000       0.142054993362158     
  0.748000000000000       0.140610060181106     
  0.752000000000000       0.139186710958971     
  0.756000000000000       0.137784525044216     
  0.760000000000000       0.136403091803414     
  0.764000000000000       0.135042010341763     
  0.768000000000000       0.133700889232460     
  0.772000000000000       0.132379346254627     
  0.776000000000000       0.131077008139485     
  0.780000000000000       0.129793510324484     
  0.784000000000000       0.128528496715123     
  0.788000000000000       0.127281619454186     
  0.792000000000000       0.126052538698129     
  0.796000000000000       0.124840922400396     
  0.800000000000000       0.123646446101390     
  0.804000000000000       0.122468792724908     
  0.808000000000000       0.121307652380791     
  0.812000000000000       0.120162722173591     
  0.816000000000000       0.119033706017046     
  0.820000000000000       0.117920314454172     
  0.824000000000000       0.116822264482775     
  0.828000000000000       0.115739279386203     
  0.832000000000000       0.114671088569169     
  0.836000000000000       0.113617427398464     
  0.840000000000000       0.112578037048409     
  0.844000000000000       0.111552664350878     
  0.848000000000000       0.110541061649755     
  0.852000000000000       0.109542986659656     
  0.856000000000000       0.108558202328804     
  0.860000000000000       0.107586476705898     
  0.864000000000000       0.106627582810858     
  0.868000000000000       0.105681298509317     
  0.872000000000000       0.104747406390734     
  0.876000000000000       0.103825693650021     
  0.880000000000000       0.102915951972556     
  0.884000000000000       0.102017977422494     
  0.888000000000000       0.101131570334249     
  0.892000000000000       0.100256535207057     
  0.896000000000000       9.939268060252446E-002
  0.900000000000000       9.853981904505958E-002
  0.904000000000000       9.769776692510194E-002
  0.908000000000000       9.686634440505866E-002
  0.912000000000000       9.604537532786399E-002
  0.916000000000000       9.523468712807970E-002
  0.920000000000000       9.443411074545716E-002
  0.924000000000000       9.364348054088474E-002
  0.928000000000000       9.286263421464663E-002
  0.932000000000000       9.209141272692162E-002
  0.936000000000000       9.132966022045319E-002
  0.940000000000000       9.057722394532429E-002
  0.944000000000000       8.983395418577227E-002
  0.948000000000000       8.909970418898210E-002
  0.952000000000000       8.837433009579777E-002
  0.956000000000000       8.765769087329373E-002
  0.960000000000000       8.694964824915026E-002
  0.964000000000000       8.625006664777878E-002
  0.968000000000000       8.555881312814428E-002
  0.972000000000000       8.487575732323466E-002
  0.976000000000000       8.420077138112739E-002
  0.980000000000000       8.353372990760663E-002
  0.984000000000000       8.287450991028457E-002
  0.988000000000000       8.222299074418284E-002
  0.992000000000000       8.157905405873098E-002
  0.996000000000000       8.094258374614050E-002
