  -1.00000000000000       8.261249878511033E-002
 -0.996000000000000       8.325856387792925E-002
 -0.992000000000000       8.391216272246597E-002
 -0.988000000000000       8.457341171132808E-002
 -0.984000000000000       8.524242946941103E-002
 -0.980000000000000       8.591933690488227E-002
 -0.976000000000000       8.660425726151227E-002
 -0.972000000000000       8.729731617239271E-002
 -0.968000000000000       8.799864171508320E-002
 -0.964000000000000       8.870836446822991E-002
 -0.960000000000000       8.942661756970019E-002
 -0.956000000000000       9.015353677627926E-002
 -0.952000000000000       9.088926052497640E-002
 -0.948000000000000       9.163392999598970E-002
 -0.944000000000000       9.238768917738005E-002
 -0.940000000000000       9.315068493150688E-002
 -0.936000000000000       9.392306706327987E-002
 -0.932000000000000       9.470498839028263E-002
 -0.928000000000000       9.549660481482648E-002
 -0.924000000000000       9.629807539799429E-002
 -0.920000000000000       9.710956243573633E-002
 -0.916000000000000       9.793123153708254E-002
 -0.912000000000000       9.876325170453755E-002
 -0.908000000000000       9.960579541672722E-002
 -0.904000000000000       0.100459038713368     
 -0.900000000000000       0.101323161282632     
 -0.896000000000000       0.102198346550986     
 -0.892000000000000       0.103084781775581     
 -0.888000000000000       0.103982658139273     
 -0.884000000000000       0.104892170848368     
 -0.880000000000000       0.105813519233163     
 -0.876000000000000       0.106746906851393     
 -0.872000000000000       0.107692541594661     
 -0.868000000000000       0.108650635797956     
 -0.864000000000000       0.109621406352367     
 -0.860000000000000       0.110605074821080     
 -0.856000000000000       0.111601867558781     
 -0.852000000000000       0.112612015834574     
 -0.848000000000000       0.113635755958524     
 -0.844000000000000       0.114673329411955     
 -0.840000000000000       0.115724982981620     
 -0.836000000000000       0.116790968897878     
 -0.832000000000000       0.117871544977008     
 -0.828000000000000       0.118966974767804     
 -0.824000000000000       0.120077527702592     
 -0.820000000000000       0.121203479252816     
 -0.816000000000000       0.122345111089361     
 -0.812000000000000       0.123502711247755     
 -0.808000000000000       0.124676574298438     
 -0.804000000000000       0.125867001522250     
 -0.800000000000000       0.127074301091344     
 -0.796000000000000       0.128298788255680     
 -0.792000000000000       0.129540785535323     
 -0.788000000000000       0.130800622918731     
 -0.784000000000000       0.132078638067239     
 -0.780000000000000       0.133375176525969     
 -0.776000000000000       0.134690591941383     
 -0.772000000000000       0.136025246285711     
 -0.768000000000000       0.137379510088505     
 -0.764000000000000       0.138753762675564     
 -0.760000000000000       0.140148392415499     
 -0.756000000000000       0.141563796974199     
 -0.752000000000000       0.143000383577499     
 -0.748000000000000       0.144458569282330     
 -0.744000000000000       0.145938781256653     
 -0.740000000000000       0.147441457068517     
 -0.736000000000000       0.148967044984542     
 -0.732000000000000       0.150516004278196     
 -0.728000000000000       0.152088805548200     
 -0.724000000000000       0.153685931047451     
 -0.720000000000000       0.155307875022839     
 -0.716000000000000       0.156955144066357     
 -0.712000000000000       0.158628257477923     
 -0.708000000000000       0.160327747640353     
 -0.704000000000000       0.162054160406928     
 -0.700000000000000       0.163808055502024     
 -0.696000000000000       0.165590006935299     
 -0.692000000000000       0.167400603429940     
 -0.688000000000000       0.169240448865492     
 -0.684000000000000       0.171110162735830     
 -0.680000000000000       0.173010380622837     
 -0.676000000000000       0.174941754686381     
 -0.672000000000000       0.176904954171211     
 -0.668000000000000       0.178900665931420     
 -0.664000000000000       0.180929594973137     
 -0.660000000000000       0.182992465016146     
 -0.656000000000000       0.185090019075160     
 -0.652000000000000       0.187223020061497     
 -0.648000000000000       0.189392251405959     
 -0.644000000000000       0.191598517703703     
 -0.640000000000000       0.193842645381984     
 -0.636000000000000       0.196125483391633     
 -0.632000000000000       0.198447903923198     
 -0.628000000000000       0.200810803148713     
 -0.624000000000000       0.203215101990074     
 -0.620000000000000       0.205661746915074     
 -0.616000000000000       0.208151710762178     
 -0.612000000000000       0.210685993595146     
 -0.608000000000000       0.213265623588683     
 -0.604000000000000       0.215891657946337     
 -0.600000000000000       0.218565183851890     
 -0.596000000000000       0.221287319455581     
 -0.592000000000000       0.224059214896511     
 -0.588000000000000       0.226882053362659     
 -0.584000000000000       0.229757052189990     
 -0.580000000000000       0.232685464002190     
 -0.576000000000000       0.235668577892624     
 -0.572000000000000       0.238707720650184     
 -0.568000000000000       0.241804258030746     
 -0.564000000000000       0.244959596076035     
 -0.560000000000000       0.248175182481752     
 -0.556000000000000       0.251452508016898     
 -0.552000000000000       0.254793107996307     
 -0.548000000000000       0.258198563808459     
 -0.544000000000000       0.261670504500733     
 -0.540000000000000       0.265210608424337     
 -0.536000000000000       0.268820604941239     
 -0.532000000000000       0.272502276195484     
 -0.528000000000000       0.276257458951392     
 -0.524000000000000       0.280088046501206     
 -0.520000000000000       0.283995990644838     
 -0.516000000000000       0.287983303744461     
 -0.512000000000000       0.292052060856778     
 -0.508000000000000       0.296204401945889     
 -0.504000000000000       0.300442534179757     
 -0.500000000000000       0.304768734313374     
 -0.496000000000000       0.309185351161809     
 -0.492000000000000       0.313694808166398     
 -0.488000000000000       0.318299606057429     
 -0.484000000000000       0.323002325616744     
 -0.480000000000000       0.327805630543772     
 -0.476000000000000       0.332712270428533     
 -0.472000000000000       0.337725083835285     
 -0.468000000000000       0.342847001500460     
 -0.464000000000000       0.348081049648643     
 -0.460000000000000       0.353430353430353     
 -0.456000000000000       0.358898140485399     
 -0.452000000000000       0.364487744635598     
 -0.448000000000000       0.370202609710632     
 -0.444000000000000       0.376046293510768     
 -0.440000000000000       0.382022471910112     
 -0.436000000000000       0.388134943103983     
 -0.432000000000000       0.394387632003860     
 -0.428000000000000       0.400784594783199     
 -0.424000000000000       0.407330023577220     
 -0.420000000000000       0.414028251339503     
 -0.416000000000000       0.420883756857929     
 -0.412000000000000       0.427901169932140     
 -0.408000000000000       0.435085276714236     
 -0.404000000000000       0.442441025213933     
 -0.400000000000000       0.449973530968766     
 -0.396000000000000       0.457688082879235     
 -0.392000000000000       0.465590149207949     
 -0.388000000000000       0.473685383740888     
 -0.384000000000000       0.481979632107782     
 -0.380000000000000       0.490478938257357     
 -0.376000000000000       0.499189551081773     
 -0.372000000000000       0.508117931182898     
 -0.368000000000000       0.517270757771232     
 -0.364000000000000       0.526654935686138     
 -0.360000000000000       0.536277602523659     
 -0.356000000000000       0.546146135855458     
 -0.352000000000000       0.556268160519358     
 -0.348000000000000       0.566651555958508     
 -0.344000000000000       0.577304463582276     
 -0.340000000000000       0.588235294117647     
 -0.336000000000000       0.599452734914948     
 -0.332000000000000       0.610965757166269     
 -0.328000000000000       0.622783622988775     
 -0.324000000000000       0.634915892318265     
 -0.320000000000000       0.647372429550647     
 -0.316000000000000       0.660163409860511     
 -0.312000000000000       0.673299325116441     
 -0.308000000000000       0.686790989302220     
 -0.304000000000000       0.700649543341356     
 -0.300000000000000       0.714886459209419     
 -0.296000000000000       0.729513543204366     
 -0.292000000000000       0.744542938229214     
 -0.288000000000000       0.759987124924001     
 -0.284000000000000       0.775858921464821     
 -0.280000000000000       0.792171481826654     
 -0.276000000000000       0.808938292283680     
 -0.272000000000000       0.826173165895571     
 -0.268000000000000       0.843890234700766     
 -0.264000000000000       0.862103939307882     
 -0.260000000000000       0.880829015544041     
 -0.256000000000000       0.900080477783896     
 -0.252000000000000       0.919873598545517     
 -0.248000000000000       0.940223883898942     
 -0.244000000000000       0.961147044190149     
 -0.240000000000000       0.982658959537572     
 -0.236000000000000        1.00477563951014     
 -0.232000000000000        1.02751317634544     
 -0.228000000000000        1.05088769101429     
 -0.224000000000000        1.07491527138449     
 -0.220000000000000        1.09961190168176     
 -0.216000000000000        1.12499338239187     
 -0.212000000000000        1.15107523969449     
 -0.208000000000000        1.17787262346877     
 -0.204000000000000        1.20540019286403     
 -0.200000000000000        1.23367198838897     
 -0.196000000000000        1.26270128944085     
 -0.192000000000000        1.29250045617663     
 -0.188000000000000        1.32308075462300     
 -0.184000000000000        1.35445216393652     
 -0.180000000000000        1.38662316476346     
 -0.176000000000000        1.41960050771595     
 -0.172000000000000        1.45338896108337     
 -0.168000000000000        1.48799103704222     
 -0.164000000000000        1.52340669582049     
 -0.160000000000000        1.55963302752294     
 -0.156000000000000        1.59666391163874     
 -0.152000000000000        1.63448965464195     
 -0.148000000000000        1.67309660656641     
 -0.144000000000000        1.71246675799823     
 -0.140000000000000        1.75257731958763     
 -0.136000000000000        1.79340028694405     
 -0.132000000000000        1.83490199464640     
 -0.128000000000000        1.87704266407561     
 -0.124000000000000        1.91977595085374     
 -0.120000000000000        1.96304849884527     
 -0.116000000000000        2.00679950892436     
 -0.112000000000000        2.05096033201428     
 -0.108000000000000        2.09545409722907     
 -0.104000000000000        2.14019538724947     
 -0.100000000000000        2.18508997429306     
 -9.599999999999997E-002   2.23003463112604     
 -9.199999999999997E-002   2.27491703243764     
 -8.799999999999997E-002   2.31961576247135     
 -8.399999999999996E-002   2.36400044498832     
 -7.999999999999996E-002   2.40793201133144     
 -7.599999999999996E-002   2.45126312146730     
 -7.199999999999995E-002   2.49383875132027     
 -6.799999999999995E-002   2.53549695740365     
 -6.399999999999995E-002   2.57606982664565     
 -6.000000000000005E-002   2.61538461538461     
 -5.600000000000005E-002   2.65326507678861     
 -5.200000000000005E-002   2.68953297051006     
 -4.800000000000004E-002   2.72400974234072     
 -4.400000000000004E-002   2.75651835516928     
 -4.000000000000004E-002   2.78688524590164     
 -3.600000000000003E-002   2.81494237647370     
 -3.200000000000003E-002   2.84052934099719     
 -2.800000000000002E-002   2.86349548578359     
 -2.400000000000002E-002   2.88370199484326     
 -2.000000000000002E-002   2.90102389078498     
 -1.600000000000001E-002   2.91535190012347     
 -1.200000000000001E-002   2.92659413303953     
 -8.000000000000007E-003   2.93467753072780     
 -4.000000000000004E-003   2.93954903859455     
  0.000000000000000E+000   2.94117647058824     
  4.000000000000004E-003   2.93954903859455     
  8.000000000000007E-003   2.93467753072780     
  1.200000000000001E-002   2.92659413303953     
  1.600000000000001E-002   2.91535190012347     
  2.000000000000002E-002   2.90102389078498     
  2.400000000000002E-002   2.88370199484326     
  2.800000000000002E-002   2.86349548578359     
  3.200000000000003E-002   2.84052934099719     
  3.600000000000003E-002   2.81494237647370     
  4.000000000000004E-002   2.78688524590164     
  4.400000000000004E-002   2.75651835516928     
  4.800000000000004E-002   2.72400974234073     
  5.200000000000005E-002   2.68953297051006     
  5.600000000000005E-002   2.65326507678861     
  6.000000000000005E-002   2.61538461538461     
  6.400000000000006E-002   2.57606982664565     
  6.800000000000006E-002   2.53549695740365     
  7.200000000000006E-002   2.49383875132027     
  7.600000000000007E-002   2.45126312146730     
  8.000000000000007E-002   2.40793201133144     
  8.400000000000007E-002   2.36400044498832     
  8.800000000000008E-002   2.31961576247135     
  9.200000000000008E-002   2.27491703243764     
  9.600000000000009E-002   2.23003463112604     
  0.100000000000000        2.18508997429306     
  0.104000000000000        2.14019538724947     
  0.108000000000000        2.09545409722907     
  0.112000000000000        2.05096033201428     
  0.116000000000000        2.00679950892435     
  0.120000000000000        1.96304849884526     
  0.124000000000000        1.91977595085373     
  0.128000000000000        1.87704266407561     
  0.132000000000000        1.83490199464640     
  0.136000000000000        1.79340028694405     
  0.140000000000000        1.75257731958763     
  0.144000000000000        1.71246675799823     
  0.148000000000000        1.67309660656641     
  0.152000000000000        1.63448965464195     
  0.156000000000000        1.59666391163874     
  0.160000000000000        1.55963302752294     
  0.164000000000000        1.52340669582049     
  0.168000000000000        1.48799103704222     
  0.172000000000000        1.45338896108337     
  0.176000000000000        1.41960050771595     
  0.180000000000000        1.38662316476346     
  0.184000000000000        1.35445216393652     
  0.188000000000000        1.32308075462300     
  0.192000000000000        1.29250045617663     
  0.196000000000000        1.26270128944085     
  0.200000000000000        1.23367198838897     
  0.204000000000000        1.20540019286403     
  0.208000000000000        1.17787262346877     
  0.212000000000000        1.15107523969449     
  0.216000000000000        1.12499338239187     
  0.220000000000000        1.09961190168176     
  0.224000000000000        1.07491527138449     
  0.228000000000000        1.05088769101429     
  0.232000000000000        1.02751317634544     
  0.236000000000000        1.00477563951014     
  0.240000000000000       0.982658959537572     
  0.244000000000000       0.961147044190149     
  0.248000000000000       0.940223883898943     
  0.252000000000000       0.919873598545518     
  0.256000000000000       0.900080477783896     
  0.260000000000000       0.880829015544042     
  0.264000000000000       0.862103939307883     
  0.268000000000000       0.843890234700767     
  0.272000000000000       0.826173165895572     
  0.276000000000000       0.808938292283681     
  0.280000000000000       0.792171481826654     
  0.284000000000000       0.775858921464822     
  0.288000000000000       0.759987124924001     
  0.292000000000000       0.744542938229214     
  0.296000000000000       0.729513543204367     
  0.300000000000000       0.714886459209420     
  0.304000000000000       0.700649543341357     
  0.308000000000000       0.686790989302220     
  0.312000000000000       0.673299325116441     
  0.316000000000000       0.660163409860511     
  0.320000000000000       0.647372429550647     
  0.324000000000000       0.634915892318265     
  0.328000000000000       0.622783622988775     
  0.332000000000000       0.610965757166269     
  0.336000000000000       0.599452734914948     
  0.340000000000000       0.588235294117647     
  0.344000000000000       0.577304463582276     
  0.348000000000000       0.566651555958508     
  0.352000000000000       0.556268160519358     
  0.356000000000000       0.546146135855458     
  0.360000000000000       0.536277602523659     
  0.364000000000000       0.526654935686138     
  0.368000000000000       0.517270757771232     
  0.372000000000000       0.508117931182898     
  0.376000000000000       0.499189551081773     
  0.380000000000000       0.490478938257358     
  0.384000000000000       0.481979632107782     
  0.388000000000000       0.473685383740889     
  0.392000000000000       0.465590149207949     
  0.396000000000000       0.457688082879235     
  0.400000000000000       0.449973530968767     
  0.404000000000000       0.442441025213934     
  0.408000000000000       0.435085276714236     
  0.412000000000000       0.427901169932140     
  0.416000000000000       0.420883756857930     
  0.420000000000000       0.414028251339503     
  0.424000000000000       0.407330023577220     
  0.428000000000000       0.400784594783199     
  0.432000000000000       0.394387632003861     
  0.436000000000000       0.388134943103984     
  0.440000000000000       0.382022471910113     
  0.444000000000000       0.376046293510768     
  0.448000000000000       0.370202609710632     
  0.452000000000000       0.364487744635598     
  0.456000000000000       0.358898140485399     
  0.460000000000000       0.353430353430354     
  0.464000000000000       0.348081049648643     
  0.468000000000000       0.342847001500460     
  0.472000000000000       0.337725083835286     
  0.476000000000000       0.332712270428534     
  0.480000000000000       0.327805630543772     
  0.484000000000000       0.323002325616745     
  0.488000000000000       0.318299606057429     
  0.492000000000000       0.313694808166399     
  0.496000000000000       0.309185351161810     
  0.500000000000000       0.304768734313374     
  0.504000000000000       0.300442534179757     
  0.508000000000000       0.296204401945889     
  0.512000000000000       0.292052060856778     
  0.516000000000000       0.287983303744461     
  0.520000000000000       0.283995990644838     
  0.524000000000000       0.280088046501206     
  0.528000000000000       0.276257458951392     
  0.532000000000000       0.272502276195484     
  0.536000000000000       0.268820604941239     
  0.540000000000000       0.265210608424337     
  0.544000000000000       0.261670504500733     
  0.548000000000000       0.258198563808459     
  0.552000000000000       0.254793107996307     
  0.556000000000000       0.251452508016898     
  0.560000000000000       0.248175182481752     
  0.564000000000000       0.244959596076035     
  0.568000000000000       0.241804258030746     
  0.572000000000000       0.238707720650184     
  0.576000000000000       0.235668577892624     
  0.580000000000000       0.232685464002190     
  0.584000000000000       0.229757052189990     
  0.588000000000000       0.226882053362659     
  0.592000000000000       0.224059214896511     
  0.596000000000000       0.221287319455581     
  0.600000000000000       0.218565183851890     
  0.604000000000000       0.215891657946337     
  0.608000000000000       0.213265623588683     
  0.612000000000000       0.210685993595146     
  0.616000000000000       0.208151710762178     
  0.620000000000000       0.205661746915074     
  0.624000000000000       0.203215101990073     
  0.628000000000000       0.200810803148713     
  0.632000000000000       0.198447903923198     
  0.636000000000000       0.196125483391633     
  0.640000000000000       0.193842645381984     
  0.644000000000000       0.191598517703703     
  0.648000000000000       0.189392251405959     
  0.652000000000000       0.187223020061497     
  0.656000000000000       0.185090019075160     
  0.660000000000000       0.182992465016146     
  0.664000000000000       0.180929594973137     
  0.668000000000000       0.178900665931420     
  0.672000000000000       0.176904954171211     
  0.676000000000000       0.174941754686381     
  0.680000000000000       0.173010380622837     
  0.684000000000000       0.171110162735830     
  0.688000000000000       0.169240448865492     
  0.692000000000000       0.167400603429940     
  0.696000000000000       0.165590006935299     
  0.700000000000000       0.163808055502024     
  0.704000000000000       0.162054160406928     
  0.708000000000000       0.160327747640353     
  0.712000000000000       0.158628257477923     
  0.716000000000000       0.156955144066357     
  0.720000000000000       0.155307875022839     
  0.724000000000000       0.153685931047451     
  0.728000000000000       0.152088805548200     
  0.732000000000000       0.150516004278196     
  0.736000000000000       0.148967044984542     
  0.740000000000000       0.147441457068517     
  0.744000000000000       0.145938781256653     
  0.748000000000000       0.144458569282330     
  0.752000000000000       0.143000383577499     
  0.756000000000000       0.141563796974199     
  0.760000000000000       0.140148392415499     
  0.764000000000000       0.138753762675564     
  0.768000000000000       0.137379510088505     
  0.772000000000000       0.136025246285711     
  0.776000000000000       0.134690591941383     
  0.780000000000000       0.133375176525969     
  0.784000000000000       0.132078638067239     
  0.788000000000000       0.130800622918731     
  0.792000000000000       0.129540785535323     
  0.796000000000000       0.128298788255680     
  0.800000000000000       0.127074301091344     
  0.804000000000000       0.125867001522250     
  0.808000000000000       0.124676574298438     
  0.812000000000000       0.123502711247755     
  0.816000000000000       0.122345111089361     
  0.820000000000000       0.121203479252816     
  0.824000000000000       0.120077527702592     
  0.828000000000000       0.118966974767804     
  0.832000000000000       0.117871544977008     
  0.836000000000000       0.116790968897878     
  0.840000000000000       0.115724982981620     
  0.844000000000000       0.114673329411955     
  0.848000000000000       0.113635755958524     
  0.852000000000000       0.112612015834574     
  0.856000000000000       0.111601867558781     
  0.860000000000000       0.110605074821080     
  0.864000000000000       0.109621406352367     
  0.868000000000000       0.108650635797956     
  0.872000000000000       0.107692541594660     
  0.876000000000000       0.106746906851393     
  0.880000000000000       0.105813519233163     
  0.884000000000000       0.104892170848368     
  0.888000000000000       0.103982658139273     
  0.892000000000000       0.103084781775581     
  0.896000000000000       0.102198346550986     
  0.900000000000000       0.101323161282632     
  0.904000000000000       0.100459038713368     
  0.908000000000000       9.960579541672722E-002
  0.912000000000000       9.876325170453754E-002
  0.916000000000000       9.793123153708254E-002
  0.920000000000000       9.710956243573633E-002
  0.924000000000000       9.629807539799429E-002
  0.928000000000000       9.549660481482647E-002
  0.932000000000000       9.470498839028260E-002
  0.936000000000000       9.392306706327984E-002
  0.940000000000000       9.315068493150686E-002
  0.944000000000000       9.238768917738002E-002
  0.948000000000000       9.163392999598967E-002
  0.952000000000000       9.088926052497637E-002
  0.956000000000000       9.015353677627923E-002
  0.960000000000000       8.942661756970016E-002
  0.964000000000000       8.870836446822988E-002
  0.968000000000000       8.799864171508318E-002
  0.972000000000000       8.729731617239268E-002
  0.976000000000000       8.660425726151225E-002
  0.980000000000000       8.591933690488224E-002
  0.984000000000000       8.524242946941100E-002
  0.988000000000000       8.457341171132805E-002
  0.992000000000000       8.391216272246595E-002
  0.996000000000000       8.325856387792922E-002
