  -1.00000000000000       8.489993935718619E-002
 -0.996000000000000       8.556277325082802E-002
 -0.992000000000000       8.623331878043422E-002
 -0.988000000000000       8.691169473831636E-002
 -0.984000000000000       8.759802218682708E-002
 -0.980000000000000       8.829242450997707E-002
 -0.976000000000000       8.899502746640822E-002
 -0.972000000000000       8.970595924376341E-002
 -0.968000000000000       9.042535051449443E-002
 -0.964000000000000       9.115333449315102E-002
 -0.960000000000000       9.189004699519550E-002
 -0.956000000000000       9.263562649738877E-002
 -0.952000000000000       9.339021419979532E-002
 -0.948000000000000       9.415395408945597E-002
 -0.944000000000000       9.492699300577918E-002
 -0.940000000000000       9.570948070770328E-002
 -0.936000000000000       9.650156994268362E-002
 -0.932000000000000       9.730341651756080E-002
 -0.928000000000000       9.811517937136766E-002
 -0.924000000000000       9.893702065013496E-002
 -0.920000000000000       9.976910578375760E-002
 -0.916000000000000       0.100611603564985     
 -0.912000000000000       0.101464686230604     
 -0.908000000000000       0.102328529544878     
 -0.904000000000000       0.103203312885317     
 -0.900000000000000       0.104089219330855     
 -0.896000000000000       0.104986435752501     
 -0.892000000000000       0.105895152906550     
 -0.888000000000000       0.106815565530434     
 -0.884000000000000       0.107747872441296     
 -0.880000000000000       0.108692276637372     
 -0.876000000000000       0.109648985402274     
 -0.872000000000000       0.110618210412271     
 -0.868000000000000       0.111600167846652     
 -0.864000000000000       0.112595078501289     
 -0.860000000000000       0.113603167905482     
 -0.856000000000000       0.114624666442221     
 -0.852000000000000       0.115659809471944     
 -0.848000000000000       0.116708837459936     
 -0.844000000000000       0.117771996107467     
 -0.840000000000000       0.118849536486808     
 -0.836000000000000       0.119941715180235     
 -0.832000000000000       0.121048794423178     
 -0.828000000000000       0.122171042251633     
 -0.824000000000000       0.123308732653984     
 -0.820000000000000       0.124462145727392     
 -0.816000000000000       0.125631567838893     
 -0.812000000000000       0.126817291791370     
 -0.808000000000000       0.128019616994568     
 -0.804000000000000       0.129238849641307     
 -0.800000000000000       0.130475302889096     
 -0.796000000000000       0.131729297047307     
 -0.792000000000000       0.133001159770113     
 -0.788000000000000       0.134291226255393     
 -0.784000000000000       0.135599839449790     
 -0.780000000000000       0.136927350260162     
 -0.776000000000000       0.138274117771622     
 -0.772000000000000       0.139640509472414     
 -0.768000000000000       0.141026901485859     
 -0.764000000000000       0.142433678809613     
 -0.760000000000000       0.143861235562497     
 -0.756000000000000       0.145309975239180     
 -0.752000000000000       0.146780310972961     
 -0.748000000000000       0.148272665806968     
 -0.744000000000000       0.149787472974060     
 -0.740000000000000       0.151325176185741     
 -0.736000000000000       0.152886229930406     
 -0.732000000000000       0.154471099781269     
 -0.728000000000000       0.156080262714298     
 -0.724000000000000       0.157714207436540     
 -0.720000000000000       0.159373434725195     
 -0.716000000000000       0.161058457777835     
 -0.712000000000000       0.162769802574181     
 -0.708000000000000       0.164508008249842     
 -0.704000000000000       0.166273627482465     
 -0.700000000000000       0.168067226890756     
 -0.696000000000000       0.169889387446825     
 -0.692000000000000       0.171740704902363     
 -0.688000000000000       0.173621790229161     
 -0.684000000000000       0.175533270074486     
 -0.680000000000000       0.177475787231885     
 -0.676000000000000       0.179450001127972     
 -0.672000000000000       0.181456588325809     
 -0.668000000000000       0.183496243045492     
 -0.664000000000000       0.185569677702584     
 -0.660000000000000       0.187677623465065     
 -0.656000000000000       0.189820830829506     
 -0.652000000000000       0.192000070217169     
 -0.648000000000000       0.194216132590799     
 -0.644000000000000       0.196469830092891     
 -0.640000000000000       0.198761996706230     
 -0.636000000000000       0.201093488937560     
 -0.632000000000000       0.203465186525256     
 -0.628000000000000       0.205877993171909     
 -0.624000000000000       0.208332837302768     
 -0.620000000000000       0.210830672851033     
 -0.616000000000000       0.213372480071010     
 -0.612000000000000       0.215959266380202     
 -0.608000000000000       0.218592067231425     
 -0.604000000000000       0.221271947016116     
 -0.600000000000000       0.224000000000000     
 -0.596000000000000       0.226777351292372     
 -0.592000000000000       0.229605157850266     
 -0.588000000000000       0.232484609518850     
 -0.584000000000000       0.235416930109422     
 -0.580000000000000       0.238403378516450     
 -0.576000000000000       0.241445249875138     
 -0.572000000000000       0.244543876761065     
 -0.568000000000000       0.247700630433490     
 -0.564000000000000       0.250916922123990     
 -0.560000000000000       0.254194204372140     
 -0.556000000000000       0.257533972410018     
 -0.552000000000000       0.260937765597369     
 -0.548000000000000       0.264407168909343     
 -0.544000000000000       0.267943814478765     
 -0.540000000000000       0.271549383194972     
 -0.536000000000000       0.275225606361329     
 -0.532000000000000       0.278974267413574     
 -0.528000000000000       0.282797203701250     
 -0.524000000000000       0.286696308334507     
 -0.520000000000000       0.290673532098663     
 -0.516000000000000       0.294730885438947     
 -0.512000000000000       0.298870440517951     
 -0.508000000000000       0.303094333348344     
 -0.504000000000000       0.307404766003492     
 -0.500000000000000       0.311804008908686     
 -0.496000000000000       0.316294403215720     
 -0.492000000000000       0.320878363263645     
 -0.488000000000000       0.325558379128545     
 -0.484000000000000       0.330337019265255     
 -0.480000000000000       0.335216933243942     
 -0.476000000000000       0.340200854584547     
 -0.472000000000000       0.345291603692055     
 -0.468000000000000       0.350492090895617     
 -0.464000000000000       0.355805319594504     
 -0.460000000000000       0.361234389513882     
 -0.456000000000000       0.366782500073356     
 -0.452000000000000       0.372452953871170     
 -0.448000000000000       0.378249160286864     
 -0.444000000000000       0.384174639205132     
 -0.440000000000000       0.390233024863418     
 -0.436000000000000       0.396428069825707     
 -0.432000000000000       0.402763649084691     
 -0.428000000000000       0.409243764294300     
 -0.424000000000000       0.415872548134277     
 -0.420000000000000       0.422654268808115     
 -0.416000000000000       0.429593334675301     
 -0.412000000000000       0.436694299018311     
 -0.408000000000000       0.443961864944264     
 -0.404000000000000       0.451400890420499     
 -0.400000000000000       0.459016393442623     
 -0.396000000000000       0.466813557332707     
 -0.392000000000000       0.474797736164394     
 -0.388000000000000       0.482974460310539     
 -0.384000000000000       0.491349442107805     
 -0.380000000000000       0.499928581631195     
 -0.376000000000000       0.508717972569927     
 -0.372000000000000       0.517723908194238     
 -0.368000000000000       0.526952887400707     
 -0.364000000000000       0.536411620821353     
 -0.360000000000000       0.546107036979248     
 -0.356000000000000       0.556046288470460     
 -0.352000000000000       0.566236758148956     
 -0.348000000000000       0.576686065287453     
 -0.344000000000000       0.587402071683192     
 -0.340000000000000       0.598392887673106     
 -0.336000000000000       0.609666878017851     
 -0.332000000000000       0.621232667608574     
 -0.328000000000000       0.633099146944121     
 -0.324000000000000       0.645275477319489     
 -0.320000000000000       0.657771095658711     
 -0.316000000000000       0.670595718916930     
 -0.312000000000000       0.683759347967085     
 -0.308000000000000       0.697272270876331     
 -0.304000000000000       0.711145065465983     
 -0.300000000000000       0.725388601036269     
 -0.296000000000000       0.740014039123485     
 -0.292000000000000       0.755032833142058     
 -0.288000000000000       0.770456726747616     
 -0.284000000000000       0.786297750739120     
 -0.280000000000000       0.802568218298555     
 -0.276000000000000       0.819280718345334     
 -0.272000000000000       0.836448106759456     
 -0.268000000000000       0.854083495202491     
 -0.264000000000000       0.872200237238464     
 -0.260000000000000       0.890811911427844     
 -0.256000000000000       0.909932301036803     
 -0.252000000000000       0.929575369970997     
 -0.248000000000000       0.949755234508135     
 -0.244000000000000       0.970486130366788     
 -0.240000000000000       0.991782374610371     
 -0.236000000000000        1.01365832184521     
 -0.232000000000000        1.03612831413042     
 -0.228000000000000        1.05920662397560     
 -0.224000000000000        1.08290738976003     
 -0.220000000000000        1.10724454286618     
 -0.216000000000000        1.13223172577995     
 -0.212000000000000        1.15788220037317     
 -0.208000000000000        1.18420874555076     
 -0.204000000000000        1.21122354341717     
 -0.200000000000000        1.23893805309735     
 -0.196000000000000        1.26736287133732     
 -0.192000000000000        1.29650757901288     
 -0.188000000000000        1.32638057269323     
 -0.184000000000000        1.35698888044540     
 -0.180000000000000        1.38833796112654     
 -0.176000000000000        1.42043148650184     
 -0.172000000000000        1.45327110564866     
 -0.168000000000000        1.48685619126918     
 -0.164000000000000        1.52118356774048     
 -0.160000000000000        1.55624722098710     
 -0.156000000000000        1.59203799057513     
 -0.152000000000000        1.62854324480262     
 -0.148000000000000        1.66574654000647     
 -0.144000000000000        1.70362726582426     
 -0.140000000000000        1.74216027874564     
 -0.136000000000000        1.78131552696403     
 -0.132000000000000        1.82105767029491     
 -0.128000000000000        1.86134569975962     
 -0.124000000000000        1.90213256233560     
 -0.120000000000000        1.94336479733481     
 -0.116000000000000        1.98498219187405     
 -0.112000000000000        2.02691746392087     
 -0.108000000000000        2.06909598240677     
 -0.104000000000000        2.11143553485678     
 -0.100000000000000        2.15384615384615     
 -9.599999999999997E-002   2.19623001430687     
 -9.199999999999997E-002   2.23848141420860     
 -8.799999999999997E-002   2.28048685136438     
 -8.399999999999996E-002   2.32212520899127     
 -7.999999999999996E-002   2.36326806212019     
 -7.599999999999996E-002   2.40378011593088     
 -7.199999999999995E-002   2.44351978552878     
 -6.799999999999995E-002   2.48233992453687     
 -6.399999999999995E-002   2.52008870712249     
 -6.000000000000005E-002   2.55661066471877     
 -5.600000000000005E-002   2.59174787476674     
 -5.200000000000005E-002   2.62534129436827     
 -4.800000000000004E-002   2.65723222691245     
 -4.400000000000004E-002   2.68726390467123     
 -4.000000000000004E-002   2.71528316524437     
 -3.600000000000003E-002   2.74114219479340     
 -3.200000000000003E-002   2.76470030648678     
 -2.800000000000002E-002   2.78582571874303     
 -2.400000000000002E-002   2.80439729495849     
 -2.000000000000002E-002   2.82030620467365     
 -1.600000000000001E-002   2.83345746575564     
 -1.200000000000001E-002   2.84377132828496     
 -8.000000000000007E-003   2.85118446348855     
 -4.000000000000004E-003   2.85565092523090     
  0.000000000000000E+000   2.85714285714286     
  4.000000000000004E-003   2.85565092523090     
  8.000000000000007E-003   2.85118446348855     
  1.200000000000001E-002   2.84377132828496     
  1.600000000000001E-002   2.83345746575564     
  2.000000000000002E-002   2.82030620467365     
  2.400000000000002E-002   2.80439729495849     
  2.800000000000002E-002   2.78582571874304     
  3.200000000000003E-002   2.76470030648678     
  3.600000000000003E-002   2.74114219479340     
  4.000000000000004E-002   2.71528316524438     
  4.400000000000004E-002   2.68726390467123     
  4.800000000000004E-002   2.65723222691245     
  5.200000000000005E-002   2.62534129436827     
  5.600000000000005E-002   2.59174787476674     
  6.000000000000005E-002   2.55661066471877     
  6.400000000000006E-002   2.52008870712249     
  6.800000000000006E-002   2.48233992453687     
  7.200000000000006E-002   2.44351978552878     
  7.600000000000007E-002   2.40378011593088     
  8.000000000000007E-002   2.36326806212019     
  8.400000000000007E-002   2.32212520899127     
  8.800000000000008E-002   2.28048685136438     
  9.200000000000008E-002   2.23848141420860     
  9.600000000000009E-002   2.19623001430687     
  0.100000000000000        2.15384615384615     
  0.104000000000000        2.11143553485678     
  0.108000000000000        2.06909598240677     
  0.112000000000000        2.02691746392087     
  0.116000000000000        1.98498219187405     
  0.120000000000000        1.94336479733481     
  0.124000000000000        1.90213256233560     
  0.128000000000000        1.86134569975962     
  0.132000000000000        1.82105767029491     
  0.136000000000000        1.78131552696403     
  0.140000000000000        1.74216027874565     
  0.144000000000000        1.70362726582426     
  0.148000000000000        1.66574654000647     
  0.152000000000000        1.62854324480262     
  0.156000000000000        1.59203799057514     
  0.160000000000000        1.55624722098711     
  0.164000000000000        1.52118356774048     
  0.168000000000000        1.48685619126918     
  0.172000000000000        1.45327110564866     
  0.176000000000000        1.42043148650184     
  0.180000000000000        1.38833796112654     
  0.184000000000000        1.35698888044540     
  0.188000000000000        1.32638057269324     
  0.192000000000000        1.29650757901288     
  0.196000000000000        1.26736287133732     
  0.200000000000000        1.23893805309735     
  0.204000000000000        1.21122354341717     
  0.208000000000000        1.18420874555076     
  0.212000000000000        1.15788220037317     
  0.216000000000000        1.13223172577995     
  0.220000000000000        1.10724454286618     
  0.224000000000000        1.08290738976003     
  0.228000000000000        1.05920662397560     
  0.232000000000000        1.03612831413042     
  0.236000000000000        1.01365832184521     
  0.240000000000000       0.991782374610371     
  0.244000000000000       0.970486130366789     
  0.248000000000000       0.949755234508135     
  0.252000000000000       0.929575369970998     
  0.256000000000000       0.909932301036803     
  0.260000000000000       0.890811911427844     
  0.264000000000000       0.872200237238465     
  0.268000000000000       0.854083495202491     
  0.272000000000000       0.836448106759457     
  0.276000000000000       0.819280718345334     
  0.280000000000000       0.802568218298556     
  0.284000000000000       0.786297750739120     
  0.288000000000000       0.770456726747616     
  0.292000000000000       0.755032833142058     
  0.296000000000000       0.740014039123485     
  0.300000000000000       0.725388601036269     
  0.304000000000000       0.711145065465983     
  0.308000000000000       0.697272270876332     
  0.312000000000000       0.683759347967086     
  0.316000000000000       0.670595718916930     
  0.320000000000000       0.657771095658711     
  0.324000000000000       0.645275477319489     
  0.328000000000000       0.633099146944121     
  0.332000000000000       0.621232667608574     
  0.336000000000000       0.609666878017851     
  0.340000000000000       0.598392887673106     
  0.344000000000000       0.587402071683192     
  0.348000000000000       0.576686065287453     
  0.352000000000000       0.566236758148956     
  0.356000000000000       0.556046288470460     
  0.360000000000000       0.546107036979248     
  0.364000000000000       0.536411620821353     
  0.368000000000000       0.526952887400707     
  0.372000000000000       0.517723908194238     
  0.376000000000000       0.508717972569927     
  0.380000000000000       0.499928581631196     
  0.384000000000000       0.491349442107805     
  0.388000000000000       0.482974460310539     
  0.392000000000000       0.474797736164394     
  0.396000000000000       0.466813557332708     
  0.400000000000000       0.459016393442623     
  0.404000000000000       0.451400890420500     
  0.408000000000000       0.443961864944264     
  0.412000000000000       0.436694299018311     
  0.416000000000000       0.429593334675301     
  0.420000000000000       0.422654268808115     
  0.424000000000000       0.415872548134277     
  0.428000000000000       0.409243764294300     
  0.432000000000000       0.402763649084691     
  0.436000000000000       0.396428069825708     
  0.440000000000000       0.390233024863419     
  0.444000000000000       0.384174639205132     
  0.448000000000000       0.378249160286864     
  0.452000000000000       0.372452953871170     
  0.456000000000000       0.366782500073357     
  0.460000000000000       0.361234389513882     
  0.464000000000000       0.355805319594504     
  0.468000000000000       0.350492090895618     
  0.472000000000000       0.345291603692055     
  0.476000000000000       0.340200854584547     
  0.480000000000000       0.335216933243942     
  0.484000000000000       0.330337019265255     
  0.488000000000000       0.325558379128545     
  0.492000000000000       0.320878363263645     
  0.496000000000000       0.316294403215720     
  0.500000000000000       0.311804008908686     
  0.504000000000000       0.307404766003492     
  0.508000000000000       0.303094333348344     
  0.512000000000000       0.298870440517951     
  0.516000000000000       0.294730885438947     
  0.520000000000000       0.290673532098663     
  0.524000000000000       0.286696308334507     
  0.528000000000000       0.282797203701250     
  0.532000000000000       0.278974267413574     
  0.536000000000000       0.275225606361329     
  0.540000000000000       0.271549383194972     
  0.544000000000000       0.267943814478765     
  0.548000000000000       0.264407168909343     
  0.552000000000000       0.260937765597369     
  0.556000000000000       0.257533972410018     
  0.560000000000000       0.254194204372140     
  0.564000000000000       0.250916922123990     
  0.568000000000000       0.247700630433490     
  0.572000000000000       0.244543876761065     
  0.576000000000000       0.241445249875138     
  0.580000000000000       0.238403378516450     
  0.584000000000000       0.235416930109422     
  0.588000000000000       0.232484609518850     
  0.592000000000000       0.229605157850266     
  0.596000000000000       0.226777351292372     
  0.600000000000000       0.224000000000000     
  0.604000000000000       0.221271947016116     
  0.608000000000000       0.218592067231425     
  0.612000000000000       0.215959266380202     
  0.616000000000000       0.213372480071010     
  0.620000000000000       0.210830672851033     
  0.624000000000000       0.208332837302768     
  0.628000000000000       0.205877993171909     
  0.632000000000000       0.203465186525256     
  0.636000000000000       0.201093488937560     
  0.640000000000000       0.198761996706230     
  0.644000000000000       0.196469830092891     
  0.648000000000000       0.194216132590799     
  0.652000000000000       0.192000070217169     
  0.656000000000000       0.189820830829506     
  0.660000000000000       0.187677623465065     
  0.664000000000000       0.185569677702584     
  0.668000000000000       0.183496243045492     
  0.672000000000000       0.181456588325809     
  0.676000000000000       0.179450001127971     
  0.680000000000000       0.177475787231885     
  0.684000000000000       0.175533270074486     
  0.688000000000000       0.173621790229161     
  0.692000000000000       0.171740704902363     
  0.696000000000000       0.169889387446825     
  0.700000000000000       0.168067226890756     
  0.704000000000000       0.166273627482465     
  0.708000000000000       0.164508008249842     
  0.712000000000000       0.162769802574181     
  0.716000000000000       0.161058457777835     
  0.720000000000000       0.159373434725195     
  0.724000000000000       0.157714207436540     
  0.728000000000000       0.156080262714298     
  0.732000000000000       0.154471099781269     
  0.736000000000000       0.152886229930406     
  0.740000000000000       0.151325176185741     
  0.744000000000000       0.149787472974060     
  0.748000000000000       0.148272665806968     
  0.752000000000000       0.146780310972961     
  0.756000000000000       0.145309975239180     
  0.760000000000000       0.143861235562497     
  0.764000000000000       0.142433678809613     
  0.768000000000000       0.141026901485859     
  0.772000000000000       0.139640509472414     
  0.776000000000000       0.138274117771622     
  0.780000000000000       0.136927350260162     
  0.784000000000000       0.135599839449790     
  0.788000000000000       0.134291226255393     
  0.792000000000000       0.133001159770113     
  0.796000000000000       0.131729297047307     
  0.800000000000000       0.130475302889096     
  0.804000000000000       0.129238849641307     
  0.808000000000000       0.128019616994568     
  0.812000000000000       0.126817291791370     
  0.816000000000000       0.125631567838893     
  0.820000000000000       0.124462145727392     
  0.824000000000000       0.123308732653984     
  0.828000000000000       0.122171042251633     
  0.832000000000000       0.121048794423178     
  0.836000000000000       0.119941715180235     
  0.840000000000000       0.118849536486808     
  0.844000000000000       0.117771996107467     
  0.848000000000000       0.116708837459936     
  0.852000000000000       0.115659809471944     
  0.856000000000000       0.114624666442221     
  0.860000000000000       0.113603167905482     
  0.864000000000000       0.112595078501289     
  0.868000000000000       0.111600167846652     
  0.872000000000000       0.110618210412271     
  0.876000000000000       0.109648985402274     
  0.880000000000000       0.108692276637372     
  0.884000000000000       0.107747872441296     
  0.888000000000000       0.106815565530434     
  0.892000000000000       0.105895152906550     
  0.896000000000000       0.104986435752501     
  0.900000000000000       0.104089219330855     
  0.904000000000000       0.103203312885317     
  0.908000000000000       0.102328529544878     
  0.912000000000000       0.101464686230604     
  0.916000000000000       0.100611603564985     
  0.920000000000000       9.976910578375760E-002
  0.924000000000000       9.893702065013496E-002
  0.928000000000000       9.811517937136764E-002
  0.932000000000000       9.730341651756078E-002
  0.936000000000000       9.650156994268359E-002
  0.940000000000000       9.570948070770326E-002
  0.944000000000000       9.492699300577916E-002
  0.948000000000000       9.415395408945594E-002
  0.952000000000000       9.339021419979529E-002
  0.956000000000000       9.263562649738874E-002
  0.960000000000000       9.189004699519547E-002
  0.964000000000000       9.115333449315099E-002
  0.968000000000000       9.042535051449441E-002
  0.972000000000000       8.970595924376339E-002
  0.976000000000000       8.899502746640819E-002
  0.980000000000000       8.829242450997704E-002
  0.984000000000000       8.759802218682705E-002
  0.988000000000000       8.691169473831634E-002
  0.992000000000000       8.623331878043419E-002
  0.996000000000000       8.556277325082799E-002
