  -1.00000000000000       8.717551336691207E-002
 -0.996000000000000       8.785493393308970E-002
 -0.992000000000000       8.854224055155914E-002
 -0.988000000000000       8.923755433575532E-002
 -0.984000000000000       8.994099870484963E-002
 -0.980000000000000       9.065269943593877E-002
 -0.976000000000000       9.137278471759719E-002
 -0.972000000000000       9.210138520483349E-002
 -0.968000000000000       9.283863407549227E-002
 -0.964000000000000       9.358466708814429E-002
 -0.960000000000000       9.433962264150945E-002
 -0.956000000000000       9.510364183545804E-002
 -0.952000000000000       9.587686853363789E-002
 -0.948000000000000       9.665944942777607E-002
 -0.944000000000000       9.745153410370577E-002
 -0.940000000000000       9.825327510917033E-002
 -0.936000000000000       9.906482802345858E-002
 -0.932000000000000       9.988635152892711E-002
 -0.928000000000000       0.100718007484467     
 -0.924000000000000       0.101559961000975     
 -0.920000000000000       0.102412380518889     
 -0.916000000000000       0.103275437887857     
 -0.912000000000000       0.104149308448592     
 -0.908000000000000       0.105034171117003     
 -0.904000000000000       0.105930208470650     
 -0.900000000000000       0.106837606837607     
 -0.896000000000000       0.107756556387809     
 -0.892000000000000       0.108687251226958     
 -0.888000000000000       0.109629889493071     
 -0.884000000000000       0.110584673455746     
 -0.880000000000000       0.111551809618245     
 -0.876000000000000       0.112531508822470     
 -0.872000000000000       0.113523986356940     
 -0.868000000000000       0.114529462067842     
 -0.864000000000000       0.115548160473285     
 -0.860000000000000       0.116580310880829     
 -0.856000000000000       0.117626147508417     
 -0.852000000000000       0.118685909608811     
 -0.848000000000000       0.119759841597650     
 -0.844000000000000       0.120848193185236     
 -0.840000000000000       0.121951219512195     
 -0.836000000000000       0.123069181289109     
 -0.832000000000000       0.124202344940272     
 -0.828000000000000       0.125350982751705     
 -0.824000000000000       0.126515373023549     
 -0.820000000000000       0.127695800227015     
 -0.816000000000000       0.128892555166014     
 -0.812000000000000       0.130105935143637     
 -0.808000000000000       0.131336244133648     
 -0.804000000000000       0.132583792957149     
 -0.800000000000000       0.133848899464604     
 -0.796000000000000       0.135131888723394     
 -0.792000000000000       0.136433093211089     
 -0.788000000000000       0.137752853014645     
 -0.784000000000000       0.139091516035706     
 -0.780000000000000       0.140449438202247     
 -0.776000000000000       0.141826983686745     
 -0.772000000000000       0.143224525131130     
 -0.768000000000000       0.144642443878732     
 -0.764000000000000       0.146081130213473     
 -0.760000000000000       0.147540983606557     
 -0.756000000000000       0.149022412970911     
 -0.752000000000000       0.150525836923653     
 -0.748000000000000       0.152051684056874     
 -0.744000000000000       0.153600393217007     
 -0.740000000000000       0.155172413793103     
 -0.736000000000000       0.156768206014325     
 -0.732000000000000       0.158388241256969     
 -0.728000000000000       0.160033002361376     
 -0.724000000000000       0.161702983959064     
 -0.720000000000000       0.163398692810458     
 -0.716000000000000       0.165120648153584     
 -0.712000000000000       0.166869382064137     
 -0.708000000000000       0.168645439827307     
 -0.704000000000000       0.170449380321808     
 -0.700000000000000       0.172281776416539     
 -0.696000000000000       0.174143215380329     
 -0.692000000000000       0.176034299305251     
 -0.688000000000000       0.177955645543991     
 -0.684000000000000       0.179907887161773     
 -0.680000000000000       0.181891673403395     
 -0.676000000000000       0.183907670175898     
 -0.672000000000000       0.185956560547456     
 -0.668000000000000       0.188039045263088     
 -0.664000000000000       0.190155843277780     
 -0.660000000000000       0.192307692307692     
 -0.656000000000000       0.194495349400090     
 -0.652000000000000       0.196719591522697     
 -0.648000000000000       0.198981216173193     
 -0.644000000000000       0.201281042009590     
 -0.640000000000000       0.203619909502262     
 -0.636000000000000       0.205998681608438     
 -0.632000000000000       0.208418244469969     
 -0.628000000000000       0.210879508135263     
 -0.624000000000000       0.213383407306248     
 -0.620000000000000       0.215930902111324     
 -0.616000000000000       0.218522978905248     
 -0.612000000000000       0.221160651096957     
 -0.608000000000000       0.223844960006367     
 -0.604000000000000       0.226576975751229     
 -0.600000000000000       0.229357798165138     
 -0.596000000000000       0.232188557747874     
 -0.592000000000000       0.235070416649254     
 -0.588000000000000       0.238004569687738     
 -0.584000000000000       0.240992245405081     
 -0.580000000000000       0.244034707158351     
 -0.576000000000000       0.247133254250692     
 -0.572000000000000       0.250289223102251     
 -0.568000000000000       0.253503988462752     
 -0.564000000000000       0.256778964667214     
 -0.560000000000000       0.260115606936416     
 -0.556000000000000       0.263515412723695     
 -0.552000000000000       0.266979923109782     
 -0.548000000000000       0.270510724247379     
 -0.544000000000000       0.274109448857268     
 -0.540000000000000       0.277777777777778     
 -0.536000000000000       0.281517441569491     
 -0.532000000000000       0.285330222177133     
 -0.528000000000000       0.289217954650625     
 -0.524000000000000       0.293182528927343     
 -0.520000000000000       0.297225891677675     
 -0.516000000000000       0.301350048216008     
 -0.512000000000000       0.305557064479331     
 -0.508000000000000       0.309849069075686     
 -0.504000000000000       0.314228255404726     
 -0.500000000000000       0.318696883852691     
 -0.496000000000000       0.323257284064134     
 -0.492000000000000       0.327911857292760     
 -0.488000000000000       0.332663078833757     
 -0.484000000000000       0.337513500540022     
 -0.480000000000000       0.342465753424657     
 -0.476000000000000       0.347522550352156     
 -0.472000000000000       0.352686688820616     
 -0.468000000000000       0.357961053837342     
 -0.464000000000000       0.363348620890123     
 -0.460000000000000       0.368852459016393     
 -0.456000000000000       0.374475733972439     
 -0.452000000000000       0.380221711504664     
 -0.448000000000000       0.386093760724827     
 -0.444000000000000       0.392095357590966     
 -0.440000000000000       0.398230088495575     
 -0.436000000000000       0.404501653962318     
 -0.432000000000000       0.410913872452334     
 -0.428000000000000       0.417470684280837     
 -0.424000000000000       0.424176155644371     
 -0.420000000000000       0.431034482758620     
 -0.416000000000000       0.438049996106222     
 -0.412000000000000       0.445227164793414     
 -0.408000000000000       0.452570601013758     
 -0.404000000000000       0.460085064616391     
 -0.400000000000000       0.467775467775468     
 -0.396000000000000       0.475646879756469     
 -0.392000000000000       0.483704531774013     
 -0.388000000000000       0.491953821934581     
 -0.384000000000000       0.500400320256205     
 -0.380000000000000       0.509049773755656     
 -0.376000000000000       0.517908111591934     
 -0.372000000000000       0.526981450252951     
 -0.368000000000000       0.536276098770140     
 -0.364000000000000       0.545798563943334     
 -0.360000000000000       0.555555555555555     
 -0.356000000000000       0.565553991554394     
 -0.352000000000000       0.575801003173303     
 -0.348000000000000       0.586303939962476     
 -0.344000000000000       0.597070374694831     
 -0.340000000000000       0.608108108108108     
 -0.336000000000000       0.619425173439048     
 -0.332000000000000       0.631029840700022     
 -0.328000000000000       0.642930620642359     
 -0.324000000000000       0.655136268343815     
 -0.320000000000000       0.667655786350148     
 -0.316000000000000       0.680498427292524     
 -0.312000000000000       0.693673695893451     
 -0.308000000000000       0.707191350264018     
 -0.304000000000000       0.721061402384309     
 -0.300000000000000       0.735294117647058     
 -0.296000000000000       0.749900013331555     
 -0.292000000000000       0.764889855860756     
 -0.288000000000000       0.780274656679151     
 -0.284000000000000       0.796065666572318     
 -0.280000000000000       0.812274368231047     
 -0.276000000000000       0.828912466843501     
 -0.272000000000000       0.845991878477966     
 -0.268000000000000       0.863524715996315     
 -0.264000000000000       0.881523272214386     
 -0.260000000000000       0.900000000000000     
 -0.256000000000000       0.918967488972390     
 -0.252000000000000       0.938438438438438     
 -0.248000000000000       0.958425626171409     
 -0.244000000000000       0.978941872607031     
 -0.240000000000000        1.00000000000000     
 -0.236000000000000        1.02161278605158     
 -0.232000000000000        1.04379291148636     
 -0.228000000000000        1.06655290102389     
 -0.224000000000000        1.08990505715947     
 -0.220000000000000        1.11386138613861     
 -0.216000000000000        1.13843351548270     
 -0.212000000000000        1.16363260239967     
 -0.208000000000000        1.18946923239586     
 -0.204000000000000        1.21595330739300     
 -0.200000000000000        1.24309392265193     
 -0.196000000000000        1.27089923181202     
 -0.192000000000000        1.29937629937630     
 -0.188000000000000        1.32853094000945     
 -0.184000000000000        1.35836754407148     
 -0.180000000000000        1.38888888888889     
 -0.176000000000000        1.42009593536986     
 -0.172000000000000        1.45198760970573     
 -0.168000000000000        1.48456057007126     
 -0.164000000000000        1.51780895844576     
 -0.160000000000000        1.55172413793103     
 -0.156000000000000        1.58629441624365     
 -0.152000000000000        1.62150475641395     
 -0.148000000000000        1.65733647613435     
 -0.144000000000000        1.69376693766938     
 -0.140000000000000        1.73076923076923     
 -0.136000000000000        1.76831185161899     
 -0.132000000000000        1.80635838150289     
 -0.128000000000000        1.84486716956379     
 -0.124000000000000        1.88379102478232     
 -0.120000000000000        1.92307692307692     
 -0.116000000000000        1.96266573621772     
 -0.112000000000000        2.00249199003204     
 -0.108000000000000        2.04248366013072     
 -0.104000000000000        2.08256201406886     
 -0.100000000000000        2.12264150943396     
 -9.599999999999997E-002   2.16262975778547     
 -9.199999999999997E-002   2.20242756460454     
 -8.799999999999997E-002   2.24192905540056     
 -8.399999999999996E-002   2.28102189781022     
 -7.999999999999996E-002   2.31958762886598     
 -7.599999999999996E-002   2.35750209555742     
 -7.199999999999995E-002   2.39463601532567     
 -6.799999999999995E-002   2.43085566119274     
 -6.399999999999995E-002   2.46602367382727     
 -6.000000000000005E-002   2.50000000000000     
 -5.600000000000005E-002   2.53264295362449     
 -5.200000000000005E-002   2.56381039197812     
 -4.800000000000004E-002   2.59336099585062     
 -4.400000000000004E-002   2.62115563839702     
 -4.000000000000004E-002   2.64705882352941     
 -3.600000000000003E-002   2.67094017094017     
 -3.200000000000003E-002   2.69267592149354     
 -2.800000000000002E-002   2.71215043394407     
 -2.400000000000002E-002   2.72925764192140     
 -2.000000000000002E-002   2.74390243902439     
 -1.600000000000001E-002   2.75600195982362     
 -1.200000000000001E-002   2.76548672566372     
 -8.000000000000007E-003   2.77230162641695     
 -4.000000000000004E-003   2.77640671273445     
  0.000000000000000E+000   2.77777777777778     
  4.000000000000004E-003   2.77640671273445     
  8.000000000000007E-003   2.77230162641695     
  1.200000000000001E-002   2.76548672566372     
  1.600000000000001E-002   2.75600195982362     
  2.000000000000002E-002   2.74390243902439     
  2.400000000000002E-002   2.72925764192140     
  2.800000000000002E-002   2.71215043394407     
  3.200000000000003E-002   2.69267592149354     
  3.600000000000003E-002   2.67094017094017     
  4.000000000000004E-002   2.64705882352941     
  4.400000000000004E-002   2.62115563839702     
  4.800000000000004E-002   2.59336099585062     
  5.200000000000005E-002   2.56381039197812     
  5.600000000000005E-002   2.53264295362449     
  6.000000000000005E-002   2.50000000000000     
  6.400000000000006E-002   2.46602367382727     
  6.800000000000006E-002   2.43085566119274     
  7.200000000000006E-002   2.39463601532567     
  7.600000000000007E-002   2.35750209555742     
  8.000000000000007E-002   2.31958762886598     
  8.400000000000007E-002   2.28102189781022     
  8.800000000000008E-002   2.24192905540056     
  9.200000000000008E-002   2.20242756460454     
  9.600000000000009E-002   2.16262975778547     
  0.100000000000000        2.12264150943396     
  0.104000000000000        2.08256201406886     
  0.108000000000000        2.04248366013072     
  0.112000000000000        2.00249199003204     
  0.116000000000000        1.96266573621772     
  0.120000000000000        1.92307692307692     
  0.124000000000000        1.88379102478232     
  0.128000000000000        1.84486716956379     
  0.132000000000000        1.80635838150289     
  0.136000000000000        1.76831185161899     
  0.140000000000000        1.73076923076923     
  0.144000000000000        1.69376693766938     
  0.148000000000000        1.65733647613436     
  0.152000000000000        1.62150475641395     
  0.156000000000000        1.58629441624366     
  0.160000000000000        1.55172413793104     
  0.164000000000000        1.51780895844576     
  0.168000000000000        1.48456057007126     
  0.172000000000000        1.45198760970573     
  0.176000000000000        1.42009593536986     
  0.180000000000000        1.38888888888889     
  0.184000000000000        1.35836754407148     
  0.188000000000000        1.32853094000945     
  0.192000000000000        1.29937629937630     
  0.196000000000000        1.27089923181202     
  0.200000000000000        1.24309392265193     
  0.204000000000000        1.21595330739300     
  0.208000000000000        1.18946923239586     
  0.212000000000000        1.16363260239967     
  0.216000000000000        1.13843351548270     
  0.220000000000000        1.11386138613861     
  0.224000000000000        1.08990505715947     
  0.228000000000000        1.06655290102389     
  0.232000000000000        1.04379291148636     
  0.236000000000000        1.02161278605158     
  0.240000000000000        1.00000000000000     
  0.244000000000000       0.978941872607031     
  0.248000000000000       0.958425626171409     
  0.252000000000000       0.938438438438439     
  0.256000000000000       0.918967488972390     
  0.260000000000000       0.900000000000000     
  0.264000000000000       0.881523272214387     
  0.268000000000000       0.863524715996316     
  0.272000000000000       0.845991878477967     
  0.276000000000000       0.828912466843502     
  0.280000000000000       0.812274368231047     
  0.284000000000000       0.796065666572318     
  0.288000000000000       0.780274656679151     
  0.292000000000000       0.764889855860756     
  0.296000000000000       0.749900013331556     
  0.300000000000000       0.735294117647059     
  0.304000000000000       0.721061402384310     
  0.308000000000000       0.707191350264018     
  0.312000000000000       0.693673695893452     
  0.316000000000000       0.680498427292524     
  0.320000000000000       0.667655786350148     
  0.324000000000000       0.655136268343815     
  0.328000000000000       0.642930620642359     
  0.332000000000000       0.631029840700022     
  0.336000000000000       0.619425173439048     
  0.340000000000000       0.608108108108108     
  0.344000000000000       0.597070374694831     
  0.348000000000000       0.586303939962476     
  0.352000000000000       0.575801003173303     
  0.356000000000000       0.565553991554394     
  0.360000000000000       0.555555555555555     
  0.364000000000000       0.545798563943334     
  0.368000000000000       0.536276098770140     
  0.372000000000000       0.526981450252951     
  0.376000000000000       0.517908111591935     
  0.380000000000000       0.509049773755656     
  0.384000000000000       0.500400320256205     
  0.388000000000000       0.491953821934581     
  0.392000000000000       0.483704531774014     
  0.396000000000000       0.475646879756469     
  0.400000000000000       0.467775467775468     
  0.404000000000000       0.460085064616392     
  0.408000000000000       0.452570601013758     
  0.412000000000000       0.445227164793415     
  0.416000000000000       0.438049996106222     
  0.420000000000000       0.431034482758621     
  0.424000000000000       0.424176155644371     
  0.428000000000000       0.417470684280837     
  0.432000000000000       0.410913872452334     
  0.436000000000000       0.404501653962319     
  0.440000000000000       0.398230088495575     
  0.444000000000000       0.392095357590966     
  0.448000000000000       0.386093760724827     
  0.452000000000000       0.380221711504664     
  0.456000000000000       0.374475733972439     
  0.460000000000000       0.368852459016394     
  0.464000000000000       0.363348620890123     
  0.468000000000000       0.357961053837343     
  0.472000000000000       0.352686688820616     
  0.476000000000000       0.347522550352156     
  0.480000000000000       0.342465753424658     
  0.484000000000000       0.337513500540022     
  0.488000000000000       0.332663078833757     
  0.492000000000000       0.327911857292760     
  0.496000000000000       0.323257284064134     
  0.500000000000000       0.318696883852691     
  0.504000000000000       0.314228255404726     
  0.508000000000000       0.309849069075686     
  0.512000000000000       0.305557064479331     
  0.516000000000000       0.301350048216008     
  0.520000000000000       0.297225891677675     
  0.524000000000000       0.293182528927343     
  0.528000000000000       0.289217954650625     
  0.532000000000000       0.285330222177133     
  0.536000000000000       0.281517441569491     
  0.540000000000000       0.277777777777778     
  0.544000000000000       0.274109448857268     
  0.548000000000000       0.270510724247379     
  0.552000000000000       0.266979923109782     
  0.556000000000000       0.263515412723695     
  0.560000000000000       0.260115606936416     
  0.564000000000000       0.256778964667214     
  0.568000000000000       0.253503988462752     
  0.572000000000000       0.250289223102251     
  0.576000000000000       0.247133254250692     
  0.580000000000000       0.244034707158351     
  0.584000000000000       0.240992245405081     
  0.588000000000000       0.238004569687738     
  0.592000000000000       0.235070416649254     
  0.596000000000000       0.232188557747874     
  0.600000000000000       0.229357798165138     
  0.604000000000000       0.226576975751228     
  0.608000000000000       0.223844960006367     
  0.612000000000000       0.221160651096957     
  0.616000000000000       0.218522978905248     
  0.620000000000000       0.215930902111324     
  0.624000000000000       0.213383407306248     
  0.628000000000000       0.210879508135263     
  0.632000000000000       0.208418244469969     
  0.636000000000000       0.205998681608438     
  0.640000000000000       0.203619909502262     
  0.644000000000000       0.201281042009590     
  0.648000000000000       0.198981216173193     
  0.652000000000000       0.196719591522697     
  0.656000000000000       0.194495349400090     
  0.660000000000000       0.192307692307692     
  0.664000000000000       0.190155843277780     
  0.668000000000000       0.188039045263088     
  0.672000000000000       0.185956560547456     
  0.676000000000000       0.183907670175897     
  0.680000000000000       0.181891673403395     
  0.684000000000000       0.179907887161773     
  0.688000000000000       0.177955645543991     
  0.692000000000000       0.176034299305251     
  0.696000000000000       0.174143215380329     
  0.700000000000000       0.172281776416539     
  0.704000000000000       0.170449380321808     
  0.708000000000000       0.168645439827307     
  0.712000000000000       0.166869382064137     
  0.716000000000000       0.165120648153584     
  0.720000000000000       0.163398692810457     
  0.724000000000000       0.161702983959064     
  0.728000000000000       0.160033002361376     
  0.732000000000000       0.158388241256969     
  0.736000000000000       0.156768206014325     
  0.740000000000000       0.155172413793103     
  0.744000000000000       0.153600393217007     
  0.748000000000000       0.152051684056874     
  0.752000000000000       0.150525836923653     
  0.756000000000000       0.149022412970911     
  0.760000000000000       0.147540983606557     
  0.764000000000000       0.146081130213473     
  0.768000000000000       0.144642443878732     
  0.772000000000000       0.143224525131130     
  0.776000000000000       0.141826983686745     
  0.780000000000000       0.140449438202247     
  0.784000000000000       0.139091516035706     
  0.788000000000000       0.137752853014645     
  0.792000000000000       0.136433093211089     
  0.796000000000000       0.135131888723394     
  0.800000000000000       0.133848899464604     
  0.804000000000000       0.132583792957149     
  0.808000000000000       0.131336244133648     
  0.812000000000000       0.130105935143637     
  0.816000000000000       0.128892555166014     
  0.820000000000000       0.127695800227015     
  0.824000000000000       0.126515373023549     
  0.828000000000000       0.125350982751705     
  0.832000000000000       0.124202344940272     
  0.836000000000000       0.123069181289109     
  0.840000000000000       0.121951219512195     
  0.844000000000000       0.120848193185236     
  0.848000000000000       0.119759841597649     
  0.852000000000000       0.118685909608811     
  0.856000000000000       0.117626147508417     
  0.860000000000000       0.116580310880829     
  0.864000000000000       0.115548160473285     
  0.868000000000000       0.114529462067842     
  0.872000000000000       0.113523986356940     
  0.876000000000000       0.112531508822470     
  0.880000000000000       0.111551809618245     
  0.884000000000000       0.110584673455746     
  0.888000000000000       0.109629889493071     
  0.892000000000000       0.108687251226958     
  0.896000000000000       0.107756556387809     
  0.900000000000000       0.106837606837607     
  0.904000000000000       0.105930208470650     
  0.908000000000000       0.105034171117003     
  0.912000000000000       0.104149308448592     
  0.916000000000000       0.103275437887857     
  0.920000000000000       0.102412380518889     
  0.924000000000000       0.101559961000975     
  0.928000000000000       0.100718007484467     
  0.932000000000000       9.988635152892708E-002
  0.936000000000000       9.906482802345855E-002
  0.940000000000000       9.825327510917030E-002
  0.944000000000000       9.745153410370574E-002
  0.948000000000000       9.665944942777605E-002
  0.952000000000000       9.587686853363786E-002
  0.956000000000000       9.510364183545801E-002
  0.960000000000000       9.433962264150943E-002
  0.964000000000000       9.358466708814427E-002
  0.968000000000000       9.283863407549224E-002
  0.972000000000000       9.210138520483346E-002
  0.976000000000000       9.137278471759716E-002
  0.980000000000000       9.065269943593875E-002
  0.984000000000000       8.994099870484960E-002
  0.988000000000000       8.923755433575530E-002
  0.992000000000000       8.854224055155911E-002
  0.996000000000000       8.785493393308967E-002
