  -1.00000000000000       8.943895187217484E-002
 -0.996000000000000       9.013477341092396E-002
 -0.992000000000000       9.083865189548351E-002
 -0.988000000000000       9.155071068094925E-002
 -0.984000000000000       9.227107546177934E-002
 -0.980000000000000       9.299987432449418E-002
 -0.976000000000000       9.373723780174525E-002
 -0.972000000000000       9.448329892779332E-002
 -0.968000000000000       9.523819329543713E-002
 -0.964000000000000       9.600205911443552E-002
 -0.960000000000000       9.677503727146708E-002
 -0.956000000000000       9.755727139167296E-002
 -0.952000000000000       9.834890790182974E-002
 -0.948000000000000       9.915009609520127E-002
 -0.944000000000000       9.996098819811947E-002
 -0.940000000000000       0.100781739438346     
 -0.936000000000000       0.101612508115269     
 -0.932000000000000       0.102453455671989     
 -0.928000000000000       0.103304746769353     
 -0.924000000000000       0.104166549361994     
 -0.920000000000000       0.105039034776437     
 -0.916000000000000       0.105922377791341     
 -0.912000000000000       0.106816756719929     
 -0.908000000000000       0.107722353494688     
 -0.904000000000000       0.108639353754400     
 -0.900000000000000       0.109567946933578     
 -0.896000000000000       0.110508326354384     
 -0.892000000000000       0.111460689321102     
 -0.888000000000000       0.112425237217251     
 -0.884000000000000       0.113402175605414     
 -0.880000000000000       0.114391714329881     
 -0.876000000000000       0.115394067622171     
 -0.872000000000000       0.116409454209555     
 -0.868000000000000       0.117438097426646     
 -0.864000000000000       0.118480225330176     
 -0.860000000000000       0.119536070817045     
 -0.856000000000000       0.120605871745760     
 -0.852000000000000       0.121689871061359     
 -0.848000000000000       0.122788316923947     
 -0.844000000000000       0.123901462840947     
 -0.840000000000000       0.125029567803197     
 -0.836000000000000       0.126172896425010     
 -0.832000000000000       0.127331719088332     
 -0.828000000000000       0.128506312091124     
 -0.824000000000000       0.129696957800115     
 -0.820000000000000       0.130903944808066     
 -0.816000000000000       0.132127568095692     
 -0.812000000000000       0.133368129198393     
 -0.808000000000000       0.134625936377966     
 -0.804000000000000       0.135901304799446     
 -0.800000000000000       0.137194556713263     
 -0.796000000000000       0.138506021642876     
 -0.792000000000000       0.139836036578084     
 -0.788000000000000       0.141184946174193     
 -0.784000000000000       0.142553102957245     
 -0.780000000000000       0.143940867535499     
 -0.776000000000000       0.145348608817397     
 -0.772000000000000       0.146776704236214     
 -0.768000000000000       0.148225539981636     
 -0.764000000000000       0.149695511238492     
 -0.760000000000000       0.151187022432885     
 -0.756000000000000       0.152700487485989     
 -0.752000000000000       0.154236330075751     
 -0.748000000000000       0.155794983906799     
 -0.744000000000000       0.157376892988817     
 -0.740000000000000       0.158982511923688     
 -0.736000000000000       0.160612306201719     
 -0.732000000000000       0.162266752507241     
 -0.728000000000000       0.163946339033940     
 -0.724000000000000       0.165651565810233     
 -0.720000000000000       0.167382945035060     
 -0.716000000000000       0.169141001424442     
 -0.712000000000000       0.170926272569197     
 -0.708000000000000       0.172739309304206     
 -0.704000000000000       0.174580676089619     
 -0.700000000000000       0.176450951404454     
 -0.696000000000000       0.178350728153000     
 -0.692000000000000       0.180280614084496     
 -0.688000000000000       0.182241232226554     
 -0.684000000000000       0.184233221332813     
 -0.680000000000000       0.186257236345331     
 -0.676000000000000       0.188313948872254     
 -0.672000000000000       0.190404047681290     
 -0.668000000000000       0.192528239209573     
 -0.664000000000000       0.194687248090486     
 -0.660000000000000       0.196881817698079     
 -0.656000000000000       0.199112710709681     
 -0.652000000000000       0.201380709687392     
 -0.648000000000000       0.203686617679118     
 -0.644000000000000       0.206031258839855     
 -0.640000000000000       0.208415479073959     
 -0.636000000000000       0.210840146699155     
 -0.632000000000000       0.213306153133064     
 -0.628000000000000       0.215814413603074     
 -0.624000000000000       0.218365867880387     
 -0.620000000000000       0.220961481039116     
 -0.616000000000000       0.223602244241336     
 -0.612000000000000       0.226289175549027     
 -0.608000000000000       0.229023320763873     
 -0.604000000000000       0.231805754295925     
 -0.600000000000000       0.234637580062147     
 -0.596000000000000       0.237519932415950     
 -0.592000000000000       0.240453977108781     
 -0.588000000000000       0.243440912284950     
 -0.584000000000000       0.246481969510846     
 -0.580000000000000       0.249578414839798     
 -0.576000000000000       0.252731549913798     
 -0.572000000000000       0.255942713103437     
 -0.568000000000000       0.259213280687350     
 -0.564000000000000       0.262544668072581     
 -0.560000000000000       0.265938331057284     
 -0.556000000000000       0.269395767137211     
 -0.552000000000000       0.272918516857513     
 -0.548000000000000       0.276508165211387     
 -0.544000000000000       0.280166343087160     
 -0.540000000000000       0.283894728765442     
 -0.536000000000000       0.287695049467997     
 -0.532000000000000       0.291569082960072     
 -0.528000000000000       0.295518659207882     
 -0.524000000000000       0.299545662093063     
 -0.520000000000000       0.303652031185884     
 -0.516000000000000       0.307839763579062     
 -0.512000000000000       0.312110915784039     
 -0.508000000000000       0.316467605691627     
 -0.504000000000000       0.320912014598895     
 -0.500000000000000       0.325446389304248     
 -0.496000000000000       0.330073044272608     
 -0.492000000000000       0.334794363872612     
 -0.488000000000000       0.339612804687758     
 -0.484000000000000       0.344530897903390     
 -0.480000000000000       0.349551251771375     
 -0.476000000000000       0.354676554154317     
 -0.472000000000000       0.359909575151065     
 -0.468000000000000       0.365253169805211     
 -0.464000000000000       0.370710280898201     
 -0.460000000000000       0.376283941828537     
 -0.456000000000000       0.381977279578462     
 -0.452000000000000       0.387793517769328     
 -0.448000000000000       0.393735979806665     
 -0.444000000000000       0.399808092115784     
 -0.440000000000000       0.406013387468452     
 -0.436000000000000       0.412355508400907     
 -0.432000000000000       0.418838210723164     
 -0.428000000000000       0.425465367119116     
 -0.424000000000000       0.432240970836585     
 -0.420000000000000       0.439169139465875     
 -0.416000000000000       0.446254118804907     
 -0.412000000000000       0.453500286808289     
 -0.408000000000000       0.460912157617009     
 -0.404000000000000       0.468494385664578     
 -0.400000000000000       0.476251769854550     
 -0.396000000000000       0.484189257803299     
 -0.392000000000000       0.492311950140774     
 -0.388000000000000       0.500625104860664     
 -0.384000000000000       0.509134141709920     
 -0.380000000000000       0.517844646606018     
 -0.376000000000000       0.526762376068473     
 -0.372000000000000       0.535893261649161     
 -0.368000000000000       0.545243414343733     
 -0.364000000000000       0.554819128963958     
 -0.360000000000000       0.564626888448039     
 -0.356000000000000       0.574673368082952     
 -0.352000000000000       0.584965439609433     
 -0.348000000000000       0.595510175176561     
 -0.344000000000000       0.606314851108737     
 -0.340000000000000       0.617386951443351     
 -0.336000000000000       0.628734171192420     
 -0.332000000000000       0.640364419276007     
 -0.328000000000000       0.652285821069185     
 -0.324000000000000       0.664506720497698     
 -0.320000000000000       0.677035681610247     
 -0.316000000000000       0.689881489547363     
 -0.312000000000000       0.703053150818202     
 -0.308000000000000       0.716559892787146     
 -0.304000000000000       0.730411162261826     
 -0.300000000000000       0.744616623062990     
 -0.296000000000000       0.759186152444579     
 -0.292000000000000       0.774129836219233     
 -0.288000000000000       0.789457962430335     
 -0.284000000000000       0.805181013396471     
 -0.280000000000000       0.821309655937847     
 -0.276000000000000       0.837854729576724     
 -0.272000000000000       0.854827232485283     
 -0.268000000000000       0.872238304934511     
 -0.264000000000000       0.890099209976809     
 -0.260000000000000       0.908421311072919     
 -0.256000000000000       0.927216046350778     
 -0.252000000000000       0.946494899159922     
 -0.248000000000000       0.966269364560373     
 -0.244000000000000       0.986550911359734     
 -0.240000000000000        1.00735093928669     
 -0.236000000000000        1.02868073086376     
 -0.232000000000000        1.05055139751729     
 -0.228000000000000        1.07297381943881     
 -0.224000000000000        1.09595857868983     
 -0.220000000000000        1.11951588502269     
 -0.216000000000000        1.14365549387372     
 -0.212000000000000        1.16838661597342     
 -0.208000000000000        1.19371781801288     
 -0.204000000000000        1.21965691380652     
 -0.200000000000000        1.24621084540249     
 -0.196000000000000        1.27338555361297     
 -0.192000000000000        1.30118583747134     
 -0.188000000000000        1.32961520217338     
 -0.184000000000000        1.35867569512786     
 -0.180000000000000        1.38836772983114     
 -0.176000000000000        1.41868989739421     
 -0.172000000000000        1.44963876569136     
 -0.168000000000000        1.48120866627168     
 -0.164000000000000        1.51339146938041     
 -0.160000000000000        1.54617634768074     
 -0.156000000000000        1.57954952955038     
 -0.152000000000000        1.61349404315442     
 -0.148000000000000        1.64798945286750     
 -0.144000000000000        1.68301159003657     
 -0.140000000000000        1.71853228053878     
 -0.136000000000000        1.75451907209651     
 -0.132000000000000        1.79093496485895     
 -0.128000000000000        1.82773814934103     
 -0.124000000000000        1.86488175641620     
 -0.120000000000000        1.90231362467866     
 -0.116000000000000        1.93997609110547     
 -0.112000000000000        1.97780581154183     
 -0.108000000000000        2.01573361807841     
 -0.104000000000000        2.05368442086099     
 -0.100000000000000        2.09157716223855     
 -9.599999999999997E-002   2.12932483138049     
 -9.199999999999997E-002   2.16683454754152     
 -8.799999999999997E-002   2.20400771998380     
 -8.399999999999996E-002   2.24074029214409     
 -7.999999999999996E-002   2.27692307692308     
 -7.599999999999996E-002   2.31244218894528     
 -7.199999999999995E-002   2.34717957826892     
 -6.799999999999995E-002   2.38101366830549     
 -6.399999999999995E-002   2.41382009864043     
 -6.000000000000005E-002   2.44547257105089     
 -5.600000000000005E-002   2.47584379433099     
 -5.200000000000005E-002   2.50480652062065     
 -4.800000000000004E-002   2.53223466287060     
 -4.400000000000004E-002   2.55800447996460     
 -4.000000000000004E-002   2.58199581297976     
 -3.600000000000003E-002   2.60409335322767     
 -3.200000000000003E-002   2.62418792022469     
 -2.800000000000002E-002   2.64217772572767     
 -2.400000000000002E-002   2.65796959857475     
 -2.000000000000002E-002   2.67148014440433     
 -1.600000000000001E-002   2.68263681447754     
 -1.200000000000001E-002   2.69137885885536     
 -8.000000000000007E-003   2.69765814109481     
 -4.000000000000004E-003   2.70143979439853     
  0.000000000000000E+000   2.70270270270270     
  4.000000000000004E-003   2.70143979439853     
  8.000000000000007E-003   2.69765814109481     
  1.200000000000001E-002   2.69137885885536     
  1.600000000000001E-002   2.68263681447754     
  2.000000000000002E-002   2.67148014440433     
  2.400000000000002E-002   2.65796959857475     
  2.800000000000002E-002   2.64217772572767     
  3.200000000000003E-002   2.62418792022469     
  3.600000000000003E-002   2.60409335322767     
  4.000000000000004E-002   2.58199581297976     
  4.400000000000004E-002   2.55800447996460     
  4.800000000000004E-002   2.53223466287060     
  5.200000000000005E-002   2.50480652062065     
  5.600000000000005E-002   2.47584379433099     
  6.000000000000005E-002   2.44547257105089     
  6.400000000000006E-002   2.41382009864043     
  6.800000000000006E-002   2.38101366830549     
  7.200000000000006E-002   2.34717957826892     
  7.600000000000007E-002   2.31244218894528     
  8.000000000000007E-002   2.27692307692308     
  8.400000000000007E-002   2.24074029214409     
  8.800000000000008E-002   2.20400771998380     
  9.200000000000008E-002   2.16683454754152     
  9.600000000000009E-002   2.12932483138049     
  0.100000000000000        2.09157716223855     
  0.104000000000000        2.05368442086099     
  0.108000000000000        2.01573361807841     
  0.112000000000000        1.97780581154183     
  0.116000000000000        1.93997609110547     
  0.120000000000000        1.90231362467866     
  0.124000000000000        1.86488175641620     
  0.128000000000000        1.82773814934103     
  0.132000000000000        1.79093496485895     
  0.136000000000000        1.75451907209651     
  0.140000000000000        1.71853228053878     
  0.144000000000000        1.68301159003657     
  0.148000000000000        1.64798945286750     
  0.152000000000000        1.61349404315443     
  0.156000000000000        1.57954952955038     
  0.160000000000000        1.54617634768074     
  0.164000000000000        1.51339146938041     
  0.168000000000000        1.48120866627168     
  0.172000000000000        1.44963876569136     
  0.176000000000000        1.41868989739421     
  0.180000000000000        1.38836772983115     
  0.184000000000000        1.35867569512786     
  0.188000000000000        1.32961520217338     
  0.192000000000000        1.30118583747134     
  0.196000000000000        1.27338555361297     
  0.200000000000000        1.24621084540249     
  0.204000000000000        1.21965691380652     
  0.208000000000000        1.19371781801288     
  0.212000000000000        1.16838661597342     
  0.216000000000000        1.14365549387372     
  0.220000000000000        1.11951588502269     
  0.224000000000000        1.09595857868983     
  0.228000000000000        1.07297381943881     
  0.232000000000000        1.05055139751729     
  0.236000000000000        1.02868073086376     
  0.240000000000000        1.00735093928669     
  0.244000000000000       0.986550911359734     
  0.248000000000000       0.966269364560374     
  0.252000000000000       0.946494899159922     
  0.256000000000000       0.927216046350779     
  0.260000000000000       0.908421311072919     
  0.264000000000000       0.890099209976809     
  0.268000000000000       0.872238304934512     
  0.272000000000000       0.854827232485283     
  0.276000000000000       0.837854729576725     
  0.280000000000000       0.821309655937847     
  0.284000000000000       0.805181013396471     
  0.288000000000000       0.789457962430336     
  0.292000000000000       0.774129836219234     
  0.296000000000000       0.759186152444579     
  0.300000000000000       0.744616623062991     
  0.304000000000000       0.730411162261827     
  0.308000000000000       0.716559892787147     
  0.312000000000000       0.703053150818202     
  0.316000000000000       0.689881489547363     
  0.320000000000000       0.677035681610247     
  0.324000000000000       0.664506720497698     
  0.328000000000000       0.652285821069185     
  0.332000000000000       0.640364419276007     
  0.336000000000000       0.628734171192420     
  0.340000000000000       0.617386951443351     
  0.344000000000000       0.606314851108737     
  0.348000000000000       0.595510175176561     
  0.352000000000000       0.584965439609433     
  0.356000000000000       0.574673368082952     
  0.360000000000000       0.564626888448039     
  0.364000000000000       0.554819128963958     
  0.368000000000000       0.545243414343733     
  0.372000000000000       0.535893261649161     
  0.376000000000000       0.526762376068474     
  0.380000000000000       0.517844646606019     
  0.384000000000000       0.509134141709920     
  0.388000000000000       0.500625104860664     
  0.392000000000000       0.492311950140775     
  0.396000000000000       0.484189257803299     
  0.400000000000000       0.476251769854550     
  0.404000000000000       0.468494385664579     
  0.408000000000000       0.460912157617010     
  0.412000000000000       0.453500286808290     
  0.416000000000000       0.446254118804908     
  0.420000000000000       0.439169139465876     
  0.424000000000000       0.432240970836585     
  0.428000000000000       0.425465367119117     
  0.432000000000000       0.418838210723164     
  0.436000000000000       0.412355508400908     
  0.440000000000000       0.406013387468452     
  0.444000000000000       0.399808092115785     
  0.448000000000000       0.393735979806665     
  0.452000000000000       0.387793517769328     
  0.456000000000000       0.381977279578462     
  0.460000000000000       0.376283941828537     
  0.464000000000000       0.370710280898201     
  0.468000000000000       0.365253169805212     
  0.472000000000000       0.359909575151065     
  0.476000000000000       0.354676554154317     
  0.480000000000000       0.349551251771375     
  0.484000000000000       0.344530897903390     
  0.488000000000000       0.339612804687758     
  0.492000000000000       0.334794363872612     
  0.496000000000000       0.330073044272608     
  0.500000000000000       0.325446389304248     
  0.504000000000000       0.320912014598895     
  0.508000000000000       0.316467605691627     
  0.512000000000000       0.312110915784039     
  0.516000000000000       0.307839763579062     
  0.520000000000000       0.303652031185884     
  0.524000000000000       0.299545662093063     
  0.528000000000000       0.295518659207882     
  0.532000000000000       0.291569082960072     
  0.536000000000000       0.287695049467997     
  0.540000000000000       0.283894728765442     
  0.544000000000000       0.280166343087160     
  0.548000000000000       0.276508165211387     
  0.552000000000000       0.272918516857513     
  0.556000000000000       0.269395767137211     
  0.560000000000000       0.265938331057284     
  0.564000000000000       0.262544668072581     
  0.568000000000000       0.259213280687350     
  0.572000000000000       0.255942713103437     
  0.576000000000000       0.252731549913798     
  0.580000000000000       0.249578414839798     
  0.584000000000000       0.246481969510846     
  0.588000000000000       0.243440912284949     
  0.592000000000000       0.240453977108781     
  0.596000000000000       0.237519932415950     
  0.600000000000000       0.234637580062147     
  0.604000000000000       0.231805754295924     
  0.608000000000000       0.229023320763873     
  0.612000000000000       0.226289175549026     
  0.616000000000000       0.223602244241336     
  0.620000000000000       0.220961481039116     
  0.624000000000000       0.218365867880387     
  0.628000000000000       0.215814413603074     
  0.632000000000000       0.213306153133064     
  0.636000000000000       0.210840146699155     
  0.640000000000000       0.208415479073959     
  0.644000000000000       0.206031258839855     
  0.648000000000000       0.203686617679118     
  0.652000000000000       0.201380709687392     
  0.656000000000000       0.199112710709681     
  0.660000000000000       0.196881817698079     
  0.664000000000000       0.194687248090486     
  0.668000000000000       0.192528239209573     
  0.672000000000000       0.190404047681290     
  0.676000000000000       0.188313948872254     
  0.680000000000000       0.186257236345331     
  0.684000000000000       0.184233221332813     
  0.688000000000000       0.182241232226554     
  0.692000000000000       0.180280614084496     
  0.696000000000000       0.178350728153000     
  0.700000000000000       0.176450951404454     
  0.704000000000000       0.174580676089619     
  0.708000000000000       0.172739309304206     
  0.712000000000000       0.170926272569197     
  0.716000000000000       0.169141001424441     
  0.720000000000000       0.167382945035060     
  0.724000000000000       0.165651565810233     
  0.728000000000000       0.163946339033940     
  0.732000000000000       0.162266752507241     
  0.736000000000000       0.160612306201719     
  0.740000000000000       0.158982511923688     
  0.744000000000000       0.157376892988817     
  0.748000000000000       0.155794983906799     
  0.752000000000000       0.154236330075751     
  0.756000000000000       0.152700487485989     
  0.760000000000000       0.151187022432885     
  0.764000000000000       0.149695511238492     
  0.768000000000000       0.148225539981636     
  0.772000000000000       0.146776704236214     
  0.776000000000000       0.145348608817397     
  0.780000000000000       0.143940867535499     
  0.784000000000000       0.142553102957245     
  0.788000000000000       0.141184946174193     
  0.792000000000000       0.139836036578084     
  0.796000000000000       0.138506021642876     
  0.800000000000000       0.137194556713263     
  0.804000000000000       0.135901304799446     
  0.808000000000000       0.134625936377966     
  0.812000000000000       0.133368129198393     
  0.816000000000000       0.132127568095692     
  0.820000000000000       0.130903944808066     
  0.824000000000000       0.129696957800115     
  0.828000000000000       0.128506312091124     
  0.832000000000000       0.127331719088332     
  0.836000000000000       0.126172896425010     
  0.840000000000000       0.125029567803197     
  0.844000000000000       0.123901462840947     
  0.848000000000000       0.122788316923947     
  0.852000000000000       0.121689871061359     
  0.856000000000000       0.120605871745760     
  0.860000000000000       0.119536070817045     
  0.864000000000000       0.118480225330176     
  0.868000000000000       0.117438097426646     
  0.872000000000000       0.116409454209555     
  0.876000000000000       0.115394067622171     
  0.880000000000000       0.114391714329881     
  0.884000000000000       0.113402175605414     
  0.888000000000000       0.112425237217251     
  0.892000000000000       0.111460689321102     
  0.896000000000000       0.110508326354384     
  0.900000000000000       0.109567946933578     
  0.904000000000000       0.108639353754400     
  0.908000000000000       0.107722353494688     
  0.912000000000000       0.106816756719929     
  0.916000000000000       0.105922377791341     
  0.920000000000000       0.105039034776437     
  0.924000000000000       0.104166549361994     
  0.928000000000000       0.103304746769353     
  0.932000000000000       0.102453455671989     
  0.936000000000000       0.101612508115269     
  0.940000000000000       0.100781739438346     
  0.944000000000000       9.996098819811944E-002
  0.948000000000000       9.915009609520124E-002
  0.952000000000000       9.834890790182971E-002
  0.956000000000000       9.755727139167293E-002
  0.960000000000000       9.677503727146705E-002
  0.964000000000000       9.600205911443549E-002
  0.968000000000000       9.523819329543710E-002
  0.972000000000000       9.448329892779329E-002
  0.976000000000000       9.373723780174523E-002
  0.980000000000000       9.299987432449415E-002
  0.984000000000000       9.227107546177932E-002
  0.988000000000000       9.155071068094922E-002
  0.992000000000000       9.083865189548349E-002
  0.996000000000000       9.013477341092394E-002
