  -1.00000000000000       9.168999131357979E-002
 -0.996000000000000       9.240202467425856E-002
 -0.992000000000000       9.312228229970869E-002
 -0.988000000000000       9.385088970643443E-002
 -0.984000000000000       9.458797478185028E-002
 -0.980000000000000       9.533366783743102E-002
 -0.976000000000000       9.608810166323449E-002
 -0.972000000000000       9.685141158383664E-002
 -0.968000000000000       9.762373551572052E-002
 -0.964000000000000       9.840521402616130E-002
 -0.960000000000000       9.919599039365148E-002
 -0.956000000000000       9.999621066991148E-002
 -0.952000000000000       0.100806023743533     
 -0.948000000000000       0.101625581405300     
 -0.944000000000000       0.102455038415247     
 -0.940000000000000       0.103294552571491     
 -0.936000000000000       0.104144284780902     
 -0.932000000000000       0.105004399131669     
 -0.928000000000000       0.105875062967801     
 -0.924000000000000       0.106756446965645     
 -0.920000000000000       0.107648725212465     
 -0.916000000000000       0.108552075287149     
 -0.912000000000000       0.109466678343112     
 -0.908000000000000       0.110392719193459     
 -0.904000000000000       0.111330386398474     
 -0.900000000000000       0.112279872355514     
 -0.896000000000000       0.113241373391377     
 -0.892000000000000       0.114215089857219     
 -0.888000000000000       0.115201226226105     
 -0.884000000000000       0.116199991193264     
 -0.880000000000000       0.117211597779149     
 -0.876000000000000       0.118236263435373     
 -0.872000000000000       0.119274210153625     
 -0.868000000000000       0.120325664577644     
 -0.864000000000000       0.121390858118365     
 -0.860000000000000       0.122470027072322     
 -0.856000000000000       0.123563412743420     
 -0.852000000000000       0.124671261568181     
 -0.848000000000000       0.125793825244570     
 -0.844000000000000       0.126931360864523     
 -0.840000000000000       0.128084131050290     
 -0.836000000000000       0.129252404094716     
 -0.832000000000000       0.130436454105590     
 -0.828000000000000       0.131636561154189     
 -0.824000000000000       0.132853011428156     
 -0.820000000000000       0.134086097388850     
 -0.816000000000000       0.135336117933318     
 -0.812000000000000       0.136603378561034     
 -0.808000000000000       0.137888191545567     
 -0.804000000000000       0.139190876111329     
 -0.800000000000000       0.140511758615589     
 -0.796000000000000       0.141851172735906     
 -0.792000000000000       0.143209459663171     
 -0.788000000000000       0.144586968300449     
 -0.784000000000000       0.145984055467794     
 -0.780000000000000       0.147401086113266     
 -0.776000000000000       0.148838433530322     
 -0.772000000000000       0.150296479581828     
 -0.768000000000000       0.151775614930886     
 -0.764000000000000       0.153276239278730     
 -0.760000000000000       0.154798761609907     
 -0.756000000000000       0.156343600445003     
 -0.752000000000000       0.157911184101170     
 -0.748000000000000       0.159501950960705     
 -0.744000000000000       0.161116349747980     
 -0.740000000000000       0.162754839814973     
 -0.736000000000000       0.164417891435732     
 -0.732000000000000       0.166105986110043     
 -0.728000000000000       0.167819616876647     
 -0.724000000000000       0.169559288636315     
 -0.720000000000000       0.171325518485122     
 -0.716000000000000       0.173118836058285     
 -0.712000000000000       0.174939783884915     
 -0.708000000000000       0.176788917754074     
 -0.704000000000000       0.178666807092508     
 -0.700000000000000       0.180574035354495     
 -0.696000000000000       0.182511200424194     
 -0.692000000000000       0.184478915030954     
 -0.688000000000000       0.186477807178022     
 -0.684000000000000       0.188508520585131     
 -0.680000000000000       0.190571715145436     
 -0.676000000000000       0.192668067397318     
 -0.672000000000000       0.194798271011557     
 -0.668000000000000       0.196963037294433     
 -0.664000000000000       0.199163095707302     
 -0.660000000000000       0.201399194403222     
 -0.656000000000000       0.203672100781243     
 -0.652000000000000       0.205982602058959     
 -0.648000000000000       0.208331505863984     
 -0.644000000000000       0.210719640845008     
 -0.640000000000000       0.213147857303119     
 -0.636000000000000       0.215617027844102     
 -0.632000000000000       0.218128048052461     
 -0.628000000000000       0.220681837187909     
 -0.624000000000000       0.223279338905132     
 -0.620000000000000       0.225921521997622     
 -0.616000000000000       0.228609381166437     
 -0.612000000000000       0.231343937814750     
 -0.608000000000000       0.234126240869077     
 -0.604000000000000       0.236957367628132     
 -0.600000000000000       0.239838424640242     
 -0.596000000000000       0.242770548610330     
 -0.592000000000000       0.245754907337465     
 -0.588000000000000       0.248792700684049     
 -0.584000000000000       0.251885161577703     
 -0.580000000000000       0.255033557046980     
 -0.576000000000000       0.258239189292044     
 -0.572000000000000       0.261503396791491     
 -0.568000000000000       0.264827555446527     
 -0.564000000000000       0.268213079763747     
 -0.560000000000000       0.271661424077781     
 -0.556000000000000       0.275174083815129     
 -0.552000000000000       0.278752596800507     
 -0.548000000000000       0.282398544607080     
 -0.544000000000000       0.286113553951981     
 -0.540000000000000       0.289899298138541     
 -0.536000000000000       0.293757498546673     
 -0.532000000000000       0.297689926172898     
 -0.528000000000000       0.301698403221504     
 -0.524000000000000       0.305784804748355     
 -0.520000000000000       0.309951060358891     
 -0.516000000000000       0.314199155961846     
 -0.512000000000000       0.318531135580263     
 -0.508000000000000       0.322949103221332     
 -0.504000000000000       0.327455224806629     
 -0.500000000000000       0.332051730164278     
 -0.496000000000000       0.336740915084575     
 -0.492000000000000       0.341525143440560     
 -0.488000000000000       0.346406849375009     
 -0.484000000000000       0.351388539555253     
 -0.480000000000000       0.356472795497186     
 -0.476000000000000       0.361662275959737     
 -0.472000000000000       0.366959719411010     
 -0.468000000000000       0.372367946567159     
 -0.464000000000000       0.377889863004980     
 -0.460000000000000       0.383528461849011     
 -0.456000000000000       0.389286826533790     
 -0.452000000000000       0.395168133641703     
 -0.448000000000000       0.401175655816625     
 -0.444000000000000       0.407312764753297     
 -0.440000000000000       0.413582934262081     
 -0.436000000000000       0.419989743408371     
 -0.432000000000000       0.426536879725579     
 -0.428000000000000       0.433228142500137     
 -0.424000000000000       0.440067446126480     
 -0.420000000000000       0.447058823529412     
 -0.416000000000000       0.454206429650596     
 -0.412000000000000       0.461514544995239     
 -0.408000000000000       0.468987579234217     
 -0.404000000000000       0.476630074856007     
 -0.400000000000000       0.484446710861805     
 -0.396000000000000       0.492442306496091     
 -0.392000000000000       0.500621825003689     
 -0.388000000000000       0.508990377402970     
 -0.384000000000000       0.517553226263375     
 -0.380000000000000       0.526315789473684     
 -0.376000000000000       0.535283643985666     
 -0.372000000000000       0.544462529515600     
 -0.368000000000000       0.553858352183951     
 -0.364000000000000       0.563477188070891     
 -0.360000000000000       0.573325286662643     
 -0.356000000000000       0.583409074160505     
 -0.352000000000000       0.593735156621084     
 -0.348000000000000       0.604310322892547     
 -0.344000000000000       0.615141547307622     
 -0.340000000000000       0.626235992089651     
 -0.336000000000000       0.637601009423072     
 -0.332000000000000       0.649244143134414     
 -0.328000000000000       0.661173129924000     
 -0.324000000000000       0.673395900082225     
 -0.320000000000000       0.685920577617328     
 -0.316000000000000       0.698755479714025     
 -0.312000000000000       0.711909115434189     
 -0.308000000000000       0.725390183561895     
 -0.304000000000000       0.739207569485511     
 -0.300000000000000       0.753370340999207     
 -0.296000000000000       0.767887742895017     
 -0.292000000000000       0.782769190204673     
 -0.288000000000000       0.798024259937502     
 -0.284000000000000       0.813662681147007     
 -0.280000000000000       0.829694323144105     
 -0.276000000000000       0.846129181659482     
 -0.272000000000000       0.862977362741179     
 -0.268000000000000       0.880249064156258     
 -0.264000000000000       0.897954554047412     
 -0.260000000000000       0.916104146576663     
 -0.256000000000000       0.934708174268960     
 -0.252000000000000       0.953776956748725     
 -0.248000000000000       0.973320765542396     
 -0.244000000000000       0.993349784599941     
 -0.240000000000000        1.01387406616862     
 -0.236000000000000        1.03490348163319     
 -0.232000000000000        1.05644766691873     
 -0.228000000000000        1.07851596203624     
 -0.224000000000000        1.10111734433678     
 -0.220000000000000        1.12426035502959     
 -0.216000000000000        1.14795301851225     
 -0.212000000000000        1.17220275405952     
 -0.208000000000000        1.19701627942140     
 -0.204000000000000        1.22239950589325     
 -0.200000000000000        1.24835742444152     
 -0.196000000000000        1.27489398250040     
 -0.192000000000000        1.30201195109917     
 -0.188000000000000        1.32971278203908     
 -0.184000000000000        1.35799645491452     
 -0.180000000000000        1.38686131386861     
 -0.176000000000000        1.41630389409029     
 -0.172000000000000        1.44631873820108     
 -0.168000000000000        1.47689820284808     
 -0.164000000000000        1.50803225601625     
 -0.160000000000000        1.53970826580227     
 -0.156000000000000        1.57191078165332     
 -0.152000000000000        1.60462130937099     
 -0.148000000000000        1.63781808151162     
 -0.144000000000000        1.67147582518122     
 -0.140000000000000        1.70556552962298     
 -0.136000000000000        1.74005421642611     
 -0.132000000000000        1.77490471564158     
 -0.128000000000000        1.81007545156619     
 -0.124000000000000        1.84552024244308     
 -0.120000000000000        1.88118811881188     
 -0.116000000000000        1.91702316571152     
 -0.112000000000000        1.95296439437546     
 -0.108000000000000        1.98894564944310     
 -0.104000000000000        2.02489555801859     
 -0.100000000000000        2.06073752711497     
 -9.599999999999997E-002   2.09638979609851     
 -9.199999999999997E-002   2.13176555066870     
 -8.799999999999997E-002   2.16677310464374     
 -8.399999999999996E-002   2.20131615534341     
 -7.999999999999996E-002   2.23529411764706     
 -7.599999999999996E-002   2.26860254083485     
 -7.199999999999995E-002   2.30113361108420     
 -6.799999999999995E-002   2.33277674098812     
 -6.399999999999995E-002   2.36341924569609     
 -6.000000000000005E-002   2.39294710327456     
 -5.600000000000005E-002   2.42124579467836     
 -5.200000000000005E-002   2.44820121636945     
 -4.800000000000004E-002   2.47370065618165     
 -4.400000000000004E-002   2.49763382059102     
 -4.000000000000004E-002   2.51989389920424     
 -3.600000000000003E-002   2.54037865012301     
 -3.200000000000003E-002   2.55899148798621     
 -2.800000000000002E-002   2.57564255503741     
 -2.400000000000002E-002   2.59024975460792     
 -2.000000000000002E-002   2.60273972602740     
 -1.600000000000001E-002   2.61304874023545     
 -1.200000000000001E-002   2.62112349630284     
 -8.000000000000007E-003   2.62692180068576     
 -4.000000000000004E-003   2.63041311330158     
  0.000000000000000E+000   2.63157894736842     
  4.000000000000004E-003   2.63041311330158     
  8.000000000000007E-003   2.62692180068576     
  1.200000000000001E-002   2.62112349630284     
  1.600000000000001E-002   2.61304874023545     
  2.000000000000002E-002   2.60273972602740     
  2.400000000000002E-002   2.59024975460792     
  2.800000000000002E-002   2.57564255503741     
  3.200000000000003E-002   2.55899148798621     
  3.600000000000003E-002   2.54037865012301     
  4.000000000000004E-002   2.51989389920424     
  4.400000000000004E-002   2.49763382059102     
  4.800000000000004E-002   2.47370065618165     
  5.200000000000005E-002   2.44820121636945     
  5.600000000000005E-002   2.42124579467836     
  6.000000000000005E-002   2.39294710327456     
  6.400000000000006E-002   2.36341924569609     
  6.800000000000006E-002   2.33277674098811     
  7.200000000000006E-002   2.30113361108420     
  7.600000000000007E-002   2.26860254083485     
  8.000000000000007E-002   2.23529411764706     
  8.400000000000007E-002   2.20131615534341     
  8.800000000000008E-002   2.16677310464374     
  9.200000000000008E-002   2.13176555066870     
  9.600000000000009E-002   2.09638979609851     
  0.100000000000000        2.06073752711497     
  0.104000000000000        2.02489555801859     
  0.108000000000000        1.98894564944309     
  0.112000000000000        1.95296439437546     
  0.116000000000000        1.91702316571152     
  0.120000000000000        1.88118811881188     
  0.124000000000000        1.84552024244308     
  0.128000000000000        1.81007545156619     
  0.132000000000000        1.77490471564158     
  0.136000000000000        1.74005421642611     
  0.140000000000000        1.70556552962298     
  0.144000000000000        1.67147582518122     
  0.148000000000000        1.63781808151162     
  0.152000000000000        1.60462130937099     
  0.156000000000000        1.57191078165332     
  0.160000000000000        1.53970826580227     
  0.164000000000000        1.50803225601626     
  0.168000000000000        1.47689820284808     
  0.172000000000000        1.44631873820108     
  0.176000000000000        1.41630389409029     
  0.180000000000000        1.38686131386861     
  0.184000000000000        1.35799645491452     
  0.188000000000000        1.32971278203908     
  0.192000000000000        1.30201195109917     
  0.196000000000000        1.27489398250040     
  0.200000000000000        1.24835742444152     
  0.204000000000000        1.22239950589325     
  0.208000000000000        1.19701627942140     
  0.212000000000000        1.17220275405952     
  0.216000000000000        1.14795301851225     
  0.220000000000000        1.12426035502959     
  0.224000000000000        1.10111734433678     
  0.228000000000000        1.07851596203624     
  0.232000000000000        1.05644766691873     
  0.236000000000000        1.03490348163319     
  0.240000000000000        1.01387406616862     
  0.244000000000000       0.993349784599942     
  0.248000000000000       0.973320765542396     
  0.252000000000000       0.953776956748725     
  0.256000000000000       0.934708174268960     
  0.260000000000000       0.916104146576664     
  0.264000000000000       0.897954554047412     
  0.268000000000000       0.880249064156258     
  0.272000000000000       0.862977362741180     
  0.276000000000000       0.846129181659482     
  0.280000000000000       0.829694323144105     
  0.284000000000000       0.813662681147008     
  0.288000000000000       0.798024259937502     
  0.292000000000000       0.782769190204674     
  0.296000000000000       0.767887742895018     
  0.300000000000000       0.753370340999207     
  0.304000000000000       0.739207569485512     
  0.308000000000000       0.725390183561895     
  0.312000000000000       0.711909115434190     
  0.316000000000000       0.698755479714025     
  0.320000000000000       0.685920577617328     
  0.324000000000000       0.673395900082225     
  0.328000000000000       0.661173129924000     
  0.332000000000000       0.649244143134414     
  0.336000000000000       0.637601009423072     
  0.340000000000000       0.626235992089651     
  0.344000000000000       0.615141547307622     
  0.348000000000000       0.604310322892547     
  0.352000000000000       0.593735156621084     
  0.356000000000000       0.583409074160505     
  0.360000000000000       0.573325286662643     
  0.364000000000000       0.563477188070891     
  0.368000000000000       0.553858352183951     
  0.372000000000000       0.544462529515600     
  0.376000000000000       0.535283643985666     
  0.380000000000000       0.526315789473685     
  0.384000000000000       0.517553226263375     
  0.388000000000000       0.508990377402971     
  0.392000000000000       0.500621825003689     
  0.396000000000000       0.492442306496092     
  0.400000000000000       0.484446710861805     
  0.404000000000000       0.476630074856008     
  0.408000000000000       0.468987579234218     
  0.412000000000000       0.461514544995239     
  0.416000000000000       0.454206429650596     
  0.420000000000000       0.447058823529412     
  0.424000000000000       0.440067446126480     
  0.428000000000000       0.433228142500137     
  0.432000000000000       0.426536879725580     
  0.436000000000000       0.419989743408372     
  0.440000000000000       0.413582934262081     
  0.444000000000000       0.407312764753297     
  0.448000000000000       0.401175655816625     
  0.452000000000000       0.395168133641703     
  0.456000000000000       0.389286826533790     
  0.460000000000000       0.383528461849011     
  0.464000000000000       0.377889863004980     
  0.468000000000000       0.372367946567160     
  0.472000000000000       0.366959719411010     
  0.476000000000000       0.361662275959738     
  0.480000000000000       0.356472795497186     
  0.484000000000000       0.351388539555253     
  0.488000000000000       0.346406849375009     
  0.492000000000000       0.341525143440560     
  0.496000000000000       0.336740915084575     
  0.500000000000000       0.332051730164278     
  0.504000000000000       0.327455224806629     
  0.508000000000000       0.322949103221332     
  0.512000000000000       0.318531135580263     
  0.516000000000000       0.314199155961846     
  0.520000000000000       0.309951060358891     
  0.524000000000000       0.305784804748355     
  0.528000000000000       0.301698403221504     
  0.532000000000000       0.297689926172898     
  0.536000000000000       0.293757498546673     
  0.540000000000000       0.289899298138541     
  0.544000000000000       0.286113553951981     
  0.548000000000000       0.282398544607080     
  0.552000000000000       0.278752596800507     
  0.556000000000000       0.275174083815129     
  0.560000000000000       0.271661424077781     
  0.564000000000000       0.268213079763747     
  0.568000000000000       0.264827555446527     
  0.572000000000000       0.261503396791491     
  0.576000000000000       0.258239189292044     
  0.580000000000000       0.255033557046980     
  0.584000000000000       0.251885161577703     
  0.588000000000000       0.248792700684049     
  0.592000000000000       0.245754907337465     
  0.596000000000000       0.242770548610330     
  0.600000000000000       0.239838424640242     
  0.604000000000000       0.236957367628131     
  0.608000000000000       0.234126240869077     
  0.612000000000000       0.231343937814749     
  0.616000000000000       0.228609381166437     
  0.620000000000000       0.225921521997622     
  0.624000000000000       0.223279338905132     
  0.628000000000000       0.220681837187909     
  0.632000000000000       0.218128048052461     
  0.636000000000000       0.215617027844102     
  0.640000000000000       0.213147857303119     
  0.644000000000000       0.210719640845008     
  0.648000000000000       0.208331505863984     
  0.652000000000000       0.205982602058959     
  0.656000000000000       0.203672100781243     
  0.660000000000000       0.201399194403222     
  0.664000000000000       0.199163095707302     
  0.668000000000000       0.196963037294433     
  0.672000000000000       0.194798271011557     
  0.676000000000000       0.192668067397318     
  0.680000000000000       0.190571715145436     
  0.684000000000000       0.188508520585130     
  0.688000000000000       0.186477807178022     
  0.692000000000000       0.184478915030954     
  0.696000000000000       0.182511200424194     
  0.700000000000000       0.180574035354495     
  0.704000000000000       0.178666807092508     
  0.708000000000000       0.176788917754074     
  0.712000000000000       0.174939783884915     
  0.716000000000000       0.173118836058285     
  0.720000000000000       0.171325518485122     
  0.724000000000000       0.169559288636315     
  0.728000000000000       0.167819616876647     
  0.732000000000000       0.166105986110043     
  0.736000000000000       0.164417891435732     
  0.740000000000000       0.162754839814973     
  0.744000000000000       0.161116349747980     
  0.748000000000000       0.159501950960705     
  0.752000000000000       0.157911184101169     
  0.756000000000000       0.156343600445003     
  0.760000000000000       0.154798761609907     
  0.764000000000000       0.153276239278730     
  0.768000000000000       0.151775614930886     
  0.772000000000000       0.150296479581828     
  0.776000000000000       0.148838433530322     
  0.780000000000000       0.147401086113266     
  0.784000000000000       0.145984055467794     
  0.788000000000000       0.144586968300449     
  0.792000000000000       0.143209459663171     
  0.796000000000000       0.141851172735906     
  0.800000000000000       0.140511758615589     
  0.804000000000000       0.139190876111329     
  0.808000000000000       0.137888191545567     
  0.812000000000000       0.136603378561034     
  0.816000000000000       0.135336117933318     
  0.820000000000000       0.134086097388850     
  0.824000000000000       0.132853011428156     
  0.828000000000000       0.131636561154189     
  0.832000000000000       0.130436454105590     
  0.836000000000000       0.129252404094716     
  0.840000000000000       0.128084131050290     
  0.844000000000000       0.126931360864523     
  0.848000000000000       0.125793825244570     
  0.852000000000000       0.124671261568181     
  0.856000000000000       0.123563412743420     
  0.860000000000000       0.122470027072322     
  0.864000000000000       0.121390858118365     
  0.868000000000000       0.120325664577644     
  0.872000000000000       0.119274210153625     
  0.876000000000000       0.118236263435373     
  0.880000000000000       0.117211597779149     
  0.884000000000000       0.116199991193264     
  0.888000000000000       0.115201226226105     
  0.892000000000000       0.114215089857219     
  0.896000000000000       0.113241373391377     
  0.900000000000000       0.112279872355514     
  0.904000000000000       0.111330386398474     
  0.908000000000000       0.110392719193459     
  0.912000000000000       0.109466678343112     
  0.916000000000000       0.108552075287149     
  0.920000000000000       0.107648725212465     
  0.924000000000000       0.106756446965645     
  0.928000000000000       0.105875062967801     
  0.932000000000000       0.105004399131669     
  0.936000000000000       0.104144284780902     
  0.940000000000000       0.103294552571491     
  0.944000000000000       0.102455038415247     
  0.948000000000000       0.101625581405300     
  0.952000000000000       0.100806023743532     
  0.956000000000000       9.999621066991145E-002
  0.960000000000000       9.919599039365146E-002
  0.964000000000000       9.840521402616127E-002
  0.968000000000000       9.762373551572050E-002
  0.972000000000000       9.685141158383662E-002
  0.976000000000000       9.608810166323446E-002
  0.980000000000000       9.533366783743100E-002
  0.984000000000000       9.458797478185026E-002
  0.988000000000000       9.385088970643440E-002
  0.992000000000000       9.312228229970866E-002
  0.996000000000000       9.240202467425854E-002
