  -1.00000000000000       9.392837359408494E-002
 -0.996000000000000       9.465642629759399E-002
 -0.992000000000000       9.539286696168339E-002
 -0.988000000000000       9.613782318331562E-002
 -0.984000000000000       9.689142495982735E-002
 -0.980000000000000       9.765380474246942E-002
 -0.976000000000000       9.842509749132095E-002
 -0.972000000000000       9.920544073161726E-002
 -0.968000000000000       9.999497461153237E-002
 -0.964000000000000       0.100793841961459     
 -0.960000000000000       0.101602188354826     
 -0.956000000000000       0.102420162170509     
 -0.952000000000000       0.103247914656862     
 -0.948000000000000       0.104085599997438     
 -0.944000000000000       0.104933375378433     
 -0.940000000000000       0.105791401057914     
 -0.936000000000000       0.106659840436879     
 -0.932000000000000       0.107538860132201     
 -0.928000000000000       0.108428630051523     
 -0.924000000000000       0.109329323470146     
 -0.920000000000000       0.110241117109987     
 -0.916000000000000       0.111164191220651     
 -0.912000000000000       0.112098729662704     
 -0.908000000000000       0.113044919993183     
 -0.904000000000000       0.114002953553443     
 -0.900000000000000       0.114973025559388     
 -0.896000000000000       0.115955335194169     
 -0.892000000000000       0.116950085703422     
 -0.888000000000000       0.117957484493128     
 -0.884000000000000       0.118977743230166     
 -0.880000000000000       0.120011077945657     
 -0.876000000000000       0.121057709141161     
 -0.872000000000000       0.122117861897849     
 -0.868000000000000       0.123191765988712     
 -0.864000000000000       0.124279655993912     
 -0.860000000000000       0.125381771419386     
 -0.856000000000000       0.126498356818780     
 -0.852000000000000       0.127629661918843     
 -0.848000000000000       0.128775941748368     
 -0.844000000000000       0.129937456770808     
 -0.840000000000000       0.131114473020676     
 -0.836000000000000       0.132307262243850     
 -0.832000000000000       0.133516102041906     
 -0.828000000000000       0.134741276020613     
 -0.824000000000000       0.135983073942714     
 -0.820000000000000       0.137241791885139     
 -0.816000000000000       0.138517732400789     
 -0.812000000000000       0.139811204685038     
 -0.808000000000000       0.141122524747101     
 -0.804000000000000       0.142452015586442     
 -0.800000000000000       0.143800007374359     
 -0.796000000000000       0.145166837640942     
 -0.792000000000000       0.146552851467558     
 -0.788000000000000       0.147958401685057     
 -0.784000000000000       0.149383849077880     
 -0.780000000000000       0.150829562594268     
 -0.776000000000000       0.152295919562762     
 -0.772000000000000       0.153783305915216     
 -0.768000000000000       0.155292116416527     
 -0.764000000000000       0.156822754901314     
 -0.760000000000000       0.158375634517767     
 -0.756000000000000       0.159951177978906     
 -0.752000000000000       0.161549817821513     
 -0.748000000000000       0.163171996672965     
 -0.744000000000000       0.164818167526257     
 -0.740000000000000       0.166488794023479     
 -0.736000000000000       0.168184350748032     
 -0.732000000000000       0.169905323525875     
 -0.728000000000000       0.171652209736113     
 -0.724000000000000       0.173425518631237     
 -0.720000000000000       0.175225771667341     
 -0.716000000000000       0.177053502844660     
 -0.712000000000000       0.178909259058772     
 -0.708000000000000       0.180793600462832     
 -0.704000000000000       0.182707100841202     
 -0.700000000000000       0.184650347994887     
 -0.696000000000000       0.186623944139147     
 -0.692000000000000       0.188628506313735     
 -0.688000000000000       0.190664666806162     
 -0.684000000000000       0.192733073588453     
 -0.680000000000000       0.194834390767847     
 -0.676000000000000       0.196969299051921     
 -0.672000000000000       0.199138496228623     
 -0.668000000000000       0.201342697661740     
 -0.664000000000000       0.203582636802312     
 -0.660000000000000       0.205859065716548     
 -0.656000000000000       0.208172755630806     
 -0.652000000000000       0.210524497494219     
 -0.648000000000000       0.212915102559567     
 -0.644000000000000       0.215345402983031     
 -0.640000000000000       0.217816252443452     
 -0.636000000000000       0.220328526781780     
 -0.632000000000000       0.222883124661389     
 -0.628000000000000       0.225480968249967     
 -0.624000000000000       0.228123003923716     
 -0.620000000000000       0.230810202994614     
 -0.616000000000000       0.233543562461525     
 -0.612000000000000       0.236324105785941     
 -0.608000000000000       0.239152883693207     
 -0.604000000000000       0.242030975000062     
 -0.600000000000000       0.244959487469380     
 -0.596000000000000       0.247939558693015     
 -0.592000000000000       0.250972357003673     
 -0.588000000000000       0.254059082416766     
 -0.584000000000000       0.257200967603230     
 -0.580000000000000       0.260399278894305     
 -0.576000000000000       0.263655317319315     
 -0.572000000000000       0.266970419677500     
 -0.568000000000000       0.270345959644973     
 -0.564000000000000       0.273783348917924     
 -0.560000000000000       0.277284038393175     
 -0.556000000000000       0.280849519387258     
 -0.552000000000000       0.284481324895180     
 -0.548000000000000       0.288181030890051     
 -0.544000000000000       0.291950257664817     
 -0.540000000000000       0.295790671217292     
 -0.536000000000000       0.299703984679747     
 -0.532000000000000       0.303691959794299     
 -0.528000000000000       0.307756408435366     
 -0.524000000000000       0.311899194180441     
 -0.520000000000000       0.316122233930453     
 -0.516000000000000       0.320427499580979     
 -0.512000000000000       0.324817019745543     
 -0.508000000000000       0.329292881532242     
 -0.504000000000000       0.333857232374906     
 -0.500000000000000       0.338512281919972     
 -0.496000000000000       0.343260303970201     
 -0.492000000000000       0.348103638486338     
 -0.488000000000000       0.353044693647730     
 -0.484000000000000       0.358085947972866     
 -0.480000000000000       0.363229952500699     
 -0.476000000000000       0.368479333033511     
 -0.472000000000000       0.373836792441979     
 -0.468000000000000       0.379305113032924     
 -0.464000000000000       0.384887158980108     
 -0.460000000000000       0.390585878818227     
 -0.456000000000000       0.396404308000049     
 -0.452000000000000       0.402345571516409     
 -0.448000000000000       0.408412886578505     
 -0.444000000000000       0.414609565361603     
 -0.440000000000000       0.420939017808958     
 -0.436000000000000       0.427404754494325     
 -0.432000000000000       0.434010389541017     
 -0.428000000000000       0.440759643594971     
 -0.424000000000000       0.447656346848729     
 -0.420000000000000       0.454704442112627     
 -0.416000000000000       0.461907987928804     
 -0.412000000000000       0.469271161722875     
 -0.408000000000000       0.476798262987251     
 -0.404000000000000       0.484493716489184     
 -0.400000000000000       0.492362075495518     
 -0.396000000000000       0.500408025005004     
 -0.392000000000000       0.508636384977750     
 -0.388000000000000       0.517052113549947     
 -0.384000000000000       0.525660310220454     
 -0.380000000000000       0.534466218994107     
 -0.376000000000000       0.543475231464707     
 -0.372000000000000       0.552692889818547     
 -0.368000000000000       0.562124889737041     
 -0.364000000000000       0.571777083174506     
 -0.360000000000000       0.581655480984340     
 -0.356000000000000       0.591766255363830     
 -0.352000000000000       0.602115742084494     
 -0.348000000000000       0.612710442471203     
 -0.344000000000000       0.623557025089376     
 -0.340000000000000       0.634662327095199     
 -0.336000000000000       0.646033355199078     
 -0.332000000000000       0.657677286187428     
 -0.328000000000000       0.669601466942291     
 -0.324000000000000       0.681813413892211     
 -0.320000000000000       0.694320811821257     
 -0.316000000000000       0.707131511955962     
 -0.312000000000000       0.720253529242293     
 -0.308000000000000       0.733695038716522     
 -0.304000000000000       0.747464370864988     
 -0.300000000000000       0.761570005858230     
 -0.296000000000000       0.776020566534809     
 -0.292000000000000       0.790824809999270     
 -0.288000000000000       0.805991617687176     
 -0.284000000000000       0.821529983737919     
 -0.280000000000000       0.837449001503113     
 -0.276000000000000       0.853757848004833     
 -0.272000000000000       0.870465766143792     
 -0.268000000000000       0.887582044442826     
 -0.264000000000000       0.905115994095858     
 -0.260000000000000       0.923076923076923     
 -0.256000000000000       0.941474107048020     
 -0.252000000000000       0.960316756788701     
 -0.248000000000000       0.979613981854535     
 -0.244000000000000       0.999374750156312     
 -0.240000000000000        1.01960784313725     
 -0.236000000000000        1.04032180621205     
 -0.232000000000000        1.06152489411970     
 -0.228000000000000        1.08322501083225     
 -0.224000000000000        1.10542964365483     
 -0.220000000000000        1.12814579114839     
 -0.216000000000000        1.15137988450774     
 -0.212000000000000        1.17513770203329     
 -0.208000000000000        1.19942427634735     
 -0.204000000000000        1.22424379402569     
 -0.200000000000000        1.24959948734380     
 -0.196000000000000        1.27549351787653     
 -0.192000000000000        1.30192685174058     
 -0.188000000000000        1.32889912633401     
 -0.184000000000000        1.35640850850712     
 -0.180000000000000        1.38445154419595     
 -0.176000000000000        1.41302299966667     
 -0.172000000000000        1.44211569465604     
 -0.168000000000000        1.47172032785400     
 -0.164000000000000        1.50182529535897     
 -0.160000000000000        1.53241650294695     
 -0.156000000000000        1.56347717323327     
 -0.152000000000000        1.59498764907000     
 -0.148000000000000        1.62692519481386     
 -0.144000000000000        1.65926379741665     
 -0.140000000000000        1.69197396963124     
 -0.136000000000000        1.72502255798730     
 -0.132000000000000        1.75837255856733     
 -0.128000000000000        1.79198294399824     
 -0.124000000000000        1.82580850545870     
 -0.120000000000000        1.85979971387697     
 -0.116000000000000        1.89390260484451     
 -0.112000000000000        1.92805869208408     
 -0.108000000000000        1.96220491456862     
 -0.104000000000000        1.99627362257120     
 -0.100000000000000        2.03019260801666     
 -9.599999999999997E-002   2.06388518447958     
 -9.199999999999997E-002   2.09727032201166     
 -8.799999999999997E-002   2.13026284166139     
 -8.399999999999996E-002   2.16277367405337     
 -7.999999999999996E-002   2.19471018570625     
 -7.599999999999996E-002   2.22597657587726     
 -7.199999999999995E-002   2.25647434562244     
 -6.799999999999995E-002   2.28610283945696     
 -6.399999999999995E-002   2.31475985850288     
 -6.000000000000005E-002   2.34234234234234     
 -5.600000000000005E-002   2.36874711498749     
 -5.200000000000005E-002   2.39387168847750     
 -4.800000000000004E-002   2.41761511567358     
 -4.400000000000004E-002   2.43987888190986     
 -4.000000000000004E-002   2.46056782334385     
 -3.600000000000003E-002   2.47959105821317     
 -3.200000000000003E-002   2.49686291582371     
 -2.800000000000002E-002   2.51230384704579     
 -2.400000000000002E-002   2.52584129944820     
 -2.000000000000002E-002   2.53741054001301     
 -1.600000000000001E-002   2.54695540868838     
 -1.200000000000001E-002   2.55442898687416     
 -8.000000000000007E-003   2.55979416629473     
 -4.000000000000004E-003   2.56302410557031     
  0.000000000000000E+000   2.56410256410256     
  4.000000000000004E-003   2.56302410557031     
  8.000000000000007E-003   2.55979416629473     
  1.200000000000001E-002   2.55442898687416     
  1.600000000000001E-002   2.54695540868838     
  2.000000000000002E-002   2.53741054001301     
  2.400000000000002E-002   2.52584129944820     
  2.800000000000002E-002   2.51230384704579     
  3.200000000000003E-002   2.49686291582371     
  3.600000000000003E-002   2.47959105821317     
  4.000000000000004E-002   2.46056782334385     
  4.400000000000004E-002   2.43987888190986     
  4.800000000000004E-002   2.41761511567358     
  5.200000000000005E-002   2.39387168847750     
  5.600000000000005E-002   2.36874711498749     
  6.000000000000005E-002   2.34234234234234     
  6.400000000000006E-002   2.31475985850288     
  6.800000000000006E-002   2.28610283945696     
  7.200000000000006E-002   2.25647434562244     
  7.600000000000007E-002   2.22597657587726     
  8.000000000000007E-002   2.19471018570625     
  8.400000000000007E-002   2.16277367405337     
  8.800000000000008E-002   2.13026284166139     
  9.200000000000008E-002   2.09727032201166     
  9.600000000000009E-002   2.06388518447958     
  0.100000000000000        2.03019260801666     
  0.104000000000000        1.99627362257120     
  0.108000000000000        1.96220491456862     
  0.112000000000000        1.92805869208408     
  0.116000000000000        1.89390260484451     
  0.120000000000000        1.85979971387697     
  0.124000000000000        1.82580850545870     
  0.128000000000000        1.79198294399824     
  0.132000000000000        1.75837255856733     
  0.136000000000000        1.72502255798730     
  0.140000000000000        1.69197396963124     
  0.144000000000000        1.65926379741665     
  0.148000000000000        1.62692519481386     
  0.152000000000000        1.59498764907000     
  0.156000000000000        1.56347717323327     
  0.160000000000000        1.53241650294696     
  0.164000000000000        1.50182529535898     
  0.168000000000000        1.47172032785401     
  0.172000000000000        1.44211569465604     
  0.176000000000000        1.41302299966667     
  0.180000000000000        1.38445154419595     
  0.184000000000000        1.35640850850712     
  0.188000000000000        1.32889912633401     
  0.192000000000000        1.30192685174058     
  0.196000000000000        1.27549351787653     
  0.200000000000000        1.24959948734380     
  0.204000000000000        1.22424379402569     
  0.208000000000000        1.19942427634735     
  0.212000000000000        1.17513770203329     
  0.216000000000000        1.15137988450774     
  0.220000000000000        1.12814579114839     
  0.224000000000000        1.10542964365483     
  0.228000000000000        1.08322501083225     
  0.232000000000000        1.06152489411970     
  0.236000000000000        1.04032180621206     
  0.240000000000000        1.01960784313726     
  0.244000000000000       0.999374750156313     
  0.248000000000000       0.979613981854535     
  0.252000000000000       0.960316756788701     
  0.256000000000000       0.941474107048020     
  0.260000000000000       0.923076923076923     
  0.264000000000000       0.905115994095859     
  0.268000000000000       0.887582044442826     
  0.272000000000000       0.870465766143792     
  0.276000000000000       0.853757848004834     
  0.280000000000000       0.837449001503114     
  0.284000000000000       0.821529983737919     
  0.288000000000000       0.805991617687176     
  0.292000000000000       0.790824809999270     
  0.296000000000000       0.776020566534810     
  0.300000000000000       0.761570005858231     
  0.304000000000000       0.747464370864989     
  0.308000000000000       0.733695038716523     
  0.312000000000000       0.720253529242293     
  0.316000000000000       0.707131511955962     
  0.320000000000000       0.694320811821257     
  0.324000000000000       0.681813413892211     
  0.328000000000000       0.669601466942291     
  0.332000000000000       0.657677286187428     
  0.336000000000000       0.646033355199078     
  0.340000000000000       0.634662327095199     
  0.344000000000000       0.623557025089376     
  0.348000000000000       0.612710442471203     
  0.352000000000000       0.602115742084494     
  0.356000000000000       0.591766255363830     
  0.360000000000000       0.581655480984340     
  0.364000000000000       0.571777083174506     
  0.368000000000000       0.562124889737041     
  0.372000000000000       0.552692889818547     
  0.376000000000000       0.543475231464708     
  0.380000000000000       0.534466218994108     
  0.384000000000000       0.525660310220454     
  0.388000000000000       0.517052113549948     
  0.392000000000000       0.508636384977751     
  0.396000000000000       0.500408025005004     
  0.400000000000000       0.492362075495519     
  0.404000000000000       0.484493716489185     
  0.408000000000000       0.476798262987251     
  0.412000000000000       0.469271161722875     
  0.416000000000000       0.461907987928805     
  0.420000000000000       0.454704442112627     
  0.424000000000000       0.447656346848729     
  0.428000000000000       0.440759643594971     
  0.432000000000000       0.434010389541018     
  0.436000000000000       0.427404754494326     
  0.440000000000000       0.420939017808959     
  0.444000000000000       0.414609565361603     
  0.448000000000000       0.408412886578505     
  0.452000000000000       0.402345571516410     
  0.456000000000000       0.396404308000049     
  0.460000000000000       0.390585878818227     
  0.464000000000000       0.384887158980108     
  0.468000000000000       0.379305113032924     
  0.472000000000000       0.373836792441979     
  0.476000000000000       0.368479333033511     
  0.480000000000000       0.363229952500699     
  0.484000000000000       0.358085947972866     
  0.488000000000000       0.353044693647730     
  0.492000000000000       0.348103638486338     
  0.496000000000000       0.343260303970202     
  0.500000000000000       0.338512281919972     
  0.504000000000000       0.333857232374906     
  0.508000000000000       0.329292881532242     
  0.512000000000000       0.324817019745543     
  0.516000000000000       0.320427499580979     
  0.520000000000000       0.316122233930453     
  0.524000000000000       0.311899194180441     
  0.528000000000000       0.307756408435366     
  0.532000000000000       0.303691959794299     
  0.536000000000000       0.299703984679747     
  0.540000000000000       0.295790671217292     
  0.544000000000000       0.291950257664817     
  0.548000000000000       0.288181030890051     
  0.552000000000000       0.284481324895180     
  0.556000000000000       0.280849519387258     
  0.560000000000000       0.277284038393175     
  0.564000000000000       0.273783348917924     
  0.568000000000000       0.270345959644973     
  0.572000000000000       0.266970419677500     
  0.576000000000000       0.263655317319315     
  0.580000000000000       0.260399278894305     
  0.584000000000000       0.257200967603230     
  0.588000000000000       0.254059082416766     
  0.592000000000000       0.250972357003673     
  0.596000000000000       0.247939558693015     
  0.600000000000000       0.244959487469380     
  0.604000000000000       0.242030975000062     
  0.608000000000000       0.239152883693207     
  0.612000000000000       0.236324105785941     
  0.616000000000000       0.233543562461525     
  0.620000000000000       0.230810202994614     
  0.624000000000000       0.228123003923716     
  0.628000000000000       0.225480968249967     
  0.632000000000000       0.222883124661389     
  0.636000000000000       0.220328526781780     
  0.640000000000000       0.217816252443452     
  0.644000000000000       0.215345402983031     
  0.648000000000000       0.212915102559567     
  0.652000000000000       0.210524497494219     
  0.656000000000000       0.208172755630806     
  0.660000000000000       0.205859065716548     
  0.664000000000000       0.203582636802312     
  0.668000000000000       0.201342697661740     
  0.672000000000000       0.199138496228623     
  0.676000000000000       0.196969299051921     
  0.680000000000000       0.194834390767847     
  0.684000000000000       0.192733073588453     
  0.688000000000000       0.190664666806162     
  0.692000000000000       0.188628506313735     
  0.696000000000000       0.186623944139147     
  0.700000000000000       0.184650347994887     
  0.704000000000000       0.182707100841202     
  0.708000000000000       0.180793600462832     
  0.712000000000000       0.178909259058772     
  0.716000000000000       0.177053502844660     
  0.720000000000000       0.175225771667341     
  0.724000000000000       0.173425518631237     
  0.728000000000000       0.171652209736113     
  0.732000000000000       0.169905323525875     
  0.736000000000000       0.168184350748032     
  0.740000000000000       0.166488794023479     
  0.744000000000000       0.164818167526257     
  0.748000000000000       0.163171996672965     
  0.752000000000000       0.161549817821513     
  0.756000000000000       0.159951177978906     
  0.760000000000000       0.158375634517766     
  0.764000000000000       0.156822754901314     
  0.768000000000000       0.155292116416527     
  0.772000000000000       0.153783305915216     
  0.776000000000000       0.152295919562762     
  0.780000000000000       0.150829562594268     
  0.784000000000000       0.149383849077880     
  0.788000000000000       0.147958401685056     
  0.792000000000000       0.146552851467558     
  0.796000000000000       0.145166837640942     
  0.800000000000000       0.143800007374359     
  0.804000000000000       0.142452015586442     
  0.808000000000000       0.141122524747101     
  0.812000000000000       0.139811204685038     
  0.816000000000000       0.138517732400789     
  0.820000000000000       0.137241791885139     
  0.824000000000000       0.135983073942714     
  0.828000000000000       0.134741276020613     
  0.832000000000000       0.133516102041906     
  0.836000000000000       0.132307262243850     
  0.840000000000000       0.131114473020676     
  0.844000000000000       0.129937456770808     
  0.848000000000000       0.128775941748368     
  0.852000000000000       0.127629661918843     
  0.856000000000000       0.126498356818780     
  0.860000000000000       0.125381771419386     
  0.864000000000000       0.124279655993912     
  0.868000000000000       0.123191765988712     
  0.872000000000000       0.122117861897849     
  0.876000000000000       0.121057709141161     
  0.880000000000000       0.120011077945657     
  0.884000000000000       0.118977743230166     
  0.888000000000000       0.117957484493128     
  0.892000000000000       0.116950085703422     
  0.896000000000000       0.115955335194169     
  0.900000000000000       0.114973025559388     
  0.904000000000000       0.114002953553443     
  0.908000000000000       0.113044919993183     
  0.912000000000000       0.112098729662704     
  0.916000000000000       0.111164191220651     
  0.920000000000000       0.110241117109987     
  0.924000000000000       0.109329323470146     
  0.928000000000000       0.108428630051523     
  0.932000000000000       0.107538860132201     
  0.936000000000000       0.106659840436879     
  0.940000000000000       0.105791401057914     
  0.944000000000000       0.104933375378433     
  0.948000000000000       0.104085599997438     
  0.952000000000000       0.103247914656862     
  0.956000000000000       0.102420162170509     
  0.960000000000000       0.101602188354826     
  0.964000000000000       0.100793841961458     
  0.968000000000000       9.999497461153234E-002
  0.972000000000000       9.920544073161723E-002
  0.976000000000000       9.842509749132092E-002
  0.980000000000000       9.765380474246939E-002
  0.984000000000000       9.689142495982732E-002
  0.988000000000000       9.613782318331560E-002
  0.992000000000000       9.539286696168336E-002
  0.996000000000000       9.465642629759397E-002
