  -1.00000000000000       9.996001599360258E-003
 -0.996000000000000       1.007641956598846E-002
 -0.992000000000000       1.015781176355865E-002
 -0.988000000000000       1.024019399023495E-002
 -0.984000000000000       1.032358236566955E-002
 -0.980000000000000       1.040799333888427E-002
 -0.976000000000000       1.049344369637851E-002
 -0.972000000000000       1.057995057047094E-002
 -0.968000000000000       1.066753144788271E-002
 -0.964000000000000       1.075620417857020E-002
 -0.960000000000000       1.084598698481562E-002
 -0.956000000000000       1.093689847058412E-002
 -0.952000000000000       1.102895763115637E-002
 -0.948000000000000       1.112218386304588E-002
 -0.944000000000000       1.121659697421080E-002
 -0.940000000000000       1.131221719457014E-002
 -0.936000000000000       1.140906518683485E-002
 -0.932000000000000       1.150716205766469E-002
 -0.928000000000000       1.160652936916192E-002
 -0.924000000000000       1.170718915071367E-002
 -0.920000000000000       1.180916391119509E-002
 -0.916000000000000       1.191247665154576E-002
 -0.912000000000000       1.201715087773270E-002
 -0.908000000000000       1.212321061411336E-002
 -0.904000000000000       1.223068041721297E-002
 -0.900000000000000       1.233958538993090E-002
 -0.896000000000000       1.244995119619131E-002
 -0.892000000000000       1.256180407605419E-002
 -0.888000000000000       1.267517086130321E-002
 -0.884000000000000       1.279007899152785E-002
 -0.880000000000000       1.290655653071761E-002
 -0.876000000000000       1.302463218438711E-002
 -0.872000000000000       1.314433531725168E-002
 -0.868000000000000       1.326569597147345E-002
 -0.864000000000000       1.338874488549946E-002
 -0.860000000000000       1.351351351351352E-002
 -0.856000000000000       1.364003404552498E-002
 -0.852000000000000       1.376833942811826E-002
 -0.848000000000000       1.389846338588806E-002
 -0.844000000000000       1.403044044358641E-002
 -0.840000000000000       1.416430594900850E-002
 -0.836000000000000       1.430009609664577E-002
 -0.832000000000000       1.443784795213565E-002
 -0.828000000000000       1.457759947753883E-002
 -0.824000000000000       1.471938955747627E-002
 -0.820000000000000       1.486325802615933E-002
 -0.816000000000000       1.500924569534833E-002
 -0.812000000000000       1.515739438327594E-002
 -0.808000000000000       1.530774694457371E-002
 -0.804000000000000       1.546034730124178E-002
 -0.800000000000000       1.561524047470331E-002
 -0.796000000000000       1.577247261898753E-002
 -0.792000000000000       1.593209105508680E-002
 -0.788000000000000       1.609414430653551E-002
 -0.784000000000000       1.625868213626076E-002
 -0.780000000000000       1.642575558475690E-002
 -0.776000000000000       1.659541700963862E-002
 -0.772000000000000       1.676772012662982E-002
 -0.768000000000000       1.694272005204803E-002
 -0.764000000000000       1.712047334684709E-002
 -0.760000000000000       1.730103806228374E-002
 -0.756000000000000       1.748447378727690E-002
 -0.752000000000000       1.767084169753174E-002
 -0.748000000000000       1.786020460650397E-002
 -0.744000000000000       1.805262701828370E-002
 -0.740000000000000       1.824817518248175E-002
 -0.736000000000000       1.844691715120569E-002
 -0.732000000000000       1.864892283821687E-002
 -0.728000000000000       1.885426408036442E-002
 -0.724000000000000       1.906301470139694E-002
 -0.720000000000000       1.927525057825752E-002
 -0.716000000000000       1.949104970997318E-002
 -0.712000000000000       1.971049228925542E-002
 -0.708000000000000       1.993366077693437E-002
 -0.704000000000000       2.016063997935551E-002
 -0.700000000000000       2.039151712887440E-002
 -0.696000000000000       2.062638196759184E-002
 -0.692000000000000       2.086532683447954E-002
 -0.688000000000000       2.110844675605391E-002
 -0.684000000000000       2.135583954076404E-002
 -0.680000000000000       2.160760587726881E-002
 -0.676000000000000       2.186384943678725E-002
 -0.672000000000000       2.212467697971611E-002
 -0.668000000000000       2.239019846671922E-002
 -0.664000000000000       2.266052717450420E-002
 -0.660000000000000       2.293577981651377E-002
 -0.656000000000000       2.321607666877159E-002
 -0.652000000000000       2.350154170113560E-002
 -0.648000000000000       2.379230271422589E-002
 -0.644000000000000       2.408849148230941E-002
 -0.640000000000000       2.439024390243903E-002
 -0.636000000000000       2.469770015016202E-002
 -0.632000000000000       2.501100484213054E-002
 -0.628000000000000       2.533030720596580E-002
 -0.624000000000000       2.565576125774804E-002
 -0.620000000000000       2.598752598752599E-002
 -0.616000000000000       2.632576555326229E-002
 -0.612000000000000       2.667064948365623E-002
 -0.608000000000000       2.702235289031087E-002
 -0.604000000000000       2.738105668973978E-002
 -0.600000000000000       2.774694783573807E-002
 -0.596000000000000       2.812021956267435E-002
 -0.592000000000000       2.850107164029367E-002
 -0.588000000000000       2.888971064065822E-002
 -0.584000000000000       2.928635021789044E-002
 -0.580000000000000       2.969121140142518E-002
 -0.576000000000000       3.010452290352102E-002
 -0.572000000000000       3.052652144182866E-002
 -0.568000000000000       3.095745207786418E-002
 -0.564000000000000       3.139756857228976E-002
 -0.560000000000000       3.184713375796178E-002
 -0.556000000000000       3.230641993176884E-002
 -0.552000000000000       3.277570926634852E-002
 -0.548000000000000       3.325529424284346E-002
 -0.544000000000000       3.374547810593380E-002
 -0.540000000000000       3.424657534246575E-002
 -0.536000000000000       3.475891218508425E-002
 -0.532000000000000       3.528282714237326E-002
 -0.528000000000000       3.581867155710929E-002
 -0.524000000000000       3.636681019434423E-002
 -0.520000000000000       3.692762186115214E-002
 -0.516000000000000       3.750150006000240E-002
 -0.512000000000000       3.808885367785971E-002
 -0.508000000000000       3.869010771325988E-002
 -0.504000000000000       3.930570404377083E-002
 -0.500000000000000       3.993610223642172E-002
 -0.496000000000000       4.058178040386987E-002
 -0.492000000000000       4.124323610927807E-002
 -0.488000000000000       4.192098732309343E-002
 -0.484000000000000       4.261557343515614E-002
 -0.480000000000000       4.332755632582322E-002
 -0.476000000000000       4.405752150007049E-002
 -0.472000000000000       4.480607928883790E-002
 -0.468000000000000       4.557386612221088E-002
 -0.464000000000000       4.636154587938580E-002
 -0.460000000000000       4.716981132075471E-002
 -0.456000000000000       4.799938560786422E-002
 -0.452000000000000       4.885102391746131E-002
 -0.448000000000000       4.972551515633702E-002
 -0.444000000000000       5.062368378422161E-002
 -0.440000000000000       5.154639175257732E-002
 -0.436000000000000       5.249454056778093E-002
 -0.432000000000000       5.346907348789458E-002
 -0.428000000000000       5.447097786299457E-002
 -0.424000000000000       5.550128762987299E-002
 -0.420000000000000       5.656108597285065E-002
 -0.416000000000000       5.765150816345353E-002
 -0.412000000000000       5.877374459281547E-002
 -0.408000000000000       5.992904401188990E-002
 -0.404000000000000       6.111871699589280E-002
 -0.400000000000000       6.234413965087279E-002
 -0.396000000000000       6.360675758192548E-002
 -0.392000000000000       6.490809014435557E-002
 -0.388000000000000       6.624973500105998E-002
 -0.384000000000000       6.763337301157882E-002
 -0.380000000000000       6.906077348066296E-002
 -0.376000000000000       7.053379979686264E-002
 -0.372000000000000       7.205441549458148E-002
 -0.368000000000000       7.362469077629873E-002
 -0.364000000000000       7.524680953527568E-002
 -0.360000000000000       7.692307692307691E-002
 -0.356000000000000       7.865592751069719E-002
 -0.352000000000000       8.044793409705238E-002
 -0.348000000000000       8.230181722412430E-002
 -0.344000000000000       8.422045546422313E-002
 -0.340000000000000       8.620689655172413E-002
 -0.336000000000000       8.826436943934472E-002
 -0.332000000000000       9.039629736765982E-002
 -0.328000000000000       9.260631204622906E-002
 -0.324000000000000       9.489826905557243E-002
 -0.320000000000000       9.727626459143969E-002
 -0.316000000000000       9.974465368656241E-002
 -0.312000000000000       0.102308070060566     
 -0.308000000000000       0.104971447766208     
 -0.304000000000000       0.107740044819859     
 -0.300000000000000       0.110619469026549     
 -0.296000000000000       0.113615706235230     
 -0.292000000000000       0.116735151288756     
 -0.288000000000000       0.119984641965828     
 -0.284000000000000       0.123371496249506     
 -0.280000000000000       0.126903553299492     
 -0.276000000000000       0.130589218554116     
 -0.272000000000000       0.134437513443751     
 -0.268000000000000       0.138458130261409     
 -0.264000000000000       0.142661492809861     
 -0.260000000000000       0.147058823529412     
 -0.256000000000000       0.151662217908275     
 -0.252000000000000       0.156484727090636     
 -0.248000000000000       0.161540449728612     
 -0.244000000000000       0.166844634276562     
 -0.240000000000000       0.172413793103448     
 -0.236000000000000       0.178265830005704     
 -0.232000000000000       0.184420182944821     
 -0.228000000000000       0.190897984117288     
 -0.224000000000000       0.197722239797532     
 -0.220000000000000       0.204918032786885     
 -0.216000000000000       0.212512750765046     
 -0.212000000000000       0.220536344389555     
 -0.208000000000000       0.229021619640894     
 -0.204000000000000       0.238004569687738     
 -0.200000000000000       0.247524752475248     
 -0.196000000000000       0.257625721352020     
 -0.192000000000000       0.268355517389438     
 -0.188000000000000       0.279767233661594     
 -0.184000000000000       0.291919663708547     
 -0.180000000000000       0.304878048780488     
 -0.176000000000000       0.318714941356451     
 -0.172000000000000       0.333511205976521     
 -0.168000000000000       0.349357182783678     
 -0.164000000000000       0.366354044548652     
 -0.160000000000000       0.384615384615384     
 -0.156000000000000       0.404269081500647     
 -0.152000000000000       0.425459496255956     
 -0.148000000000000       0.448350071736011     
 -0.144000000000000       0.473126419379258     
 -0.140000000000000       0.500000000000000     
 -0.136000000000000       0.529212531752752     
 -0.132000000000000       0.561041292639138     
 -0.128000000000000       0.595805529075310     
 -0.124000000000000       0.633874239350912     
 -0.120000000000000       0.675675675675675     
 -0.116000000000000       0.721709006928406     
 -0.112000000000000       0.772558714462299     
 -0.108000000000000       0.828912466843501     
 -0.104000000000000       0.891583452211127     
 -0.100000000000000       0.961538461538461     
 -9.599999999999997E-002   1.03993344425957     
 -9.199999999999997E-002   1.12815884476534     
 -8.799999999999997E-002   1.22789783889980     
 -8.399999999999996E-002   1.34120171673820     
 -7.999999999999996E-002   1.47058823529412     
 -7.599999999999996E-002   1.61917098445596     
 -7.199999999999995E-002   1.79083094555874     
 -6.799999999999995E-002   1.99044585987261     
 -6.399999999999995E-002   2.22419928825623     
 -6.000000000000005E-002   2.49999999999999     
 -5.600000000000005E-002   2.82805429864253     
 -5.200000000000005E-002   3.22164948453607     
 -4.800000000000004E-002   3.69822485207100     
 -4.400000000000004E-002   4.28082191780821     
 -4.000000000000004E-002   4.99999999999999     
 -3.600000000000003E-002   5.89622641509432     
 -3.200000000000003E-002   7.02247191011234     
 -2.800000000000002E-002   8.44594594594592     
 -2.400000000000002E-002   10.2459016393442     
 -2.000000000000002E-002   12.5000000000000     
 -1.600000000000001E-002   15.2439024390244     
 -1.200000000000001E-002   18.3823529411764     
 -8.000000000000007E-003   21.5517241379310     
 -4.000000000000004E-003   24.0384615384615     
  0.000000000000000E+000   25.0000000000000     
  4.000000000000004E-003   24.0384615384616     
  8.000000000000007E-003   21.5517241379311     
  1.200000000000001E-002   18.3823529411765     
  1.600000000000001E-002   15.2439024390244     
  2.000000000000002E-002   12.5000000000000     
  2.400000000000002E-002   10.2459016393443     
  2.800000000000002E-002   8.44594594594595     
  3.200000000000003E-002   7.02247191011236     
  3.600000000000003E-002   5.89622641509434     
  4.000000000000004E-002   5.00000000000000     
  4.400000000000004E-002   4.28082191780822     
  4.800000000000004E-002   3.69822485207100     
  5.200000000000005E-002   3.22164948453608     
  5.600000000000005E-002   2.82805429864253     
  6.000000000000005E-002   2.50000000000000     
  6.400000000000006E-002   2.22419928825623     
  6.800000000000006E-002   1.99044585987261     
  7.200000000000006E-002   1.79083094555874     
  7.600000000000007E-002   1.61917098445596     
  8.000000000000007E-002   1.47058823529412     
  8.400000000000007E-002   1.34120171673820     
  8.800000000000008E-002   1.22789783889980     
  9.200000000000008E-002   1.12815884476534     
  9.600000000000009E-002   1.03993344425957     
  0.100000000000000       0.961538461538460     
  0.104000000000000       0.891583452211126     
  0.108000000000000       0.828912466843500     
  0.112000000000000       0.772558714462298     
  0.116000000000000       0.721709006928406     
  0.120000000000000       0.675675675675675     
  0.124000000000000       0.633874239350912     
  0.128000000000000       0.595805529075311     
  0.132000000000000       0.561041292639139     
  0.136000000000000       0.529212531752753     
  0.140000000000000       0.500000000000001     
  0.144000000000000       0.473126419379259     
  0.148000000000000       0.448350071736012     
  0.152000000000000       0.425459496255957     
  0.156000000000000       0.404269081500647     
  0.160000000000000       0.384615384615385     
  0.164000000000000       0.366354044548652     
  0.168000000000000       0.349357182783678     
  0.172000000000000       0.333511205976521     
  0.176000000000000       0.318714941356451     
  0.180000000000000       0.304878048780488     
  0.184000000000000       0.291919663708548     
  0.188000000000000       0.279767233661594     
  0.192000000000000       0.268355517389438     
  0.196000000000000       0.257625721352020     
  0.200000000000000       0.247524752475248     
  0.204000000000000       0.238004569687738     
  0.208000000000000       0.229021619640894     
  0.212000000000000       0.220536344389556     
  0.216000000000000       0.212512750765046     
  0.220000000000000       0.204918032786885     
  0.224000000000000       0.197722239797533     
  0.228000000000000       0.190897984117288     
  0.232000000000000       0.184420182944822     
  0.236000000000000       0.178265830005705     
  0.240000000000000       0.172413793103448     
  0.244000000000000       0.166844634276562     
  0.248000000000000       0.161540449728612     
  0.252000000000000       0.156484727090636     
  0.256000000000000       0.151662217908275     
  0.260000000000000       0.147058823529412     
  0.264000000000000       0.142661492809861     
  0.268000000000000       0.138458130261409     
  0.272000000000000       0.134437513443751     
  0.276000000000000       0.130589218554116     
  0.280000000000000       0.126903553299492     
  0.284000000000000       0.123371496249507     
  0.288000000000000       0.119984641965828     
  0.292000000000000       0.116735151288756     
  0.296000000000000       0.113615706235230     
  0.300000000000000       0.110619469026549     
  0.304000000000000       0.107740044819859     
  0.308000000000000       0.104971447766208     
  0.312000000000000       0.102308070060566     
  0.316000000000000       9.974465368656241E-002
  0.320000000000000       9.727626459143969E-002
  0.324000000000000       9.489826905557243E-002
  0.328000000000000       9.260631204622906E-002
  0.332000000000000       9.039629736765982E-002
  0.336000000000000       8.826436943934472E-002
  0.340000000000000       8.620689655172413E-002
  0.344000000000000       8.422045546422313E-002
  0.348000000000000       8.230181722412430E-002
  0.352000000000000       8.044793409705238E-002
  0.356000000000000       7.865592751069719E-002
  0.360000000000000       7.692307692307691E-002
  0.364000000000000       7.524680953527568E-002
  0.368000000000000       7.362469077629873E-002
  0.372000000000000       7.205441549458148E-002
  0.376000000000000       7.053379979686272E-002
  0.380000000000000       6.906077348066304E-002
  0.384000000000000       6.763337301157889E-002
  0.388000000000000       6.624973500106004E-002
  0.392000000000000       6.490809014435564E-002
  0.396000000000000       6.360675758192555E-002
  0.400000000000000       6.234413965087286E-002
  0.404000000000000       6.111871699589286E-002
  0.408000000000000       5.992904401188996E-002
  0.412000000000000       5.877374459281554E-002
  0.416000000000000       5.765150816345360E-002
  0.420000000000000       5.656108597285071E-002
  0.424000000000000       5.550128762987305E-002
  0.428000000000000       5.447097786299463E-002
  0.432000000000000       5.346907348789463E-002
  0.436000000000000       5.249454056778098E-002
  0.440000000000000       5.154639175257734E-002
  0.444000000000000       5.062368378422163E-002
  0.448000000000000       4.972551515633705E-002
  0.452000000000000       4.885102391746133E-002
  0.456000000000000       4.799938560786424E-002
  0.460000000000000       4.716981132075473E-002
  0.464000000000000       4.636154587938582E-002
  0.468000000000000       4.557386612221090E-002
  0.472000000000000       4.480607928883792E-002
  0.476000000000000       4.405752150007051E-002
  0.480000000000000       4.332755632582324E-002
  0.484000000000000       4.261557343515616E-002
  0.488000000000000       4.192098732309345E-002
  0.492000000000000       4.124323610927809E-002
  0.496000000000000       4.058178040386989E-002
  0.500000000000000       3.993610223642174E-002
  0.504000000000000       3.930570404377083E-002
  0.508000000000000       3.869010771325988E-002
  0.512000000000000       3.808885367785971E-002
  0.516000000000000       3.750150006000240E-002
  0.520000000000000       3.692762186115214E-002
  0.524000000000000       3.636681019434423E-002
  0.528000000000000       3.581867155710929E-002
  0.532000000000000       3.528282714237326E-002
  0.536000000000000       3.475891218508425E-002
  0.540000000000000       3.424657534246575E-002
  0.544000000000000       3.374547810593380E-002
  0.548000000000000       3.325529424284346E-002
  0.552000000000000       3.277570926634852E-002
  0.556000000000000       3.230641993176884E-002
  0.560000000000000       3.184713375796178E-002
  0.564000000000000       3.139756857228976E-002
  0.568000000000000       3.095745207786417E-002
  0.572000000000000       3.052652144182865E-002
  0.576000000000000       3.010452290352102E-002
  0.580000000000000       2.969121140142517E-002
  0.584000000000000       2.928635021789043E-002
  0.588000000000000       2.888971064065821E-002
  0.592000000000000       2.850107164029366E-002
  0.596000000000000       2.812021956267434E-002
  0.600000000000000       2.774694783573806E-002
  0.604000000000000       2.738105668973976E-002
  0.608000000000000       2.702235289031085E-002
  0.612000000000000       2.667064948365621E-002
  0.616000000000000       2.632576555326228E-002
  0.620000000000000       2.598752598752598E-002
  0.624000000000000       2.565576125774803E-002
  0.628000000000000       2.533030720596580E-002
  0.632000000000000       2.501100484213054E-002
  0.636000000000000       2.469770015016202E-002
  0.640000000000000       2.439024390243903E-002
  0.644000000000000       2.408849148230941E-002
  0.648000000000000       2.379230271422590E-002
  0.652000000000000       2.350154170113560E-002
  0.656000000000000       2.321607666877159E-002
  0.660000000000000       2.293577981651376E-002
  0.664000000000000       2.266052717450419E-002
  0.668000000000000       2.239019846671921E-002
  0.672000000000000       2.212467697971610E-002
  0.676000000000000       2.186384943678724E-002
  0.680000000000000       2.160760587726880E-002
  0.684000000000000       2.135583954076403E-002
  0.688000000000000       2.110844675605390E-002
  0.692000000000000       2.086532683447953E-002
  0.696000000000000       2.062638196759183E-002
  0.700000000000000       2.039151712887439E-002
  0.704000000000000       2.016063997935550E-002
  0.708000000000000       1.993366077693437E-002
  0.712000000000000       1.971049228925542E-002
  0.716000000000000       1.949104970997318E-002
  0.720000000000000       1.927525057825752E-002
  0.724000000000000       1.906301470139694E-002
  0.728000000000000       1.885426408036442E-002
  0.732000000000000       1.864892283821687E-002
  0.736000000000000       1.844691715120569E-002
  0.740000000000000       1.824817518248175E-002
  0.744000000000000       1.805262701828370E-002
  0.748000000000000       1.786020460650397E-002
  0.752000000000000       1.767084169753174E-002
  0.756000000000000       1.748447378727690E-002
  0.760000000000000       1.730103806228374E-002
  0.764000000000000       1.712047334684709E-002
  0.768000000000000       1.694272005204803E-002
  0.772000000000000       1.676772012662982E-002
  0.776000000000000       1.659541700963862E-002
  0.780000000000000       1.642575558475690E-002
  0.784000000000000       1.625868213626076E-002
  0.788000000000000       1.609414430653551E-002
  0.792000000000000       1.593209105508680E-002
  0.796000000000000       1.577247261898753E-002
  0.800000000000000       1.561524047470331E-002
  0.804000000000000       1.546034730124177E-002
  0.808000000000000       1.530774694457371E-002
  0.812000000000000       1.515739438327593E-002
  0.816000000000000       1.500924569534833E-002
  0.820000000000000       1.486325802615933E-002
  0.824000000000000       1.471938955747627E-002
  0.828000000000000       1.457759947753883E-002
  0.832000000000000       1.443784795213564E-002
  0.836000000000000       1.430009609664577E-002
  0.840000000000000       1.416430594900849E-002
  0.844000000000000       1.403044044358640E-002
  0.848000000000000       1.389846338588805E-002
  0.852000000000000       1.376833942811825E-002
  0.856000000000000       1.364003404552497E-002
  0.860000000000000       1.351351351351351E-002
  0.864000000000000       1.338874488549945E-002
  0.868000000000000       1.326569597147344E-002
  0.872000000000000       1.314433531725167E-002
  0.876000000000000       1.302463218438711E-002
  0.880000000000000       1.290655653071761E-002
  0.884000000000000       1.279007899152785E-002
  0.888000000000000       1.267517086130321E-002
  0.892000000000000       1.256180407605419E-002
  0.896000000000000       1.244995119619131E-002
  0.900000000000000       1.233958538993090E-002
  0.904000000000000       1.223068041721297E-002
  0.908000000000000       1.212321061411336E-002
  0.912000000000000       1.201715087773270E-002
  0.916000000000000       1.191247665154576E-002
  0.920000000000000       1.180916391119509E-002
  0.924000000000000       1.170718915071367E-002
  0.928000000000000       1.160652936916192E-002
  0.932000000000000       1.150716205766469E-002
  0.936000000000000       1.140906518683485E-002
  0.940000000000000       1.131221719457014E-002
  0.944000000000000       1.121659697421080E-002
  0.948000000000000       1.112218386304588E-002
  0.952000000000000       1.102895763115636E-002
  0.956000000000000       1.093689847058412E-002
  0.960000000000000       1.084598698481562E-002
  0.964000000000000       1.075620417857020E-002
  0.968000000000000       1.066753144788271E-002
  0.972000000000000       1.057995057047093E-002
  0.976000000000000       1.049344369637850E-002
  0.980000000000000       1.040799333888426E-002
  0.984000000000000       1.032358236566954E-002
  0.988000000000000       1.024019399023495E-002
  0.992000000000000       1.015781176355865E-002
  0.996000000000000       1.007641956598846E-002
