  -1.00000000000000       9.615384615384617E-002
 -0.996000000000000       9.689772251593000E-002
 -0.992000000000000       9.765014686582091E-002
 -0.988000000000000       9.841124879938279E-002
 -0.984000000000000       9.918116034023107E-002
 -0.980000000000000       9.996001599360259E-002
 -0.976000000000000       0.100747952801599     
 -0.972000000000000       0.101545110399844     
 -0.968000000000000       0.102351631075593     
 -0.964000000000000       0.103167659827339     
 -0.960000000000000       0.103993344425957     
 -0.956000000000000       0.104828835477432     
 -0.952000000000000       0.105674286487218     
 -0.948000000000000       0.106529853926264     
 -0.944000000000000       0.107395697298783     
 -0.940000000000000       0.108271979211780     
 -0.936000000000000       0.109158865446416     
 -0.932000000000000       0.110056525031256     
 -0.928000000000000       0.110965130317449     
 -0.924000000000000       0.111884857055907     
 -0.920000000000000       0.112815884476534     
 -0.916000000000000       0.113758395369578     
 -0.912000000000000       0.114712576169151     
 -0.908000000000000       0.115678617038998     
 -0.904000000000000       0.116656711960579     
 -0.900000000000000       0.117647058823529     
 -0.896000000000000       0.118649859518566     
 -0.892000000000000       0.119665320032932     
 -0.888000000000000       0.120693650548432     
 -0.884000000000000       0.121735065542159     
 -0.880000000000000       0.122789783889980     
 -0.876000000000000       0.123858028972870     
 -0.872000000000000       0.124940028786183     
 -0.868000000000000       0.126036016051947     
 -0.864000000000000       0.127146228334283     
 -0.860000000000000       0.128270908158030     
 -0.856000000000000       0.129410303130694     
 -0.852000000000000       0.130564666067810     
 -0.848000000000000       0.131734255121828     
 -0.844000000000000       0.132919333914634     
 -0.840000000000000       0.134120171673820     
 -0.836000000000000       0.135337043372816     
 -0.832000000000000       0.136570229875011     
 -0.828000000000000       0.137820018081986     
 -0.824000000000000       0.139086701085989     
 -0.820000000000000       0.140370578326783     
 -0.816000000000000       0.141671955753015     
 -0.812000000000000       0.142991145988240     
 -0.808000000000000       0.144328468501755     
 -0.804000000000000       0.145684249784387     
 -0.800000000000000       0.147058823529412     
 -0.796000000000000       0.148452530818745     
 -0.792000000000000       0.149865720314598     
 -0.788000000000000       0.151298748456753     
 -0.784000000000000       0.152751979665656     
 -0.780000000000000       0.154225786551511     
 -0.776000000000000       0.155720550129560     
 -0.772000000000000       0.157236660041762     
 -0.768000000000000       0.158774514785083     
 -0.764000000000000       0.160334521946589     
 -0.760000000000000       0.161917098445596     
 -0.756000000000000       0.163522670783077     
 -0.752000000000000       0.165151675298594     
 -0.748000000000000       0.166804558434973     
 -0.744000000000000       0.168481777010999     
 -0.740000000000000       0.170183798502383     
 -0.736000000000000       0.171911101331280     
 -0.732000000000000       0.173664175164634     
 -0.728000000000000       0.175443521221648     
 -0.724000000000000       0.177249652590681     
 -0.720000000000000       0.179083094555874     
 -0.716000000000000       0.180944384933847     
 -0.712000000000000       0.182834074420782     
 -0.708000000000000       0.184752726950250     
 -0.704000000000000       0.186700920062134     
 -0.700000000000000       0.188679245283019     
 -0.696000000000000       0.190688308518428     
 -0.692000000000000       0.192728730457307     
 -0.688000000000000       0.194801146989154     
 -0.684000000000000       0.196906209634227     
 -0.680000000000000       0.199044585987261     
 -0.676000000000000       0.201216960175139     
 -0.672000000000000       0.203424033328994     
 -0.668000000000000       0.205666524071210     
 -0.664000000000000       0.207945169017833     
 -0.660000000000000       0.210260723296888     
 -0.656000000000000       0.212613961083141     
 -0.652000000000000       0.215005676149850     
 -0.648000000000000       0.217436682438074     
 -0.644000000000000       0.219907814644101     
 -0.640000000000000       0.222419928825623     
 -0.636000000000000       0.224973903027249     
 -0.632000000000000       0.227570637926012     
 -0.628000000000000       0.230211057497514     
 -0.624000000000000       0.232896109703384     
 -0.620000000000000       0.235626767200754     
 -0.616000000000000       0.238404028074458     
 -0.612000000000000       0.241228916592690     
 -0.608000000000000       0.244102483986877     
 -0.604000000000000       0.247025809256551     
 -0.600000000000000       0.250000000000000     
 -0.596000000000000       0.253026193271527     
 -0.592000000000000       0.256105556466153     
 -0.588000000000000       0.259239288232610     
 -0.584000000000000       0.262428619415519     
 -0.580000000000000       0.265674814027630     
 -0.576000000000000       0.268979170253056     
 -0.572000000000000       0.272343021482418     
 -0.568000000000000       0.275767737380868     
 -0.564000000000000       0.279254724989947     
 -0.560000000000000       0.282805429864253     
 -0.556000000000000       0.286421337243939     
 -0.552000000000000       0.290103973264018     
 -0.548000000000000       0.293854906201514     
 -0.544000000000000       0.297675747761478     
 -0.540000000000000       0.301568154402895     
 -0.536000000000000       0.305533828705514     
 -0.532000000000000       0.309574520778642     
 -0.528000000000000       0.313692029712909     
 -0.524000000000000       0.317888205076039     
 -0.520000000000000       0.322164948453608     
 -0.516000000000000       0.326524215035787     
 -0.512000000000000       0.330968015251006     
 -0.508000000000000       0.335498416447474     
 -0.504000000000000       0.340117544623422     
 -0.500000000000000       0.344827586206897     
 -0.496000000000000       0.349630789885880     
 -0.492000000000000       0.354529468489421     
 -0.488000000000000       0.359526000920387     
 -0.484000000000000       0.364622834140365     
 -0.480000000000000       0.369822485207101     
 -0.476000000000000       0.375127543364744     
 -0.472000000000000       0.380540672187043     
 -0.468000000000000       0.386064611773426     
 -0.464000000000000       0.391702180997744     
 -0.460000000000000       0.397456279809221     
 -0.456000000000000       0.403329891584925     
 -0.452000000000000       0.409326085532779     
 -0.448000000000000       0.415448019143845     
 -0.444000000000000       0.421698940692261     
 -0.440000000000000       0.428082191780822     
 -0.436000000000000       0.434601209929768     
 -0.432000000000000       0.441259531205874     
 -0.428000000000000       0.448060792888379     
 -0.424000000000000       0.455008736167734     
 -0.420000000000000       0.462107208872458     
 -0.416000000000000       0.469360168218684     
 -0.412000000000000       0.476771683576169     
 -0.408000000000000       0.484345939243645     
 -0.404000000000000       0.492087237225415     
 -0.400000000000000       0.500000000000000     
 -0.396000000000000       0.508088773270466     
 -0.392000000000000       0.516358228684732     
 -0.388000000000000       0.524813166512721     
 -0.384000000000000       0.533458518265620     
 -0.380000000000000       0.542299349240781     
 -0.376000000000000       0.551340860973888     
 -0.372000000000000       0.560588393577899     
 -0.368000000000000       0.570047427946005     
 -0.364000000000000       0.579723587793340     
 -0.360000000000000       0.589622641509434     
 -0.356000000000000       0.599750503790423     
 -0.352000000000000       0.610113237016790     
 -0.348000000000000       0.620717052338862     
 -0.344000000000000       0.631568310428456     
 -0.340000000000000       0.642673521850900     
 -0.336000000000000       0.654039347007116     
 -0.332000000000000       0.665672595590585     
 -0.328000000000000       0.677580225498699     
 -0.324000000000000       0.689769341132325     
 -0.320000000000000       0.702247191011236     
 -0.316000000000000       0.715021164626473     
 -0.312000000000000       0.728098788443616     
 -0.308000000000000       0.741487720963340     
 -0.304000000000000       0.755195746737554     
 -0.300000000000000       0.769230769230769     
 -0.296000000000000       0.783600802407221     
 -0.292000000000000       0.798313960914548     
 -0.288000000000000       0.813378448724622     
 -0.284000000000000       0.828802546081421     
 -0.280000000000000       0.844594594594594     
 -0.276000000000000       0.860762980305743     
 -0.272000000000000       0.877316114542392     
 -0.268000000000000       0.894262412362283     
 -0.264000000000000       0.911610268378063     
 -0.260000000000000       0.929368029739777     
 -0.256000000000000       0.947543966040024     
 -0.252000000000000       0.966146235894265     
 -0.248000000000000       0.985182849936948     
 -0.244000000000000        1.00466162996303     
 -0.240000000000000        1.02459016393443     
 -0.236000000000000        1.04497575656245     
 -0.232000000000000        1.06582537517053     
 -0.228000000000000        1.08714559053748     
 -0.224000000000000        1.10894251242016     
 -0.220000000000000        1.13122171945701     
 -0.216000000000000        1.15398818316100     
 -0.212000000000000        1.17724618572236     
 -0.208000000000000        1.20099923136049     
 -0.204000000000000        1.22524995099000     
 -0.200000000000000        1.25000000000000     
 -0.196000000000000        1.27524994899000     
 -0.192000000000000        1.30099916736053     
 -0.188000000000000        1.32724569972393     
 -0.184000000000000        1.35398613518198     
 -0.180000000000000        1.38121546961326     
 -0.176000000000000        1.40892696122633     
 -0.172000000000000        1.43711197976546     
 -0.168000000000000        1.46575984990619     
 -0.164000000000000        1.49485768954795     
 -0.160000000000000        1.52439024390244     
 -0.156000000000000        1.55433971648844     
 -0.152000000000000        1.58468559837728     
 -0.148000000000000        1.61540449728612     
 -0.144000000000000        1.64646996838778     
 -0.140000000000000        1.67785234899329     
 -0.136000000000000        1.70951859956236     
 -0.132000000000000        1.74143215380329     
 -0.128000000000000        1.77355278093076     
 -0.124000000000000        1.80583646344987     
 -0.120000000000000        1.83823529411765     
 -0.116000000000000        1.87069739598922     
 -0.112000000000000        1.90316686967113     
 -0.108000000000000        1.93558377206565     
 -0.104000000000000        1.96788413098237     
 -0.100000000000000        2.00000000000000     
 -9.599999999999997E-002   2.03185955786736     
 -9.199999999999997E-002   2.06338725652030     
 -8.799999999999997E-002   2.09450402144772     
 -8.399999999999996E-002   2.12512750765046     
 -7.999999999999996E-002   2.15517241379310     
 -7.599999999999996E-002   2.18455085634394     
 -7.199999999999995E-002   2.21317280453258     
 -6.799999999999995E-002   2.24094657583363     
 -6.399999999999995E-002   2.26777939042090     
 -6.000000000000005E-002   2.29357798165138     
 -5.600000000000005E-002   2.31824925816024     
 -5.200000000000005E-002   2.34170101161484     
 -4.800000000000004E-002   2.36384266263237     
 -4.400000000000004E-002   2.38458603586417     
 -4.000000000000004E-002   2.40384615384615     
 -3.600000000000003E-002   2.42154203796978     
 -3.200000000000003E-002   2.43759750390016     
 -2.800000000000002E-002   2.45194193801491     
 -2.400000000000002E-002   2.46451104100946     
 -2.000000000000002E-002   2.47524752475247     
 -1.600000000000001E-002   2.48410174880763     
 -1.200000000000001E-002   2.49103228377840     
 -8.000000000000007E-003   2.49600638977636     
 -4.000000000000004E-003   2.49900039984006     
  0.000000000000000E+000   2.50000000000000     
  4.000000000000004E-003   2.49900039984006     
  8.000000000000007E-003   2.49600638977636     
  1.200000000000001E-002   2.49103228377840     
  1.600000000000001E-002   2.48410174880763     
  2.000000000000002E-002   2.47524752475248     
  2.400000000000002E-002   2.46451104100946     
  2.800000000000002E-002   2.45194193801491     
  3.200000000000003E-002   2.43759750390016     
  3.600000000000003E-002   2.42154203796978     
  4.000000000000004E-002   2.40384615384615     
  4.400000000000004E-002   2.38458603586417     
  4.800000000000004E-002   2.36384266263238     
  5.200000000000005E-002   2.34170101161484     
  5.600000000000005E-002   2.31824925816024     
  6.000000000000005E-002   2.29357798165138     
  6.400000000000006E-002   2.26777939042090     
  6.800000000000006E-002   2.24094657583363     
  7.200000000000006E-002   2.21317280453258     
  7.600000000000007E-002   2.18455085634394     
  8.000000000000007E-002   2.15517241379310     
  8.400000000000007E-002   2.12512750765046     
  8.800000000000008E-002   2.09450402144772     
  9.200000000000008E-002   2.06338725652030     
  9.600000000000009E-002   2.03185955786736     
  0.100000000000000        2.00000000000000     
  0.104000000000000        1.96788413098237     
  0.108000000000000        1.93558377206565     
  0.112000000000000        1.90316686967113     
  0.116000000000000        1.87069739598922     
  0.120000000000000        1.83823529411765     
  0.124000000000000        1.80583646344987     
  0.128000000000000        1.77355278093076     
  0.132000000000000        1.74143215380329     
  0.136000000000000        1.70951859956236     
  0.140000000000000        1.67785234899329     
  0.144000000000000        1.64646996838778     
  0.148000000000000        1.61540449728612     
  0.152000000000000        1.58468559837728     
  0.156000000000000        1.55433971648844     
  0.160000000000000        1.52439024390244     
  0.164000000000000        1.49485768954796     
  0.168000000000000        1.46575984990619     
  0.172000000000000        1.43711197976546     
  0.176000000000000        1.40892696122633     
  0.180000000000000        1.38121546961326     
  0.184000000000000        1.35398613518198     
  0.188000000000000        1.32724569972393     
  0.192000000000000        1.30099916736053     
  0.196000000000000        1.27524994899000     
  0.200000000000000        1.25000000000000     
  0.204000000000000        1.22524995099000     
  0.208000000000000        1.20099923136049     
  0.212000000000000        1.17724618572236     
  0.216000000000000        1.15398818316100     
  0.220000000000000        1.13122171945701     
  0.224000000000000        1.10894251242016     
  0.228000000000000        1.08714559053748     
  0.232000000000000        1.06582537517053     
  0.236000000000000        1.04497575656245     
  0.240000000000000        1.02459016393443     
  0.244000000000000        1.00466162996303     
  0.248000000000000       0.985182849936948     
  0.252000000000000       0.966146235894265     
  0.256000000000000       0.947543966040025     
  0.260000000000000       0.929368029739777     
  0.264000000000000       0.911610268378063     
  0.268000000000000       0.894262412362284     
  0.272000000000000       0.877316114542392     
  0.276000000000000       0.860762980305743     
  0.280000000000000       0.844594594594595     
  0.284000000000000       0.828802546081422     
  0.288000000000000       0.813378448724623     
  0.292000000000000       0.798313960914549     
  0.296000000000000       0.783600802407222     
  0.300000000000000       0.769230769230769     
  0.304000000000000       0.755195746737554     
  0.308000000000000       0.741487720963341     
  0.312000000000000       0.728098788443616     
  0.316000000000000       0.715021164626473     
  0.320000000000000       0.702247191011236     
  0.324000000000000       0.689769341132325     
  0.328000000000000       0.677580225498699     
  0.332000000000000       0.665672595590585     
  0.336000000000000       0.654039347007116     
  0.340000000000000       0.642673521850900     
  0.344000000000000       0.631568310428456     
  0.348000000000000       0.620717052338862     
  0.352000000000000       0.610113237016790     
  0.356000000000000       0.599750503790423     
  0.360000000000000       0.589622641509434     
  0.364000000000000       0.579723587793340     
  0.368000000000000       0.570047427946005     
  0.372000000000000       0.560588393577899     
  0.376000000000000       0.551340860973889     
  0.380000000000000       0.542299349240781     
  0.384000000000000       0.533458518265620     
  0.388000000000000       0.524813166512722     
  0.392000000000000       0.516358228684733     
  0.396000000000000       0.508088773270466     
  0.400000000000000       0.500000000000000     
  0.404000000000000       0.492087237225416     
  0.408000000000000       0.484345939243646     
  0.412000000000000       0.476771683576169     
  0.416000000000000       0.469360168218685     
  0.420000000000000       0.462107208872459     
  0.424000000000000       0.455008736167735     
  0.428000000000000       0.448060792888379     
  0.432000000000000       0.441259531205874     
  0.436000000000000       0.434601209929769     
  0.440000000000000       0.428082191780822     
  0.444000000000000       0.421698940692261     
  0.448000000000000       0.415448019143845     
  0.452000000000000       0.409326085532779     
  0.456000000000000       0.403329891584925     
  0.460000000000000       0.397456279809221     
  0.464000000000000       0.391702180997744     
  0.468000000000000       0.386064611773427     
  0.472000000000000       0.380540672187043     
  0.476000000000000       0.375127543364744     
  0.480000000000000       0.369822485207101     
  0.484000000000000       0.364622834140365     
  0.488000000000000       0.359526000920387     
  0.492000000000000       0.354529468489421     
  0.496000000000000       0.349630789885881     
  0.500000000000000       0.344827586206897     
  0.504000000000000       0.340117544623422     
  0.508000000000000       0.335498416447474     
  0.512000000000000       0.330968015251006     
  0.516000000000000       0.326524215035787     
  0.520000000000000       0.322164948453608     
  0.524000000000000       0.317888205076039     
  0.528000000000000       0.313692029712909     
  0.532000000000000       0.309574520778642     
  0.536000000000000       0.305533828705514     
  0.540000000000000       0.301568154402895     
  0.544000000000000       0.297675747761478     
  0.548000000000000       0.293854906201514     
  0.552000000000000       0.290103973264018     
  0.556000000000000       0.286421337243939     
  0.560000000000000       0.282805429864253     
  0.564000000000000       0.279254724989947     
  0.568000000000000       0.275767737380868     
  0.572000000000000       0.272343021482418     
  0.576000000000000       0.268979170253056     
  0.580000000000000       0.265674814027630     
  0.584000000000000       0.262428619415519     
  0.588000000000000       0.259239288232610     
  0.592000000000000       0.256105556466153     
  0.596000000000000       0.253026193271527     
  0.600000000000000       0.250000000000000     
  0.604000000000000       0.247025809256551     
  0.608000000000000       0.244102483986877     
  0.612000000000000       0.241228916592690     
  0.616000000000000       0.238404028074458     
  0.620000000000000       0.235626767200754     
  0.624000000000000       0.232896109703383     
  0.628000000000000       0.230211057497514     
  0.632000000000000       0.227570637926012     
  0.636000000000000       0.224973903027249     
  0.640000000000000       0.222419928825623     
  0.644000000000000       0.219907814644101     
  0.648000000000000       0.217436682438074     
  0.652000000000000       0.215005676149850     
  0.656000000000000       0.212613961083141     
  0.660000000000000       0.210260723296888     
  0.664000000000000       0.207945169017833     
  0.668000000000000       0.205666524071210     
  0.672000000000000       0.203424033328994     
  0.676000000000000       0.201216960175139     
  0.680000000000000       0.199044585987261     
  0.684000000000000       0.196906209634227     
  0.688000000000000       0.194801146989153     
  0.692000000000000       0.192728730457307     
  0.696000000000000       0.190688308518428     
  0.700000000000000       0.188679245283019     
  0.704000000000000       0.186700920062134     
  0.708000000000000       0.184752726950250     
  0.712000000000000       0.182834074420782     
  0.716000000000000       0.180944384933847     
  0.720000000000000       0.179083094555874     
  0.724000000000000       0.177249652590681     
  0.728000000000000       0.175443521221648     
  0.732000000000000       0.173664175164634     
  0.736000000000000       0.171911101331280     
  0.740000000000000       0.170183798502383     
  0.744000000000000       0.168481777010998     
  0.748000000000000       0.166804558434973     
  0.752000000000000       0.165151675298594     
  0.756000000000000       0.163522670783077     
  0.760000000000000       0.161917098445596     
  0.764000000000000       0.160334521946589     
  0.768000000000000       0.158774514785083     
  0.772000000000000       0.157236660041762     
  0.776000000000000       0.155720550129559     
  0.780000000000000       0.154225786551511     
  0.784000000000000       0.152751979665656     
  0.788000000000000       0.151298748456753     
  0.792000000000000       0.149865720314598     
  0.796000000000000       0.148452530818745     
  0.800000000000000       0.147058823529412     
  0.804000000000000       0.145684249784387     
  0.808000000000000       0.144328468501755     
  0.812000000000000       0.142991145988240     
  0.816000000000000       0.141671955753015     
  0.820000000000000       0.140370578326783     
  0.824000000000000       0.139086701085989     
  0.828000000000000       0.137820018081986     
  0.832000000000000       0.136570229875011     
  0.836000000000000       0.135337043372816     
  0.840000000000000       0.134120171673820     
  0.844000000000000       0.132919333914634     
  0.848000000000000       0.131734255121828     
  0.852000000000000       0.130564666067810     
  0.856000000000000       0.129410303130694     
  0.860000000000000       0.128270908158030     
  0.864000000000000       0.127146228334283     
  0.868000000000000       0.126036016051947     
  0.872000000000000       0.124940028786183     
  0.876000000000000       0.123858028972870     
  0.880000000000000       0.122789783889980     
  0.884000000000000       0.121735065542159     
  0.888000000000000       0.120693650548432     
  0.892000000000000       0.119665320032932     
  0.896000000000000       0.118649859518566     
  0.900000000000000       0.117647058823529     
  0.904000000000000       0.116656711960579     
  0.908000000000000       0.115678617038998     
  0.912000000000000       0.114712576169151     
  0.916000000000000       0.113758395369578     
  0.920000000000000       0.112815884476534     
  0.924000000000000       0.111884857055907     
  0.928000000000000       0.110965130317449     
  0.932000000000000       0.110056525031256     
  0.936000000000000       0.109158865446416     
  0.940000000000000       0.108271979211780     
  0.944000000000000       0.107395697298783     
  0.948000000000000       0.106529853926264     
  0.952000000000000       0.105674286487218     
  0.956000000000000       0.104828835477432     
  0.960000000000000       0.103993344425957     
  0.964000000000000       0.103167659827339     
  0.968000000000000       0.102351631075593     
  0.972000000000000       0.101545110399844     
  0.976000000000000       0.100747952801599     
  0.980000000000000       9.996001599360256E-002
  0.984000000000000       9.918116034023104E-002
  0.988000000000000       9.841124879938276E-002
  0.992000000000000       9.765014686582088E-002
  0.996000000000000       9.689772251592997E-002
