  -1.00000000000000       9.836616204025818E-002
 -0.996000000000000       9.912566329574941E-002
 -0.992000000000000       9.989386885543070E-002
 -0.988000000000000       0.100670910231995     
 -0.984000000000000       0.101456921391177     
 -0.980000000000000       0.102252038805896     
 -0.976000000000000       0.103056401511762     
 -0.972000000000000       0.103870151164004     
 -0.968000000000000       0.104693432095840     
 -0.964000000000000       0.105526391378339     
 -0.960000000000000       0.106369178881826     
 -0.956000000000000       0.107221947338856     
 -0.952000000000000       0.108084852408816     
 -0.948000000000000       0.108958052744202     
 -0.944000000000000       0.109841710058607     
 -0.940000000000000       0.110735989196489     
 -0.936000000000000       0.111641058204746     
 -0.932000000000000       0.112557088406181     
 -0.928000000000000       0.113484254474878     
 -0.924000000000000       0.114422734513581     
 -0.920000000000000       0.115372710133101     
 -0.916000000000000       0.116334366533837     
 -0.912000000000000       0.117307892589460     
 -0.908000000000000       0.118293480932822     
 -0.904000000000000       0.119291328044169     
 -0.900000000000000       0.120301634341715     
 -0.896000000000000       0.121324604274651     
 -0.892000000000000       0.122360446418659     
 -0.888000000000000       0.123409373574020     
 -0.884000000000000       0.124471602866369     
 -0.880000000000000       0.125547355850201     
 -0.876000000000000       0.126636858615198     
 -0.872000000000000       0.127740341895467     
 -0.868000000000000       0.128858041181773     
 -0.864000000000000       0.129990196836863     
 -0.860000000000000       0.131137054213977     
 -0.856000000000000       0.132298863778636     
 -0.852000000000000       0.133475881233812     
 -0.848000000000000       0.134668367648585     
 -0.844000000000000       0.135876589590395     
 -0.840000000000000       0.137100819260993     
 -0.836000000000000       0.138341334636216     
 -0.832000000000000       0.139598419609696     
 -0.828000000000000       0.140872364140630     
 -0.824000000000000       0.142163464405736     
 -0.820000000000000       0.143472022955524     
 -0.816000000000000       0.144798348875023     
 -0.812000000000000       0.146142757949097     
 -0.808000000000000       0.147505572832496     
 -0.804000000000000       0.148887123224793     
 -0.800000000000000       0.150287746050365     
 -0.796000000000000       0.151707785643559     
 -0.792000000000000       0.153147593939240     
 -0.788000000000000       0.154607530668855     
 -0.784000000000000       0.156087963562217     
 -0.780000000000000       0.157589268555175     
 -0.776000000000000       0.159111830003369     
 -0.772000000000000       0.160656040902244     
 -0.768000000000000       0.162222303113560     
 -0.764000000000000       0.163811027598562     
 -0.760000000000000       0.165422634658059     
 -0.756000000000000       0.167057554179617     
 -0.752000000000000       0.168716225892097     
 -0.748000000000000       0.170399099627782     
 -0.744000000000000       0.172106635592324     
 -0.740000000000000       0.173839304642781     
 -0.736000000000000       0.175597588573993     
 -0.732000000000000       0.177381980413568     
 -0.728000000000000       0.179192984725765     
 -0.724000000000000       0.181031117924553     
 -0.720000000000000       0.182896908596155     
 -0.716000000000000       0.184790897831366     
 -0.712000000000000       0.186713639567990     
 -0.708000000000000       0.188665700943697     
 -0.704000000000000       0.190647662659656     
 -0.700000000000000       0.192660119355294     
 -0.696000000000000       0.194703679994529     
 -0.692000000000000       0.196778968263872     
 -0.688000000000000       0.198886622982756     
 -0.684000000000000       0.201027298526519     
 -0.680000000000000       0.203201665262428     
 -0.676000000000000       0.205410409999178     
 -0.672000000000000       0.207654236450308     
 -0.668000000000000       0.209933865711963     
 -0.664000000000000       0.212250036755494     
 -0.660000000000000       0.214603506935357     
 -0.656000000000000       0.216995052512803     
 -0.652000000000000       0.219425469195875     
 -0.648000000000000       0.221895572696237     
 -0.644000000000000       0.224406199303356     
 -0.640000000000000       0.226958206476612     
 -0.636000000000000       0.229552473455896     
 -0.632000000000000       0.232189901891272     
 -0.628000000000000       0.234871416492327     
 -0.624000000000000       0.237597965697808     
 -0.620000000000000       0.240370522366184     
 -0.616000000000000       0.243190084487794     
 -0.612000000000000       0.246057675919236     
 -0.608000000000000       0.248974347140681     
 -0.604000000000000       0.251941176036830     
 -0.600000000000000       0.254959268702195     
 -0.596000000000000       0.258029760271473     
 -0.592000000000000       0.261153815775729     
 -0.588000000000000       0.264332631025172     
 -0.584000000000000       0.267567433519282     
 -0.580000000000000       0.270859483385083     
 -0.576000000000000       0.274210074344370     
 -0.572000000000000       0.277620534710692     
 -0.568000000000000       0.281092228416916     
 -0.564000000000000       0.284626556074208     
 -0.560000000000000       0.288224956063269     
 -0.556000000000000       0.291888905658658     
 -0.552000000000000       0.295619922187068     
 -0.548000000000000       0.299419564220384     
 -0.544000000000000       0.303289432804377     
 -0.540000000000000       0.307231172723867     
 -0.536000000000000       0.311246473805193     
 -0.532000000000000       0.315337072256798     
 -0.528000000000000       0.319504752048727     
 -0.524000000000000       0.323751346331818     
 -0.520000000000000       0.328078738897335     
 -0.516000000000000       0.332488865677742     
 -0.512000000000000       0.336983716289300     
 -0.508000000000000       0.341565335617100     
 -0.504000000000000       0.346235825443097     
 -0.500000000000000       0.350997346117627     
 -0.496000000000000       0.355852118274829     
 -0.492000000000000       0.360802424592293     
 -0.488000000000000       0.365850611595144     
 -0.484000000000000       0.370999091504664     
 -0.480000000000000       0.376250344131412     
 -0.476000000000000       0.381606918812663     
 -0.472000000000000       0.387071436393778     
 -0.468000000000000       0.392646591252983     
 -0.464000000000000       0.398335153368750     
 -0.460000000000000       0.404139970428783     
 -0.456000000000000       0.410063969979317     
 -0.452000000000000       0.416110161613127     
 -0.448000000000000       0.422281639194328     
 -0.444000000000000       0.428581583117649     
 -0.440000000000000       0.435013262599470     
 -0.436000000000000       0.441580037997424     
 -0.432000000000000       0.448285363154879     
 -0.428000000000000       0.455132787766030     
 -0.424000000000000       0.462125959756719     
 -0.420000000000000       0.469268627675403     
 -0.416000000000000       0.476564643087953     
 -0.412000000000000       0.484017962969084     
 -0.408000000000000       0.491632652082364     
 -0.404000000000000       0.499412885339674     
 -0.400000000000000       0.507362950129934     
 -0.396000000000000       0.515487248605670     
 -0.392000000000000       0.523790299914660     
 -0.388000000000000       0.532276742362478     
 -0.384000000000000       0.540951335490102     
 -0.380000000000000       0.549818962049081     
 -0.376000000000000       0.558884629854799     
 -0.372000000000000       0.568153473496333     
 -0.368000000000000       0.577630755879154     
 -0.364000000000000       0.587321869574435     
 -0.360000000000000       0.597232337946103     
 -0.356000000000000       0.607367816023844     
 -0.352000000000000       0.617734091087152     
 -0.348000000000000       0.628337082922105     
 -0.344000000000000       0.639182843708882     
 -0.340000000000000       0.650277557494052     
 -0.336000000000000       0.661627539197397     
 -0.332000000000000       0.673239233098411     
 -0.328000000000000       0.685119210742669     
 -0.324000000000000       0.697274168202937     
 -0.320000000000000       0.709710922624199     
 -0.316000000000000       0.722436407975698     
 -0.312000000000000       0.735457669926597     
 -0.308000000000000       0.748781859754984     
 -0.304000000000000       0.762416227192597     
 -0.300000000000000       0.776368112099981     
 -0.296000000000000       0.790644934858571     
 -0.292000000000000       0.805254185357729     
 -0.288000000000000       0.820203410445790     
 -0.284000000000000       0.835500199704926     
 -0.280000000000000       0.851152169400041     
 -0.276000000000000       0.867166944442094     
 -0.272000000000000       0.883552138196174     
 -0.268000000000000       0.900315329954589     
 -0.264000000000000       0.917464039885071     
 -0.260000000000000       0.935005701254276     
 -0.256000000000000       0.952947629717090     
 -0.252000000000000       0.971296989453136     
 -0.248000000000000       0.990060755923461     
 -0.244000000000000        1.00924567501305     
 -0.240000000000000        1.02885821831869     
 -0.236000000000000        1.04890453433755     
 -0.232000000000000        1.06939039530929     
 -0.228000000000000        1.09032113946537     
 -0.224000000000000        1.11170160844242     
 -0.220000000000000        1.13353607962400     
 -0.216000000000000        1.15582819318682     
 -0.212000000000000        1.17858087364463     
 -0.208000000000000        1.20179624570578     
 -0.204000000000000        1.22547554429048     
 -0.200000000000000        1.24961901859189     
 -0.196000000000000        1.27422583011151     
 -0.192000000000000        1.29929394465642     
 -0.188000000000000        1.32482001835360     
 -0.184000000000000        1.35079927781658     
 -0.180000000000000        1.37722539469264     
 -0.176000000000000        1.40409035492664     
 -0.172000000000000        1.43138432319960     
 -0.168000000000000        1.45909550313883     
 -0.164000000000000        1.48720999405116     
 -0.160000000000000        1.51571164510166     
 -0.156000000000000        1.54458190804840     
 -0.152000000000000        1.57379968984630     
 -0.148000000000000        1.60334120665113     
 -0.144000000000000        1.63317984098405     
 -0.140000000000000        1.66328600405679     
 -0.136000000000000        1.69362700550222     
 -0.132000000000000        1.72416693300140     
 -0.128000000000000        1.75486654453937     
 -0.124000000000000        1.78568317625128     
 -0.120000000000000        1.81657066902969     
 -0.116000000000000        1.84747931724374     
 -0.112000000000000        1.87835584306108     
 -0.108000000000000        1.90914339995157     
 -0.104000000000000        1.93978160897788     
 -0.100000000000000        1.97020663142720     
 -9.599999999999997E-002   2.00035128120060     
 -9.199999999999997E-002   2.03014518013825     
 -8.799999999999997E-002   2.05951495911109     
 -8.399999999999996E-002   2.08838450724313     
 -7.999999999999996E-002   2.11667527103769     
 -7.599999999999996E-002   2.14430660446434     
 -7.199999999999995E-002   2.17119617022178     
 -6.799999999999995E-002   2.19726039143390     
 -6.399999999999995E-002   2.22241495197416     
 -6.000000000000005E-002   2.24657534246575     
 -5.600000000000005E-002   2.26965744779788     
 -5.200000000000005E-002   2.29157817076170     
 -4.800000000000004E-002   2.31225608518126     
 -4.400000000000004E-002   2.33161211073451     
 -4.000000000000004E-002   2.34957020057307     
 -3.600000000000003E-002   2.36605803190139     
 -3.200000000000003E-002   2.38100768891263     
 -2.800000000000002E-002   2.39435632694060     
 -2.400000000000002E-002   2.40604680641299     
 -2.000000000000002E-002   2.41602828520919     
 -1.600000000000001E-002   2.42425675835482     
 -1.200000000000001E-002   2.43069553463445     
 -8.000000000000007E-003   2.43531564066621     
 -4.000000000000004E-003   2.43809614424015     
  0.000000000000000E+000   2.43902439024390     
  4.000000000000004E-003   2.43809614424015     
  8.000000000000007E-003   2.43531564066621     
  1.200000000000001E-002   2.43069553463445     
  1.600000000000001E-002   2.42425675835482     
  2.000000000000002E-002   2.41602828520919     
  2.400000000000002E-002   2.40604680641299     
  2.800000000000002E-002   2.39435632694060     
  3.200000000000003E-002   2.38100768891263     
  3.600000000000003E-002   2.36605803190139     
  4.000000000000004E-002   2.34957020057307     
  4.400000000000004E-002   2.33161211073451     
  4.800000000000004E-002   2.31225608518126     
  5.200000000000005E-002   2.29157817076170     
  5.600000000000005E-002   2.26965744779788     
  6.000000000000005E-002   2.24657534246575     
  6.400000000000006E-002   2.22241495197415     
  6.800000000000006E-002   2.19726039143390     
  7.200000000000006E-002   2.17119617022178     
  7.600000000000007E-002   2.14430660446434     
  8.000000000000007E-002   2.11667527103769     
  8.400000000000007E-002   2.08838450724313     
  8.800000000000008E-002   2.05951495911109     
  9.200000000000008E-002   2.03014518013825     
  9.600000000000009E-002   2.00035128120060     
  0.100000000000000        1.97020663142720     
  0.104000000000000        1.93978160897788     
  0.108000000000000        1.90914339995157     
  0.112000000000000        1.87835584306108     
  0.116000000000000        1.84747931724374     
  0.120000000000000        1.81657066902968     
  0.124000000000000        1.78568317625128     
  0.128000000000000        1.75486654453937     
  0.132000000000000        1.72416693300140     
  0.136000000000000        1.69362700550222     
  0.140000000000000        1.66328600405680     
  0.144000000000000        1.63317984098405     
  0.148000000000000        1.60334120665113     
  0.152000000000000        1.57379968984631     
  0.156000000000000        1.54458190804840     
  0.160000000000000        1.51571164510166     
  0.164000000000000        1.48720999405116     
  0.168000000000000        1.45909550313884     
  0.172000000000000        1.43138432319960     
  0.176000000000000        1.40409035492665     
  0.180000000000000        1.37722539469264     
  0.184000000000000        1.35079927781658     
  0.188000000000000        1.32482001835360     
  0.192000000000000        1.29929394465642     
  0.196000000000000        1.27422583011151     
  0.200000000000000        1.24961901859189     
  0.204000000000000        1.22547554429048     
  0.208000000000000        1.20179624570578     
  0.212000000000000        1.17858087364463     
  0.216000000000000        1.15582819318682     
  0.220000000000000        1.13353607962400     
  0.224000000000000        1.11170160844242     
  0.228000000000000        1.09032113946537     
  0.232000000000000        1.06939039530929     
  0.236000000000000        1.04890453433755     
  0.240000000000000        1.02885821831870     
  0.244000000000000        1.00924567501305     
  0.248000000000000       0.990060755923461     
  0.252000000000000       0.971296989453136     
  0.256000000000000       0.952947629717091     
  0.260000000000000       0.935005701254276     
  0.264000000000000       0.917464039885071     
  0.268000000000000       0.900315329954589     
  0.272000000000000       0.883552138196175     
  0.276000000000000       0.867166944442095     
  0.280000000000000       0.851152169400042     
  0.284000000000000       0.835500199704926     
  0.288000000000000       0.820203410445791     
  0.292000000000000       0.805254185357729     
  0.296000000000000       0.790644934858571     
  0.300000000000000       0.776368112099981     
  0.304000000000000       0.762416227192597     
  0.308000000000000       0.748781859754984     
  0.312000000000000       0.735457669926598     
  0.316000000000000       0.722436407975698     
  0.320000000000000       0.709710922624199     
  0.324000000000000       0.697274168202937     
  0.328000000000000       0.685119210742669     
  0.332000000000000       0.673239233098411     
  0.336000000000000       0.661627539197397     
  0.340000000000000       0.650277557494052     
  0.344000000000000       0.639182843708882     
  0.348000000000000       0.628337082922105     
  0.352000000000000       0.617734091087152     
  0.356000000000000       0.607367816023844     
  0.360000000000000       0.597232337946103     
  0.364000000000000       0.587321869574435     
  0.368000000000000       0.577630755879154     
  0.372000000000000       0.568153473496333     
  0.376000000000000       0.558884629854799     
  0.380000000000000       0.549818962049082     
  0.384000000000000       0.540951335490102     
  0.388000000000000       0.532276742362478     
  0.392000000000000       0.523790299914661     
  0.396000000000000       0.515487248605670     
  0.400000000000000       0.507362950129935     
  0.404000000000000       0.499412885339674     
  0.408000000000000       0.491632652082364     
  0.412000000000000       0.484017962969085     
  0.416000000000000       0.476564643087953     
  0.420000000000000       0.469268627675404     
  0.424000000000000       0.462125959756719     
  0.428000000000000       0.455132787766031     
  0.432000000000000       0.448285363154880     
  0.436000000000000       0.441580037997424     
  0.440000000000000       0.435013262599470     
  0.444000000000000       0.428581583117649     
  0.448000000000000       0.422281639194328     
  0.452000000000000       0.416110161613127     
  0.456000000000000       0.410063969979317     
  0.460000000000000       0.404139970428783     
  0.464000000000000       0.398335153368750     
  0.468000000000000       0.392646591252983     
  0.472000000000000       0.387071436393778     
  0.476000000000000       0.381606918812663     
  0.480000000000000       0.376250344131412     
  0.484000000000000       0.370999091504664     
  0.488000000000000       0.365850611595144     
  0.492000000000000       0.360802424592293     
  0.496000000000000       0.355852118274829     
  0.500000000000000       0.350997346117627     
  0.504000000000000       0.346235825443097     
  0.508000000000000       0.341565335617100     
  0.512000000000000       0.336983716289300     
  0.516000000000000       0.332488865677742     
  0.520000000000000       0.328078738897335     
  0.524000000000000       0.323751346331818     
  0.528000000000000       0.319504752048727     
  0.532000000000000       0.315337072256798     
  0.536000000000000       0.311246473805193     
  0.540000000000000       0.307231172723867     
  0.544000000000000       0.303289432804377     
  0.548000000000000       0.299419564220384     
  0.552000000000000       0.295619922187068     
  0.556000000000000       0.291888905658658     
  0.560000000000000       0.288224956063269     
  0.564000000000000       0.284626556074208     
  0.568000000000000       0.281092228416916     
  0.572000000000000       0.277620534710692     
  0.576000000000000       0.274210074344370     
  0.580000000000000       0.270859483385083     
  0.584000000000000       0.267567433519282     
  0.588000000000000       0.264332631025172     
  0.592000000000000       0.261153815775729     
  0.596000000000000       0.258029760271472     
  0.600000000000000       0.254959268702195     
  0.604000000000000       0.251941176036830     
  0.608000000000000       0.248974347140681     
  0.612000000000000       0.246057675919235     
  0.616000000000000       0.243190084487794     
  0.620000000000000       0.240370522366184     
  0.624000000000000       0.237597965697808     
  0.628000000000000       0.234871416492327     
  0.632000000000000       0.232189901891272     
  0.636000000000000       0.229552473455896     
  0.640000000000000       0.226958206476612     
  0.644000000000000       0.224406199303356     
  0.648000000000000       0.221895572696237     
  0.652000000000000       0.219425469195875     
  0.656000000000000       0.216995052512803     
  0.660000000000000       0.214603506935357     
  0.664000000000000       0.212250036755494     
  0.668000000000000       0.209933865711963     
  0.672000000000000       0.207654236450308     
  0.676000000000000       0.205410409999178     
  0.680000000000000       0.203201665262428     
  0.684000000000000       0.201027298526519     
  0.688000000000000       0.198886622982756     
  0.692000000000000       0.196778968263872     
  0.696000000000000       0.194703679994529     
  0.700000000000000       0.192660119355293     
  0.704000000000000       0.190647662659656     
  0.708000000000000       0.188665700943697     
  0.712000000000000       0.186713639567990     
  0.716000000000000       0.184790897831366     
  0.720000000000000       0.182896908596155     
  0.724000000000000       0.181031117924553     
  0.728000000000000       0.179192984725765     
  0.732000000000000       0.177381980413568     
  0.736000000000000       0.175597588573993     
  0.740000000000000       0.173839304642781     
  0.744000000000000       0.172106635592324     
  0.748000000000000       0.170399099627782     
  0.752000000000000       0.168716225892097     
  0.756000000000000       0.167057554179617     
  0.760000000000000       0.165422634658059     
  0.764000000000000       0.163811027598562     
  0.768000000000000       0.162222303113560     
  0.772000000000000       0.160656040902244     
  0.776000000000000       0.159111830003368     
  0.780000000000000       0.157589268555175     
  0.784000000000000       0.156087963562217     
  0.788000000000000       0.154607530668855     
  0.792000000000000       0.153147593939240     
  0.796000000000000       0.151707785643559     
  0.800000000000000       0.150287746050365     
  0.804000000000000       0.148887123224793     
  0.808000000000000       0.147505572832496     
  0.812000000000000       0.146142757949097     
  0.816000000000000       0.144798348875023     
  0.820000000000000       0.143472022955524     
  0.824000000000000       0.142163464405736     
  0.828000000000000       0.140872364140630     
  0.832000000000000       0.139598419609696     
  0.836000000000000       0.138341334636216     
  0.840000000000000       0.137100819260993     
  0.844000000000000       0.135876589590395     
  0.848000000000000       0.134668367648585     
  0.852000000000000       0.133475881233812     
  0.856000000000000       0.132298863778636     
  0.860000000000000       0.131137054213977     
  0.864000000000000       0.129990196836863     
  0.868000000000000       0.128858041181773     
  0.872000000000000       0.127740341895467     
  0.876000000000000       0.126636858615198     
  0.880000000000000       0.125547355850201     
  0.884000000000000       0.124471602866369     
  0.888000000000000       0.123409373574020     
  0.892000000000000       0.122360446418659     
  0.896000000000000       0.121324604274651     
  0.900000000000000       0.120301634341715     
  0.904000000000000       0.119291328044169     
  0.908000000000000       0.118293480932822     
  0.912000000000000       0.117307892589460     
  0.916000000000000       0.116334366533837     
  0.920000000000000       0.115372710133101     
  0.924000000000000       0.114422734513581     
  0.928000000000000       0.113484254474878     
  0.932000000000000       0.112557088406181     
  0.936000000000000       0.111641058204746     
  0.940000000000000       0.110735989196489     
  0.944000000000000       0.109841710058607     
  0.948000000000000       0.108958052744202     
  0.952000000000000       0.108084852408816     
  0.956000000000000       0.107221947338856     
  0.960000000000000       0.106369178881826     
  0.964000000000000       0.105526391378339     
  0.968000000000000       0.104693432095840     
  0.972000000000000       0.103870151164004     
  0.976000000000000       0.103056401511762     
  0.980000000000000       0.102252038805896     
  0.984000000000000       0.101456921391177     
  0.988000000000000       0.100670910231995     
  0.992000000000000       9.989386885543067E-002
  0.996000000000000       9.912566329574939E-002
