  -1.00000000000000       0.100565079973183     
 -0.996000000000000       0.101340004401052     
 -0.992000000000000       0.102123785699558     
 -0.988000000000000       0.102916557215725     
 -0.984000000000000       0.103718454772827     
 -0.980000000000000       0.104529616724739     
 -0.976000000000000       0.105350184011655     
 -0.972000000000000       0.106180300217215     
 -0.968000000000000       0.107020111627073     
 -0.964000000000000       0.107869767288955     
 -0.960000000000000       0.108729419074247     
 -0.956000000000000       0.109599221741145     
 -0.952000000000000       0.110479332999440     
 -0.948000000000000       0.111369913576947     
 -0.944000000000000       0.112271127287658     
 -0.940000000000000       0.113183141101649     
 -0.936000000000000       0.114106125216802     
 -0.932000000000000       0.115040253132382     
 -0.928000000000000       0.115985701724542     
 -0.924000000000000       0.116942651323791     
 -0.920000000000000       0.117911285794497     
 -0.916000000000000       0.118891792616480     
 -0.912000000000000       0.119884362968748     
 -0.908000000000000       0.120889191815456     
 -0.904000000000000       0.121906477994139     
 -0.900000000000000       0.122936424306287     
 -0.896000000000000       0.123979237610342     
 -0.892000000000000       0.125035128917172     
 -0.888000000000000       0.126104313488117     
 -0.884000000000000       0.127187010935660     
 -0.880000000000000       0.128283445326817     
 -0.876000000000000       0.129393845289325     
 -0.872000000000000       0.130518444120703     
 -0.868000000000000       0.131657479900291     
 -0.864000000000000       0.132811195604329     
 -0.860000000000000       0.133979839224193     
 -0.856000000000000       0.135163663887873     
 -0.852000000000000       0.136362927984790     
 -0.848000000000000       0.137577895294050     
 -0.844000000000000       0.138808835116256     
 -0.840000000000000       0.140056022408964     
 -0.836000000000000       0.141319737925911     
 -0.832000000000000       0.142600268360124     
 -0.828000000000000       0.143897906491029     
 -0.824000000000000       0.145212951335683     
 -0.820000000000000       0.146545708304257     
 -0.816000000000000       0.147896489359904     
 -0.812000000000000       0.149265613183139     
 -0.808000000000000       0.150653405340878     
 -0.804000000000000       0.152060198460282     
 -0.800000000000000       0.153486332407543     
 -0.796000000000000       0.154932154471785     
 -0.792000000000000       0.156398019554221     
 -0.788000000000000       0.157884290362743     
 -0.784000000000000       0.159391337612105     
 -0.780000000000000       0.160919540229885     
 -0.776000000000000       0.162469285568395     
 -0.772000000000000       0.164040969622737     
 -0.768000000000000       0.165634997255191     
 -0.764000000000000       0.167251782426138     
 -0.760000000000000       0.168891748431720     
 -0.756000000000000       0.170555328148451     
 -0.752000000000000       0.172242964285011     
 -0.748000000000000       0.173955109641421     
 -0.744000000000000       0.175692227375861     
 -0.740000000000000       0.177454791279365     
 -0.736000000000000       0.179243286058628     
 -0.732000000000000       0.181058207627206     
 -0.728000000000000       0.182900063405355     
 -0.724000000000000       0.184769372628793     
 -0.720000000000000       0.186666666666667     
 -0.716000000000000       0.188592489349015     
 -0.712000000000000       0.190547397304027     
 -0.708000000000000       0.192531960305411     
 -0.704000000000000       0.194546761630191     
 -0.700000000000000       0.196592398427261     
 -0.696000000000000       0.198669482097042     
 -0.692000000000000       0.200778638682586     
 -0.688000000000000       0.202920509272501     
 -0.684000000000000       0.205095750416051     
 -0.680000000000000       0.207305034550839     
 -0.676000000000000       0.209549050443446     
 -0.672000000000000       0.211828503643450     
 -0.668000000000000       0.214144116951240     
 -0.664000000000000       0.216496630900049     
 -0.660000000000000       0.218886804252658     
 -0.656000000000000       0.221315414513233     
 -0.652000000000000       0.223783258454745     
 -0.648000000000000       0.226291152662477     
 -0.644000000000000       0.228839934094099     
 -0.640000000000000       0.231430460656822     
 -0.636000000000000       0.234063611802156     
 -0.632000000000000       0.236740289138806     
 -0.628000000000000       0.239461417064249     
 -0.624000000000000       0.242227943415552     
 -0.620000000000000       0.245040840140023     
 -0.616000000000000       0.247901103986250     
 -0.612000000000000       0.250809757216155     
 -0.608000000000000       0.253767848338667     
 -0.604000000000000       0.256776452865625     
 -0.600000000000000       0.259836674090572     
 -0.596000000000000       0.262949643891054     
 -0.592000000000000       0.266116523555114     
 -0.588000000000000       0.269338504632622     
 -0.584000000000000       0.272616809812128     
 -0.580000000000000       0.275952693823916     
 -0.576000000000000       0.279347444369952     
 -0.572000000000000       0.282802383081415     
 -0.568000000000000       0.286318866504510     
 -0.564000000000000       0.289898287115263     
 -0.560000000000000       0.293542074363992     
 -0.556000000000000       0.297251695750150     
 -0.552000000000000       0.301028657928235     
 -0.548000000000000       0.304874507845437     
 -0.544000000000000       0.308790833911703     
 -0.540000000000000       0.312779267202860     
 -0.536000000000000       0.316841482697437     
 -0.532000000000000       0.320979200547804     
 -0.528000000000000       0.325194187386182     
 -0.524000000000000       0.329488257666093     
 -0.520000000000000       0.333863275039746     
 -0.516000000000000       0.338321153771798     
 -0.512000000000000       0.342863860189914     
 -0.508000000000000       0.347493414172436     
 -0.504000000000000       0.352211890673429     
 -0.500000000000000       0.357021421285277     
 -0.496000000000000       0.361924195838906     
 -0.492000000000000       0.366922464041598     
 -0.488000000000000       0.372018537152251     
 -0.484000000000000       0.377214789693773     
 -0.480000000000000       0.382513661202186     
 -0.476000000000000       0.387917658011793     
 -0.472000000000000       0.393429355075613     
 -0.468000000000000       0.399051397820039     
 -0.464000000000000       0.404786504032445     
 -0.460000000000000       0.410637465780211     
 -0.456000000000000       0.416607151359330     
 -0.452000000000000       0.422698507270414     
 -0.448000000000000       0.428914560219604     
 -0.444000000000000       0.435258419141422     
 -0.440000000000000       0.441733277240219     
 -0.436000000000000       0.448342414046354     
 -0.432000000000000       0.455089197482706     
 -0.428000000000000       0.461977085936537     
 -0.424000000000000       0.469009630331076     
 -0.420000000000000       0.476190476190476     
 -0.416000000000000       0.483523365691024     
 -0.412000000000000       0.491012139690615     
 -0.408000000000000       0.498660739727589     
 -0.404000000000000       0.506473209978969     
 -0.400000000000000       0.514453699167075     
 -0.396000000000000       0.522606462402198     
 -0.392000000000000       0.530935862947756     
 -0.388000000000000       0.539446373892850     
 -0.384000000000000       0.548142579715592     
 -0.380000000000000       0.557029177718833     
 -0.376000000000000       0.566110979318079     
 -0.372000000000000       0.575392911159334     
 -0.368000000000000       0.584880016042423     
 -0.364000000000000       0.594577453622958     
 -0.360000000000000       0.604490500863558     
 -0.356000000000000       0.614624552202112     
 -0.352000000000000       0.624985119401919     
 -0.348000000000000       0.635577831045253     
 -0.344000000000000       0.646408431628457     
 -0.340000000000000       0.657482780212899     
 -0.336000000000000       0.668806848582129     
 -0.332000000000000       0.680386718851248     
 -0.328000000000000       0.692228580469924     
 -0.324000000000000       0.704338726555582     
 -0.320000000000000       0.716723549488055     
 -0.316000000000000       0.729389535691461     
 -0.312000000000000       0.742343259523203     
 -0.308000000000000       0.755591376183759     
 -0.304000000000000       0.769140613554455     
 -0.300000000000000       0.782997762863534     
 -0.296000000000000       0.797169668073734     
 -0.292000000000000       0.811663213877122     
 -0.288000000000000       0.826485312175309     
 -0.284000000000000       0.841642886915258     
 -0.280000000000000       0.857142857142857     
 -0.276000000000000       0.872992118128305     
 -0.272000000000000       0.889197520409200     
 -0.268000000000000       0.905765846589144     
 -0.264000000000000       0.922703785721818     
 -0.260000000000000       0.940017905102954     
 -0.256000000000000       0.957714619285636     
 -0.252000000000000       0.975800156128025     
 -0.248000000000000       0.994280519677285     
 -0.244000000000000        1.01316144968930     
 -0.240000000000000        1.03244837758112     
 -0.236000000000000        1.05214637861237     
 -0.232000000000000        1.07226012009313     
 -0.228000000000000        1.09279380542026     
 -0.224000000000000        1.11375111375111     
 -0.220000000000000        1.13513513513514     
 -0.216000000000000        1.15694830093878     
 -0.212000000000000        1.17919230942006     
 -0.208000000000000        1.20186804633487     
 -0.204000000000000        1.22497550048999     
 -0.200000000000000        1.24851367419738     
 -0.196000000000000        1.27248048863251     
 -0.192000000000000        1.29687268415592     
 -0.188000000000000        1.32168571572428     
 -0.184000000000000        1.34691364359382     
 -0.180000000000000        1.37254901960784     
 -0.176000000000000        1.39858276946028     
 -0.172000000000000        1.42500407144020     
 -0.168000000000000        1.45180023228804     
 -0.164000000000000        1.47895656093301     
 -0.160000000000000        1.50645624103300     
 -0.156000000000000        1.53428020340172     
 -0.152000000000000        1.56240699958336     
 -0.148000000000000        1.59081267801951     
 -0.144000000000000        1.61947066444568     
 -0.140000000000000        1.64835164835165     
 -0.136000000000000        1.67742347753850     
 -0.132000000000000        1.70665106299980     
 -0.128000000000000        1.73599629654123     
 -0.124000000000000        1.76541798372453     
 -0.120000000000000        1.79487179487179     
 -0.116000000000000        1.82431023698659     
 -0.112000000000000        1.85368264953040     
 -0.108000000000000        1.88293522702819     
 -0.104000000000000        1.91201107145459     
 -0.100000000000000        1.94085027726433     
 -9.599999999999997E-002   1.96939005176682     
 -9.199999999999997E-002   1.99756487329731     
 -8.799999999999997E-002   2.02530668929867     
 -8.399999999999996E-002   2.05254515599343     
 -7.999999999999996E-002   2.07920792079208     
 -7.599999999999996E-002   2.10522094795092     
 -7.199999999999995E-002   2.13050888726564     
 -6.799999999999995E-002   2.15499548477137     
 -6.399999999999995E-002   2.17860403352975     
 -6.000000000000005E-002   2.20125786163522     
 -5.600000000000005E-002   2.22288085358625     
 -5.200000000000005E-002   2.24339800017093     
 -4.800000000000004E-002   2.26273597103698     
 -4.400000000000004E-002   2.28082370318881     
 -4.000000000000004E-002   2.29759299781182     
 -3.600000000000003E-002   2.31297911710283     
 -3.200000000000003E-002   2.32692137221877     
 -2.800000000000002E-002   2.33936369307548     
 -2.400000000000002E-002   2.35025517056138     
 -2.000000000000002E-002   2.35955056179775     
 -1.600000000000001E-002   2.36721074939129     
 -1.200000000000001E-002   2.37320314618931     
 -8.000000000000007E-003   2.37750203785889     
 -4.000000000000004E-003   2.38008885665065     
  0.000000000000000E+000   2.38095238095238     
  4.000000000000004E-003   2.38008885665065     
  8.000000000000007E-003   2.37750203785889     
  1.200000000000001E-002   2.37320314618931     
  1.600000000000001E-002   2.36721074939129     
  2.000000000000002E-002   2.35955056179775     
  2.400000000000002E-002   2.35025517056138     
  2.800000000000002E-002   2.33936369307548     
  3.200000000000003E-002   2.32692137221877     
  3.600000000000003E-002   2.31297911710283     
  4.000000000000004E-002   2.29759299781182     
  4.400000000000004E-002   2.28082370318881     
  4.800000000000004E-002   2.26273597103698     
  5.200000000000005E-002   2.24339800017093     
  5.600000000000005E-002   2.22288085358625     
  6.000000000000005E-002   2.20125786163522     
  6.400000000000006E-002   2.17860403352975     
  6.800000000000006E-002   2.15499548477137     
  7.200000000000006E-002   2.13050888726564     
  7.600000000000007E-002   2.10522094795092     
  8.000000000000007E-002   2.07920792079208     
  8.400000000000007E-002   2.05254515599343     
  8.800000000000008E-002   2.02530668929866     
  9.200000000000008E-002   1.99756487329731     
  9.600000000000009E-002   1.96939005176682     
  0.100000000000000        1.94085027726433     
  0.104000000000000        1.91201107145458     
  0.108000000000000        1.88293522702819     
  0.112000000000000        1.85368264953040     
  0.116000000000000        1.82431023698659     
  0.120000000000000        1.79487179487179     
  0.124000000000000        1.76541798372453     
  0.128000000000000        1.73599629654123     
  0.132000000000000        1.70665106299981     
  0.136000000000000        1.67742347753850     
  0.140000000000000        1.64835164835165     
  0.144000000000000        1.61947066444568     
  0.148000000000000        1.59081267801951     
  0.152000000000000        1.56240699958336     
  0.156000000000000        1.53428020340172     
  0.160000000000000        1.50645624103300     
  0.164000000000000        1.47895656093301     
  0.168000000000000        1.45180023228804     
  0.172000000000000        1.42500407144020     
  0.176000000000000        1.39858276946028     
  0.180000000000000        1.37254901960784     
  0.184000000000000        1.34691364359382     
  0.188000000000000        1.32168571572428     
  0.192000000000000        1.29687268415592     
  0.196000000000000        1.27248048863251     
  0.200000000000000        1.24851367419738     
  0.204000000000000        1.22497550048999     
  0.208000000000000        1.20186804633488     
  0.212000000000000        1.17919230942006     
  0.216000000000000        1.15694830093878     
  0.220000000000000        1.13513513513514     
  0.224000000000000        1.11375111375111     
  0.228000000000000        1.09279380542026     
  0.232000000000000        1.07226012009313     
  0.236000000000000        1.05214637861237     
  0.240000000000000        1.03244837758112     
  0.244000000000000        1.01316144968930     
  0.248000000000000       0.994280519677285     
  0.252000000000000       0.975800156128025     
  0.256000000000000       0.957714619285636     
  0.260000000000000       0.940017905102955     
  0.264000000000000       0.922703785721818     
  0.268000000000000       0.905765846589145     
  0.272000000000000       0.889197520409200     
  0.276000000000000       0.872992118128305     
  0.280000000000000       0.857142857142857     
  0.284000000000000       0.841642886915259     
  0.288000000000000       0.826485312175309     
  0.292000000000000       0.811663213877122     
  0.296000000000000       0.797169668073734     
  0.300000000000000       0.782997762863535     
  0.304000000000000       0.769140613554455     
  0.308000000000000       0.755591376183760     
  0.312000000000000       0.742343259523204     
  0.316000000000000       0.729389535691461     
  0.320000000000000       0.716723549488055     
  0.324000000000000       0.704338726555582     
  0.328000000000000       0.692228580469924     
  0.332000000000000       0.680386718851248     
  0.336000000000000       0.668806848582129     
  0.340000000000000       0.657482780212899     
  0.344000000000000       0.646408431628457     
  0.348000000000000       0.635577831045253     
  0.352000000000000       0.624985119401919     
  0.356000000000000       0.614624552202112     
  0.360000000000000       0.604490500863558     
  0.364000000000000       0.594577453622958     
  0.368000000000000       0.584880016042423     
  0.372000000000000       0.575392911159334     
  0.376000000000000       0.566110979318079     
  0.380000000000000       0.557029177718833     
  0.384000000000000       0.548142579715593     
  0.388000000000000       0.539446373892851     
  0.392000000000000       0.530935862947756     
  0.396000000000000       0.522606462402198     
  0.400000000000000       0.514453699167075     
  0.404000000000000       0.506473209978970     
  0.408000000000000       0.498660739727589     
  0.412000000000000       0.491012139690616     
  0.416000000000000       0.483523365691024     
  0.420000000000000       0.476190476190476     
  0.424000000000000       0.469009630331076     
  0.428000000000000       0.461977085936538     
  0.432000000000000       0.455089197482707     
  0.436000000000000       0.448342414046354     
  0.440000000000000       0.441733277240219     
  0.444000000000000       0.435258419141422     
  0.448000000000000       0.428914560219604     
  0.452000000000000       0.422698507270414     
  0.456000000000000       0.416607151359330     
  0.460000000000000       0.410637465780211     
  0.464000000000000       0.404786504032445     
  0.468000000000000       0.399051397820039     
  0.472000000000000       0.393429355075613     
  0.476000000000000       0.387917658011793     
  0.480000000000000       0.382513661202186     
  0.484000000000000       0.377214789693774     
  0.488000000000000       0.372018537152251     
  0.492000000000000       0.366922464041599     
  0.496000000000000       0.361924195838906     
  0.500000000000000       0.357021421285277     
  0.504000000000000       0.352211890673429     
  0.508000000000000       0.347493414172436     
  0.512000000000000       0.342863860189914     
  0.516000000000000       0.338321153771798     
  0.520000000000000       0.333863275039746     
  0.524000000000000       0.329488257666093     
  0.528000000000000       0.325194187386182     
  0.532000000000000       0.320979200547804     
  0.536000000000000       0.316841482697437     
  0.540000000000000       0.312779267202860     
  0.544000000000000       0.308790833911703     
  0.548000000000000       0.304874507845437     
  0.552000000000000       0.301028657928235     
  0.556000000000000       0.297251695750150     
  0.560000000000000       0.293542074363992     
  0.564000000000000       0.289898287115263     
  0.568000000000000       0.286318866504510     
  0.572000000000000       0.282802383081415     
  0.576000000000000       0.279347444369952     
  0.580000000000000       0.275952693823916     
  0.584000000000000       0.272616809812128     
  0.588000000000000       0.269338504632622     
  0.592000000000000       0.266116523555114     
  0.596000000000000       0.262949643891054     
  0.600000000000000       0.259836674090572     
  0.604000000000000       0.256776452865625     
  0.608000000000000       0.253767848338666     
  0.612000000000000       0.250809757216155     
  0.616000000000000       0.247901103986250     
  0.620000000000000       0.245040840140023     
  0.624000000000000       0.242227943415552     
  0.628000000000000       0.239461417064249     
  0.632000000000000       0.236740289138807     
  0.636000000000000       0.234063611802156     
  0.640000000000000       0.231430460656822     
  0.644000000000000       0.228839934094099     
  0.648000000000000       0.226291152662477     
  0.652000000000000       0.223783258454745     
  0.656000000000000       0.221315414513233     
  0.660000000000000       0.218886804252658     
  0.664000000000000       0.216496630900049     
  0.668000000000000       0.214144116951240     
  0.672000000000000       0.211828503643450     
  0.676000000000000       0.209549050443446     
  0.680000000000000       0.207305034550839     
  0.684000000000000       0.205095750416051     
  0.688000000000000       0.202920509272501     
  0.692000000000000       0.200778638682586     
  0.696000000000000       0.198669482097042     
  0.700000000000000       0.196592398427261     
  0.704000000000000       0.194546761630191     
  0.708000000000000       0.192531960305411     
  0.712000000000000       0.190547397304027     
  0.716000000000000       0.188592489349015     
  0.720000000000000       0.186666666666667     
  0.724000000000000       0.184769372628793     
  0.728000000000000       0.182900063405355     
  0.732000000000000       0.181058207627206     
  0.736000000000000       0.179243286058628     
  0.740000000000000       0.177454791279365     
  0.744000000000000       0.175692227375861     
  0.748000000000000       0.173955109641420     
  0.752000000000000       0.172242964285011     
  0.756000000000000       0.170555328148451     
  0.760000000000000       0.168891748431719     
  0.764000000000000       0.167251782426138     
  0.768000000000000       0.165634997255191     
  0.772000000000000       0.164040969622737     
  0.776000000000000       0.162469285568395     
  0.780000000000000       0.160919540229885     
  0.784000000000000       0.159391337612105     
  0.788000000000000       0.157884290362743     
  0.792000000000000       0.156398019554221     
  0.796000000000000       0.154932154471785     
  0.800000000000000       0.153486332407543     
  0.804000000000000       0.152060198460282     
  0.808000000000000       0.150653405340878     
  0.812000000000000       0.149265613183139     
  0.816000000000000       0.147896489359904     
  0.820000000000000       0.146545708304257     
  0.824000000000000       0.145212951335682     
  0.828000000000000       0.143897906491029     
  0.832000000000000       0.142600268360124     
  0.836000000000000       0.141319737925911     
  0.840000000000000       0.140056022408964     
  0.844000000000000       0.138808835116256     
  0.848000000000000       0.137577895294050     
  0.852000000000000       0.136362927984790     
  0.856000000000000       0.135163663887873     
  0.860000000000000       0.133979839224193     
  0.864000000000000       0.132811195604329     
  0.868000000000000       0.131657479900291     
  0.872000000000000       0.130518444120703     
  0.876000000000000       0.129393845289325     
  0.880000000000000       0.128283445326817     
  0.884000000000000       0.127187010935660     
  0.888000000000000       0.126104313488117     
  0.892000000000000       0.125035128917172     
  0.896000000000000       0.123979237610342     
  0.900000000000000       0.122936424306287     
  0.904000000000000       0.121906477994139     
  0.908000000000000       0.120889191815456     
  0.912000000000000       0.119884362968748     
  0.916000000000000       0.118891792616480     
  0.920000000000000       0.117911285794497     
  0.924000000000000       0.116942651323791     
  0.928000000000000       0.115985701724542     
  0.932000000000000       0.115040253132382     
  0.936000000000000       0.114106125216802     
  0.940000000000000       0.113183141101649     
  0.944000000000000       0.112271127287658     
  0.948000000000000       0.111369913576947     
  0.952000000000000       0.110479332999440     
  0.956000000000000       0.109599221741145     
  0.960000000000000       0.108729419074247     
  0.964000000000000       0.107869767288955     
  0.968000000000000       0.107020111627073     
  0.972000000000000       0.106180300217215     
  0.976000000000000       0.105350184011655     
  0.980000000000000       0.104529616724739     
  0.984000000000000       0.103718454772827     
  0.988000000000000       0.102916557215725     
  0.992000000000000       0.102123785699558     
  0.996000000000000       0.101340004401052     
