  -1.00000000000000       0.102750364405362     
 -0.996000000000000       0.103540507454435     
 -0.992000000000000       0.104339656154729     
 -0.988000000000000       0.105147945604767     
 -0.984000000000000       0.105965513400448     
 -0.980000000000000       0.106792499689557     
 -0.976000000000000       0.107629047227626     
 -0.972000000000000       0.108475301435204     
 -0.968000000000000       0.109331410456558     
 -0.964000000000000       0.110197525219857     
 -0.960000000000000       0.111073799498876     
 -0.956000000000000       0.111960389976264     
 -0.952000000000000       0.112857456308417     
 -0.948000000000000       0.113765161192005     
 -0.944000000000000       0.114683670432203     
 -0.940000000000000       0.115613153012664     
 -0.936000000000000       0.116553781167294     
 -0.932000000000000       0.117505730453878     
 -0.928000000000000       0.118469179829603     
 -0.924000000000000       0.119444311728543     
 -0.920000000000000       0.120431312141157     
 -0.916000000000000       0.121430370695858     
 -0.912000000000000       0.122441680742714     
 -0.908000000000000       0.123465439439341     
 -0.904000000000000       0.124501847839053     
 -0.900000000000000       0.125551110981343     
 -0.896000000000000       0.126613437984738     
 -0.892000000000000       0.127689042142135     
 -0.888000000000000       0.128778141018653     
 -0.884000000000000       0.129880956552102     
 -0.880000000000000       0.130997715156131     
 -0.876000000000000       0.132128647826146     
 -0.872000000000000       0.133273990248063     
 -0.868000000000000       0.134433982910002     
 -0.864000000000000       0.135608871216986     
 -0.860000000000000       0.136798905608755     
 -0.856000000000000       0.138004341680777     
 -0.852000000000000       0.139225440308549     
 -0.848000000000000       0.140462467775297     
 -0.844000000000000       0.141715695903164     
 -0.840000000000000       0.142985402188009     
 -0.836000000000000       0.144271869937903     
 -0.832000000000000       0.145575388415449     
 -0.828000000000000       0.146896252984044     
 -0.824000000000000       0.148234765258184     
 -0.820000000000000       0.149591233257958     
 -0.816000000000000       0.150965971567841     
 -0.812000000000000       0.152359301499924     
 -0.808000000000000       0.153771551261713     
 -0.804000000000000       0.155203056128644     
 -0.800000000000000       0.156654158621443     
 -0.796000000000000       0.158125208688502     
 -0.792000000000000       0.159616563893397     
 -0.788000000000000       0.161128589607731     
 -0.784000000000000       0.162661659209449     
 -0.780000000000000       0.164216154286805     
 -0.776000000000000       0.165792464848142     
 -0.772000000000000       0.167390989537674     
 -0.768000000000000       0.169012135857458     
 -0.764000000000000       0.170656320395732     
 -0.760000000000000       0.172323969061836     
 -0.756000000000000       0.174015517327899     
 -0.752000000000000       0.175731410477515     
 -0.748000000000000       0.177472103861628     
 -0.744000000000000       0.179238063161826     
 -0.740000000000000       0.181029764661306     
 -0.736000000000000       0.182847695523718     
 -0.732000000000000       0.184692354080155     
 -0.728000000000000       0.186564250124521     
 -0.724000000000000       0.188463905217558     
 -0.720000000000000       0.190391852999779     
 -0.716000000000000       0.192348639513600     
 -0.712000000000000       0.194334823534941     
 -0.708000000000000       0.196350976914605     
 -0.704000000000000       0.198397684929712     
 -0.700000000000000       0.200475546645531     
 -0.696000000000000       0.202585175288001     
 -0.692000000000000       0.204727198627280     
 -0.688000000000000       0.206902259372672     
 -0.684000000000000       0.209111015579257     
 -0.680000000000000       0.211354141066601     
 -0.676000000000000       0.213632325849909     
 -0.672000000000000       0.215946276583991     
 -0.668000000000000       0.218296717020443     
 -0.664000000000000       0.220684388478427     
 -0.660000000000000       0.223110050329477     
 -0.656000000000000       0.225574480496726     
 -0.652000000000000       0.228078475969015     
 -0.648000000000000       0.230622853330301     
 -0.644000000000000       0.233208449304822     
 -0.640000000000000       0.235836121318488     
 -0.636000000000000       0.238506748076970     
 -0.632000000000000       0.241221230160956     
 -0.628000000000000       0.243980490639093     
 -0.624000000000000       0.246785475699092     
 -0.620000000000000       0.249637155297533     
 -0.616000000000000       0.252536523828877     
 -0.612000000000000       0.255484600814223     
 -0.608000000000000       0.258482431610358     
 -0.604000000000000       0.261531088139626     
 -0.600000000000000       0.264631669641209     
 -0.596000000000000       0.267785303444342     
 -0.592000000000000       0.270993145764062     
 -0.588000000000000       0.274256382520046     
 -0.584000000000000       0.277576230179121     
 -0.580000000000000       0.280953936622019     
 -0.576000000000000       0.284390782034968     
 -0.572000000000000       0.287888079826678     
 -0.568000000000000       0.291447177571310     
 -0.564000000000000       0.295069457977992     
 -0.560000000000000       0.298756339887445     
 -0.556000000000000       0.302509279296265     
 -0.552000000000000       0.306329770409399     
 -0.548000000000000       0.310219346721342     
 -0.544000000000000       0.314179582126543     
 -0.540000000000000       0.318212092059498     
 -0.536000000000000       0.322318534664984     
 -0.532000000000000       0.326500611998822     
 -0.528000000000000       0.330760071259565     
 -0.524000000000000       0.335098706051415     
 -0.520000000000000       0.339518357678642     
 -0.516000000000000       0.344020916471721     
 -0.512000000000000       0.348608323145323     
 -0.508000000000000       0.353282570188209     
 -0.504000000000000       0.358045703285028     
 -0.500000000000000       0.362899822769854     
 -0.496000000000000       0.367847085111261     
 -0.492000000000000       0.372889704428542     
 -0.488000000000000       0.378029954038591     
 -0.484000000000000       0.383270168032772     
 -0.480000000000000       0.388612742882964     
 -0.476000000000000       0.394060139075736     
 -0.472000000000000       0.399614882773439     
 -0.468000000000000       0.405279567500726     
 -0.464000000000000       0.411056855854788     
 -0.460000000000000       0.416949481237273     
 -0.456000000000000       0.422960249605565     
 -0.452000000000000       0.429092041240735     
 -0.448000000000000       0.435347812529108     
 -0.444000000000000       0.441730597753954     
 -0.440000000000000       0.448243510893360     
 -0.436000000000000       0.454889747419823     
 -0.432000000000000       0.461672586096569     
 -0.428000000000000       0.468595390764965     
 -0.424000000000000       0.475661612116760     
 -0.420000000000000       0.482874789444132     
 -0.416000000000000       0.490238552359757     
 -0.412000000000000       0.497756622478226     
 -0.408000000000000       0.505432815049203     
 -0.404000000000000       0.513271040531701     
 -0.400000000000000       0.521275306097709     
 -0.396000000000000       0.529449717052221     
 -0.392000000000000       0.537798478155376     
 -0.388000000000000       0.546325894830995     
 -0.384000000000000       0.555036374244247     
 -0.380000000000000       0.563934426229508     
 -0.376000000000000       0.573024664047633     
 -0.372000000000000       0.582311804949921     
 -0.368000000000000       0.591800670523922     
 -0.364000000000000       0.601496186793941     
 -0.360000000000000       0.611403384046637     
 -0.356000000000000       0.621527396349466     
 -0.352000000000000       0.631873460726860     
 -0.348000000000000       0.642446915955991     
 -0.344000000000000       0.653253200940685     
 -0.340000000000000       0.664297852618569     
 -0.336000000000000       0.675586503352794     
 -0.332000000000000       0.687124877755690     
 -0.328000000000000       0.698918788887516     
 -0.324000000000000       0.710974133768957     
 -0.320000000000000       0.723296888141295     
 -0.316000000000000       0.735893100403201     
 -0.312000000000000       0.748768884647800     
 -0.308000000000000       0.761930412718213     
 -0.304000000000000       0.775383905193990     
 -0.300000000000000       0.789135621214901     
 -0.296000000000000       0.803191847042386     
 -0.292000000000000       0.817558883252591     
 -0.288000000000000       0.832243030448482     
 -0.284000000000000       0.847250573371899     
 -0.280000000000000       0.862587763289869     
 -0.276000000000000       0.878260798522888     
 -0.272000000000000       0.894275802976482     
 -0.268000000000000       0.910638802531152     
 -0.264000000000000       0.927355699139931     
 -0.260000000000000       0.944432242477487     
 -0.256000000000000       0.961873998979966     
 -0.252000000000000       0.979686318110982     
 -0.248000000000000       0.997874295686398     
 -0.244000000000000        1.01644273408913     
 -0.240000000000000        1.03539609920539     
 -0.236000000000000        1.05473847391607     
 -0.232000000000000        1.07447350798109     
 -0.228000000000000        1.09460436416214     
 -0.224000000000000        1.11513366043921     
 -0.220000000000000        1.13606340819022     
 -0.216000000000000        1.15739494622151     
 -0.212000000000000        1.17912887055907     
 -0.208000000000000        1.20126495993921     
 -0.204000000000000        1.22380209697066     
 -0.200000000000000        1.24673818498115     
 -0.196000000000000        1.27007006060892     
 -0.192000000000000        1.29379340225541     
 -0.188000000000000        1.31790263457931     
 -0.184000000000000        1.34239082928535     
 -0.180000000000000        1.36724960254372     
 -0.176000000000000        1.39246900946879     
 -0.172000000000000        1.41803743618832     
 -0.168000000000000        1.44394149014762     
 -0.164000000000000        1.47016588941617     
 -0.160000000000000        1.49669335189697     
 -0.156000000000000        1.52350448548065     
 -0.152000000000000        1.55057768033579     
 -0.148000000000000        1.57788900468229     
 -0.144000000000000        1.60541210555398     
 -0.140000000000000        1.63311811621724     
 -0.136000000000000        1.66097557207089     
 -0.132000000000000        1.68895033700451     
 -0.128000000000000        1.71700554233417     
 -0.124000000000000        1.74510154055941     
 -0.120000000000000        1.77319587628866     
 -0.116000000000000        1.80124327675475     
 -0.112000000000000        1.82919566438088     
 -0.108000000000000        1.85700219385375     
 -0.104000000000000        1.88460931610596     
 -0.100000000000000        1.91196087149844     
 -9.599999999999997E-002   1.93899821431792     
 -9.199999999999997E-002   1.96566037045841     
 -8.799999999999997E-002   1.99188422983565     
 -8.399999999999996E-002   2.01760477468516     
 -7.999999999999996E-002   2.04275534441805     
 -7.599999999999996E-002   2.06726793715505     
 -7.199999999999995E-002   2.09107354743333     
 -6.799999999999995E-002   2.11410253888965     
 -6.399999999999995E-002   2.13628504997913     
 -6.000000000000005E-002   2.15755143000502     
 -5.600000000000005E-002   2.17783270193067     
 -5.200000000000005E-002   2.19706104764046     
 -4.800000000000004E-002   2.21517031053597     
 -4.400000000000004E-002   2.23209650962397     
 -4.000000000000004E-002   2.24777835859906     
 -3.600000000000003E-002   2.26215778287494     
 -3.200000000000003E-002   2.27518042709899     
 -2.800000000000002E-002   2.28679614541896     
 -2.400000000000002E-002   2.29695946667806     
 -2.000000000000002E-002   2.30563002680965     
 -1.600000000000001E-002   2.31277296099482     
 -1.200000000000001E-002   2.31835924863594     
 -8.000000000000007E-003   2.32236600488237     
 -4.000000000000004E-003   2.32477671330637     
  0.000000000000000E+000   2.32558139534884     
  4.000000000000004E-003   2.32477671330637     
  8.000000000000007E-003   2.32236600488237     
  1.200000000000001E-002   2.31835924863594     
  1.600000000000001E-002   2.31277296099482     
  2.000000000000002E-002   2.30563002680965     
  2.400000000000002E-002   2.29695946667806     
  2.800000000000002E-002   2.28679614541896     
  3.200000000000003E-002   2.27518042709899     
  3.600000000000003E-002   2.26215778287494     
  4.000000000000004E-002   2.24777835859906     
  4.400000000000004E-002   2.23209650962397     
  4.800000000000004E-002   2.21517031053597     
  5.200000000000005E-002   2.19706104764046     
  5.600000000000005E-002   2.17783270193067     
  6.000000000000005E-002   2.15755143000502     
  6.400000000000006E-002   2.13628504997913     
  6.800000000000006E-002   2.11410253888965     
  7.200000000000006E-002   2.09107354743333     
  7.600000000000007E-002   2.06726793715505     
  8.000000000000007E-002   2.04275534441805     
  8.400000000000007E-002   2.01760477468516     
  8.800000000000008E-002   1.99188422983565     
  9.200000000000008E-002   1.96566037045841     
  9.600000000000009E-002   1.93899821431792     
  0.100000000000000        1.91196087149844     
  0.104000000000000        1.88460931610596     
  0.108000000000000        1.85700219385375     
  0.112000000000000        1.82919566438088     
  0.116000000000000        1.80124327675475     
  0.120000000000000        1.77319587628866     
  0.124000000000000        1.74510154055941     
  0.128000000000000        1.71700554233417     
  0.132000000000000        1.68895033700451     
  0.136000000000000        1.66097557207089     
  0.140000000000000        1.63311811621724     
  0.144000000000000        1.60541210555398     
  0.148000000000000        1.57788900468229     
  0.152000000000000        1.55057768033579     
  0.156000000000000        1.52350448548065     
  0.160000000000000        1.49669335189697     
  0.164000000000000        1.47016588941617     
  0.168000000000000        1.44394149014762     
  0.172000000000000        1.41803743618832     
  0.176000000000000        1.39246900946879     
  0.180000000000000        1.36724960254372     
  0.184000000000000        1.34239082928535     
  0.188000000000000        1.31790263457931     
  0.192000000000000        1.29379340225541     
  0.196000000000000        1.27007006060893     
  0.200000000000000        1.24673818498115     
  0.204000000000000        1.22380209697066     
  0.208000000000000        1.20126495993921     
  0.212000000000000        1.17912887055907     
  0.216000000000000        1.15739494622151     
  0.220000000000000        1.13606340819022     
  0.224000000000000        1.11513366043921     
  0.228000000000000        1.09460436416214     
  0.232000000000000        1.07447350798109     
  0.236000000000000        1.05473847391607     
  0.240000000000000        1.03539609920539     
  0.244000000000000        1.01644273408913     
  0.248000000000000       0.997874295686398     
  0.252000000000000       0.979686318110983     
  0.256000000000000       0.961873998979966     
  0.260000000000000       0.944432242477488     
  0.264000000000000       0.927355699139932     
  0.268000000000000       0.910638802531152     
  0.272000000000000       0.894275802976483     
  0.276000000000000       0.878260798522888     
  0.280000000000000       0.862587763289870     
  0.284000000000000       0.847250573371900     
  0.288000000000000       0.832243030448482     
  0.292000000000000       0.817558883252592     
  0.296000000000000       0.803191847042386     
  0.300000000000000       0.789135621214902     
  0.304000000000000       0.775383905193990     
  0.308000000000000       0.761930412718213     
  0.312000000000000       0.748768884647800     
  0.316000000000000       0.735893100403201     
  0.320000000000000       0.723296888141295     
  0.324000000000000       0.710974133768957     
  0.328000000000000       0.698918788887516     
  0.332000000000000       0.687124877755690     
  0.336000000000000       0.675586503352794     
  0.340000000000000       0.664297852618569     
  0.344000000000000       0.653253200940685     
  0.348000000000000       0.642446915955991     
  0.352000000000000       0.631873460726860     
  0.356000000000000       0.621527396349466     
  0.360000000000000       0.611403384046637     
  0.364000000000000       0.601496186793941     
  0.368000000000000       0.591800670523922     
  0.372000000000000       0.582311804949921     
  0.376000000000000       0.573024664047633     
  0.380000000000000       0.563934426229509     
  0.384000000000000       0.555036374244247     
  0.388000000000000       0.546325894830995     
  0.392000000000000       0.537798478155377     
  0.396000000000000       0.529449717052221     
  0.400000000000000       0.521275306097709     
  0.404000000000000       0.513271040531701     
  0.408000000000000       0.505432815049204     
  0.412000000000000       0.497756622478226     
  0.416000000000000       0.490238552359758     
  0.420000000000000       0.482874789444133     
  0.424000000000000       0.475661612116761     
  0.428000000000000       0.468595390764966     
  0.432000000000000       0.461672586096569     
  0.436000000000000       0.454889747419823     
  0.440000000000000       0.448243510893360     
  0.444000000000000       0.441730597753954     
  0.448000000000000       0.435347812529108     
  0.452000000000000       0.429092041240735     
  0.456000000000000       0.422960249605565     
  0.460000000000000       0.416949481237273     
  0.464000000000000       0.411056855854788     
  0.468000000000000       0.405279567500726     
  0.472000000000000       0.399614882773439     
  0.476000000000000       0.394060139075737     
  0.480000000000000       0.388612742882964     
  0.484000000000000       0.383270168032772     
  0.488000000000000       0.378029954038591     
  0.492000000000000       0.372889704428542     
  0.496000000000000       0.367847085111261     
  0.500000000000000       0.362899822769854     
  0.504000000000000       0.358045703285028     
  0.508000000000000       0.353282570188209     
  0.512000000000000       0.348608323145323     
  0.516000000000000       0.344020916471721     
  0.520000000000000       0.339518357678642     
  0.524000000000000       0.335098706051415     
  0.528000000000000       0.330760071259565     
  0.532000000000000       0.326500611998822     
  0.536000000000000       0.322318534664984     
  0.540000000000000       0.318212092059498     
  0.544000000000000       0.314179582126543     
  0.548000000000000       0.310219346721342     
  0.552000000000000       0.306329770409399     
  0.556000000000000       0.302509279296265     
  0.560000000000000       0.298756339887445     
  0.564000000000000       0.295069457977992     
  0.568000000000000       0.291447177571310     
  0.572000000000000       0.287888079826678     
  0.576000000000000       0.284390782034968     
  0.580000000000000       0.280953936622019     
  0.584000000000000       0.277576230179121     
  0.588000000000000       0.274256382520046     
  0.592000000000000       0.270993145764062     
  0.596000000000000       0.267785303444342     
  0.600000000000000       0.264631669641209     
  0.604000000000000       0.261531088139626     
  0.608000000000000       0.258482431610357     
  0.612000000000000       0.255484600814223     
  0.616000000000000       0.252536523828876     
  0.620000000000000       0.249637155297533     
  0.624000000000000       0.246785475699091     
  0.628000000000000       0.243980490639093     
  0.632000000000000       0.241221230160956     
  0.636000000000000       0.238506748076970     
  0.640000000000000       0.235836121318488     
  0.644000000000000       0.233208449304822     
  0.648000000000000       0.230622853330301     
  0.652000000000000       0.228078475969015     
  0.656000000000000       0.225574480496726     
  0.660000000000000       0.223110050329476     
  0.664000000000000       0.220684388478427     
  0.668000000000000       0.218296717020443     
  0.672000000000000       0.215946276583991     
  0.676000000000000       0.213632325849909     
  0.680000000000000       0.211354141066601     
  0.684000000000000       0.209111015579257     
  0.688000000000000       0.206902259372672     
  0.692000000000000       0.204727198627280     
  0.696000000000000       0.202585175288001     
  0.700000000000000       0.200475546645531     
  0.704000000000000       0.198397684929712     
  0.708000000000000       0.196350976914605     
  0.712000000000000       0.194334823534941     
  0.716000000000000       0.192348639513599     
  0.720000000000000       0.190391852999779     
  0.724000000000000       0.188463905217557     
  0.728000000000000       0.186564250124521     
  0.732000000000000       0.184692354080155     
  0.736000000000000       0.182847695523718     
  0.740000000000000       0.181029764661306     
  0.744000000000000       0.179238063161826     
  0.748000000000000       0.177472103861628     
  0.752000000000000       0.175731410477515     
  0.756000000000000       0.174015517327899     
  0.760000000000000       0.172323969061836     
  0.764000000000000       0.170656320395732     
  0.768000000000000       0.169012135857457     
  0.772000000000000       0.167390989537674     
  0.776000000000000       0.165792464848142     
  0.780000000000000       0.164216154286805     
  0.784000000000000       0.162661659209449     
  0.788000000000000       0.161128589607731     
  0.792000000000000       0.159616563893397     
  0.796000000000000       0.158125208688502     
  0.800000000000000       0.156654158621443     
  0.804000000000000       0.155203056128644     
  0.808000000000000       0.153771551261713     
  0.812000000000000       0.152359301499924     
  0.816000000000000       0.150965971567841     
  0.820000000000000       0.149591233257958     
  0.824000000000000       0.148234765258184     
  0.828000000000000       0.146896252984044     
  0.832000000000000       0.145575388415449     
  0.836000000000000       0.144271869937903     
  0.840000000000000       0.142985402188009     
  0.844000000000000       0.141715695903164     
  0.848000000000000       0.140462467775297     
  0.852000000000000       0.139225440308549     
  0.856000000000000       0.138004341680777     
  0.860000000000000       0.136798905608755     
  0.864000000000000       0.135608871216985     
  0.868000000000000       0.134433982910002     
  0.872000000000000       0.133273990248063     
  0.876000000000000       0.132128647826146     
  0.880000000000000       0.130997715156131     
  0.884000000000000       0.129880956552102     
  0.888000000000000       0.128778141018653     
  0.892000000000000       0.127689042142135     
  0.896000000000000       0.126613437984738     
  0.900000000000000       0.125551110981343     
  0.904000000000000       0.124501847839053     
  0.908000000000000       0.123465439439341     
  0.912000000000000       0.122441680742714     
  0.916000000000000       0.121430370695858     
  0.920000000000000       0.120431312141157     
  0.924000000000000       0.119444311728543     
  0.928000000000000       0.118469179829603     
  0.932000000000000       0.117505730453878     
  0.936000000000000       0.116553781167294     
  0.940000000000000       0.115613153012664     
  0.944000000000000       0.114683670432203     
  0.948000000000000       0.113765161192005     
  0.952000000000000       0.112857456308417     
  0.956000000000000       0.111960389976264     
  0.960000000000000       0.111073799498876     
  0.964000000000000       0.110197525219857     
  0.968000000000000       0.109331410456558     
  0.972000000000000       0.108475301435204     
  0.976000000000000       0.107629047227626     
  0.980000000000000       0.106792499689557     
  0.984000000000000       0.105965513400448     
  0.988000000000000       0.105147945604767     
  0.992000000000000       0.104339656154729     
  0.996000000000000       0.103540507454435     
