  -1.00000000000000       0.104921785578024     
 -0.996000000000000       0.105726939993233     
 -0.992000000000000       0.106541245021618     
 -0.988000000000000       0.107364837430115     
 -0.984000000000000       0.108197856502101     
 -0.980000000000000       0.109040444091990     
 -0.976000000000000       0.109892744681191     
 -0.972000000000000       0.110754905435448     
 -0.968000000000000       0.111627076263619     
 -0.964000000000000       0.112509409877917     
 -0.960000000000000       0.113402061855670     
 -0.956000000000000       0.114305190702624     
 -0.952000000000000       0.115218957917847     
 -0.948000000000000       0.116143528060276     
 -0.944000000000000       0.117079068816948     
 -0.940000000000000       0.118025751072961     
 -0.936000000000000       0.118983748983230     
 -0.932000000000000       0.119953240046062     
 -0.928000000000000       0.120934405178631     
 -0.924000000000000       0.121927428794382     
 -0.920000000000000       0.122932498882432     
 -0.916000000000000       0.123949807089028     
 -0.912000000000000       0.124979548801105     
 -0.908000000000000       0.126021923232027     
 -0.904000000000000       0.127077133509547     
 -0.900000000000000       0.128145386766076     
 -0.896000000000000       0.129226894231311     
 -0.892000000000000       0.130321871327293     
 -0.888000000000000       0.131430537765968     
 -0.884000000000000       0.132553117649327     
 -0.880000000000000       0.133689839572193     
 -0.876000000000000       0.134840936727729     
 -0.872000000000000       0.136006647015767     
 -0.868000000000000       0.137187213154009     
 -0.864000000000000       0.138382882792214     
 -0.860000000000000       0.139593908629442     
 -0.856000000000000       0.140820548534442     
 -0.852000000000000       0.142063065669298     
 -0.848000000000000       0.143321728616398     
 -0.844000000000000       0.144596811508855     
 -0.840000000000000       0.145888594164456     
 -0.836000000000000       0.147197362223269     
 -0.832000000000000       0.148523407288989     
 -0.828000000000000       0.149867027074160     
 -0.824000000000000       0.151228525549372     
 -0.820000000000000       0.152608213096559     
 -0.816000000000000       0.154006406666517     
 -0.812000000000000       0.155423429940770     
 -0.808000000000000       0.156859613497912     
 -0.804000000000000       0.158315294984571     
 -0.800000000000000       0.159790819291110     
 -0.796000000000000       0.161286538732229     
 -0.792000000000000       0.162802813232613     
 -0.788000000000000       0.164340010517761     
 -0.784000000000000       0.165898506310176     
 -0.780000000000000       0.167478684531060     
 -0.776000000000000       0.169080937507686     
 -0.772000000000000       0.170705666186622     
 -0.768000000000000       0.172353280352980     
 -0.764000000000000       0.174024198855870     
 -0.760000000000000       0.175718849840256     
 -0.756000000000000       0.177437670985392     
 -0.752000000000000       0.179181109750059     
 -0.748000000000000       0.180949623624783     
 -0.744000000000000       0.182743680391271     
 -0.740000000000000       0.184563758389262     
 -0.736000000000000       0.186410346791031     
 -0.732000000000000       0.188283945883771     
 -0.728000000000000       0.190185067360093     
 -0.724000000000000       0.192114234616889     
 -0.720000000000000       0.194071983062809     
 -0.716000000000000       0.196058860434609     
 -0.712000000000000       0.198075427122648     
 -0.708000000000000       0.200122256505793     
 -0.704000000000000       0.202199935296021     
 -0.700000000000000       0.204309063893016     
 -0.696000000000000       0.206450256749047     
 -0.692000000000000       0.208624142744432     
 -0.688000000000000       0.210831365573921     
 -0.684000000000000       0.213072584144301     
 -0.680000000000000       0.215348472983555     
 -0.676000000000000       0.217659722661939     
 -0.672000000000000       0.220007040225287     
 -0.668000000000000       0.222391149640939     
 -0.664000000000000       0.224812792256630     
 -0.660000000000000       0.227272727272727     
 -0.656000000000000       0.229771732228201     
 -0.652000000000000       0.232310603500710     
 -0.648000000000000       0.234890156821210     
 -0.644000000000000       0.237511227803496     
 -0.640000000000000       0.240174672489083     
 -0.636000000000000       0.242881367907864     
 -0.632000000000000       0.245632212654972     
 -0.628000000000000       0.248428127484281     
 -0.624000000000000       0.251270055919009     
 -0.620000000000000       0.254158964879852     
 -0.616000000000000       0.257095845331139     
 -0.612000000000000       0.260081712945449     
 -0.608000000000000       0.263117608787171     
 -0.604000000000000       0.266204600015488     
 -0.600000000000000       0.269343780607248     
 -0.596000000000000       0.272536272100214     
 -0.592000000000000       0.275783224357174     
 -0.588000000000000       0.279085816351384     
 -0.584000000000000       0.282445256973830     
 -0.580000000000000       0.285862785862786     
 -0.576000000000000       0.289339674256134     
 -0.572000000000000       0.292877225866917     
 -0.568000000000000       0.296476777782569     
 -0.564000000000000       0.300139701388282     
 -0.560000000000000       0.303867403314917     
 -0.556000000000000       0.307661326411886     
 -0.552000000000000       0.311522950745389     
 -0.548000000000000       0.315453794622373     
 -0.544000000000000       0.319455415640537     
 -0.540000000000000       0.323529411764706     
 -0.536000000000000       0.327677422429817     
 -0.532000000000000       0.331901129670754     
 -0.528000000000000       0.336202259279182     
 -0.524000000000000       0.340582581987516     
 -0.520000000000000       0.345043914680050     
 -0.516000000000000       0.349588121631242     
 -0.512000000000000       0.354217115771034     
 -0.508000000000000       0.358932859977028     
 -0.504000000000000       0.363737368393207     
 -0.500000000000000       0.368632707774799     
 -0.496000000000000       0.373620998858758     
 -0.492000000000000       0.378704417759171     
 -0.488000000000000       0.383885197386789     
 -0.484000000000000       0.389165628891656     
 -0.480000000000000       0.394548063127690     
 -0.476000000000000       0.400034912137787     
 -0.472000000000000       0.405628650657856     
 -0.468000000000000       0.411331817637908     
 -0.464000000000000       0.417147017778047     
 -0.460000000000000       0.423076923076923     
 -0.456000000000000       0.429124274389863     
 -0.452000000000000       0.435291882993542     
 -0.448000000000000       0.441582632153639     
 -0.444000000000000       0.447999478691516     
 -0.440000000000000       0.454545454545455     
 -0.436000000000000       0.461223668321481     
 -0.432000000000000       0.468037306828239     
 -0.428000000000000       0.474989636589747     
 -0.424000000000000       0.482084005329219     
 -0.420000000000000       0.489323843416370     
 -0.416000000000000       0.496712665269850     
 -0.412000000000000       0.504254070705589     
 -0.408000000000000       0.511951746220865     
 -0.404000000000000       0.519809466202933     
 -0.400000000000000       0.527831094049904     
 -0.396000000000000       0.536020583190394     
 -0.392000000000000       0.544381977987172     
 -0.388000000000000       0.552919414508605     
 -0.384000000000000       0.561637121150233     
 -0.380000000000000       0.570539419087137     
 -0.376000000000000       0.579630722536042     
 -0.372000000000000       0.588915538804180     
 -0.368000000000000       0.598398468099922     
 -0.364000000000000       0.608084203078012     
 -0.360000000000000       0.617977528089887     
 -0.356000000000000       0.628083318107071     
 -0.352000000000000       0.638406537282942     
 -0.348000000000000       0.648952237115348     
 -0.344000000000000       0.659725554169465     
 -0.340000000000000       0.670731707317073     
 -0.336000000000000       0.681975994444995     
 -0.332000000000000       0.693463788581803     
 -0.328000000000000       0.705200533388040     
 -0.324000000000000       0.717191737951179     
 -0.320000000000000       0.729442970822281     
 -0.316000000000000       0.741959853226851     
 -0.312000000000000       0.754748051377758     
 -0.308000000000000       0.767813267813267     
 -0.304000000000000       0.781161231678218     
 -0.300000000000000       0.794797687861271     
 -0.296000000000000       0.808728384895894     
 -0.292000000000000       0.822959061527412     
 -0.288000000000000       0.837495431843099     
 -0.284000000000000       0.852343168856930     
 -0.280000000000000       0.867507886435331     
 -0.276000000000000       0.882995119445158     
 -0.272000000000000       0.898810302000261     
 -0.268000000000000       0.914958743678467     
 -0.264000000000000       0.931445603576751     
 -0.260000000000000       0.948275862068965     
 -0.256000000000000       0.965454290127791     
 -0.252000000000000       0.982985416070918     
 -0.248000000000000        1.00087348959092     
 -0.244000000000000        1.01912244292914     
 -0.240000000000000        1.03773584905660     
 -0.236000000000000        1.05671687672917     
 -0.232000000000000        1.07606824229144     
 -0.228000000000000        1.09579215811285     
 -0.224000000000000        1.11589027755235     
 -0.220000000000000        1.13636363636364     
 -0.216000000000000        1.15721259047298     
 -0.212000000000000        1.17843675008570     
 -0.208000000000000        1.20003491010648     
 -0.204000000000000        1.22200497689300     
 -0.200000000000000        1.24434389140271     
 -0.196000000000000        1.26704754883892     
 -0.192000000000000        1.29011071495590     
 -0.188000000000000        1.31352693924341     
 -0.184000000000000        1.33728846527913     
 -0.180000000000000        1.36138613861386     
 -0.176000000000000        1.38580931263858     
 -0.172000000000000        1.41054575297497     
 -0.168000000000000        1.43558154103153     
 -0.164000000000000        1.46090097747556     
 -0.160000000000000        1.48648648648649     
 -0.156000000000000        1.51231852177739     
 -0.152000000000000        1.53837547549787     
 -0.148000000000000        1.56463359126081     
 -0.144000000000000        1.59106688266605     
 -0.140000000000000        1.61764705882353     
 -0.136000000000000        1.64434345850275     
 -0.132000000000000        1.67112299465241     
 -0.128000000000000        1.69795011113855     
 -0.124000000000000        1.72478675363773     
 -0.120000000000000        1.75159235668790     
 -0.116000000000000        1.77832384893947     
 -0.112000000000000        1.80493567865582     
 -0.108000000000000        1.83137986148109     
 -0.104000000000000        1.85760605241827     
 -0.100000000000000        1.88356164383562     
 -9.599999999999997E-002   1.90919189114135     
 -9.199999999999997E-002   1.93444006752954     
 -8.799999999999997E-002   1.95924764890282     
 -8.399999999999996E-002   1.98355452971725     
 -7.999999999999996E-002   2.00729927007299     
 -7.599999999999996E-002   2.03041937389250     
 -7.199999999999995E-002   2.05285159749179     
 -6.799999999999995E-002   2.07453228726614     
 -6.399999999999995E-002   2.09539774459006     
 -6.000000000000005E-002   2.11538461538461     
 -5.600000000000005E-002   2.13443030114871     
 -5.200000000000005E-002   2.15247338760175     
 -4.800000000000004E-002   2.16945408646261     
 -4.400000000000004E-002   2.18531468531468     
 -4.000000000000004E-002   2.20000000000000     
 -3.600000000000003E-002   2.21345782356729     
 -3.200000000000003E-002   2.22563936549045     
 -2.800000000000002E-002   2.23649967469096     
 -2.400000000000002E-002   2.24599803985626     
 -2.000000000000002E-002   2.25409836065574     
 -1.600000000000001E-002   2.26076948372246     
 -1.200000000000001E-002   2.26598549769281     
 -8.000000000000007E-003   2.26972598217233     
 -4.000000000000004E-003   2.27197620621282     
  0.000000000000000E+000   2.27272727272727     
  4.000000000000004E-003   2.27197620621282     
  8.000000000000007E-003   2.26972598217233     
  1.200000000000001E-002   2.26598549769281     
  1.600000000000001E-002   2.26076948372246     
  2.000000000000002E-002   2.25409836065574     
  2.400000000000002E-002   2.24599803985626     
  2.800000000000002E-002   2.23649967469096     
  3.200000000000003E-002   2.22563936549045     
  3.600000000000003E-002   2.21345782356729     
  4.000000000000004E-002   2.20000000000000     
  4.400000000000004E-002   2.18531468531469     
  4.800000000000004E-002   2.16945408646261     
  5.200000000000005E-002   2.15247338760175     
  5.600000000000005E-002   2.13443030114871     
  6.000000000000005E-002   2.11538461538462     
  6.400000000000006E-002   2.09539774459006     
  6.800000000000006E-002   2.07453228726614     
  7.200000000000006E-002   2.05285159749179     
  7.600000000000007E-002   2.03041937389250     
  8.000000000000007E-002   2.00729927007299     
  8.400000000000007E-002   1.98355452971725     
  8.800000000000008E-002   1.95924764890282     
  9.200000000000008E-002   1.93444006752954     
  9.600000000000009E-002   1.90919189114135     
  0.100000000000000        1.88356164383562     
  0.104000000000000        1.85760605241826     
  0.108000000000000        1.83137986148109     
  0.112000000000000        1.80493567865581     
  0.116000000000000        1.77832384893947     
  0.120000000000000        1.75159235668790     
  0.124000000000000        1.72478675363773     
  0.128000000000000        1.69795011113855     
  0.132000000000000        1.67112299465241     
  0.136000000000000        1.64434345850275     
  0.140000000000000        1.61764705882353     
  0.144000000000000        1.59106688266605     
  0.148000000000000        1.56463359126081     
  0.152000000000000        1.53837547549787     
  0.156000000000000        1.51231852177739     
  0.160000000000000        1.48648648648649     
  0.164000000000000        1.46090097747556     
  0.168000000000000        1.43558154103153     
  0.172000000000000        1.41054575297497     
  0.176000000000000        1.38580931263858     
  0.180000000000000        1.36138613861386     
  0.184000000000000        1.33728846527913     
  0.188000000000000        1.31352693924341     
  0.192000000000000        1.29011071495590     
  0.196000000000000        1.26704754883892     
  0.200000000000000        1.24434389140272     
  0.204000000000000        1.22200497689300     
  0.208000000000000        1.20003491010648     
  0.212000000000000        1.17843675008570     
  0.216000000000000        1.15721259047298     
  0.220000000000000        1.13636363636364     
  0.224000000000000        1.11589027755235     
  0.228000000000000        1.09579215811285     
  0.232000000000000        1.07606824229144     
  0.236000000000000        1.05671687672917     
  0.240000000000000        1.03773584905660     
  0.244000000000000        1.01912244292914     
  0.248000000000000        1.00087348959092     
  0.252000000000000       0.982985416070918     
  0.256000000000000       0.965454290127791     
  0.260000000000000       0.948275862068966     
  0.264000000000000       0.931445603576751     
  0.268000000000000       0.914958743678467     
  0.272000000000000       0.898810302000262     
  0.276000000000000       0.882995119445158     
  0.280000000000000       0.867507886435331     
  0.284000000000000       0.852343168856930     
  0.288000000000000       0.837495431843099     
  0.292000000000000       0.822959061527412     
  0.296000000000000       0.808728384895895     
  0.300000000000000       0.794797687861272     
  0.304000000000000       0.781161231678218     
  0.308000000000000       0.767813267813268     
  0.312000000000000       0.754748051377758     
  0.316000000000000       0.741959853226851     
  0.320000000000000       0.729442970822281     
  0.324000000000000       0.717191737951179     
  0.328000000000000       0.705200533388040     
  0.332000000000000       0.693463788581803     
  0.336000000000000       0.681975994444995     
  0.340000000000000       0.670731707317073     
  0.344000000000000       0.659725554169465     
  0.348000000000000       0.648952237115348     
  0.352000000000000       0.638406537282942     
  0.356000000000000       0.628083318107071     
  0.360000000000000       0.617977528089887     
  0.364000000000000       0.608084203078012     
  0.368000000000000       0.598398468099922     
  0.372000000000000       0.588915538804180     
  0.376000000000000       0.579630722536043     
  0.380000000000000       0.570539419087137     
  0.384000000000000       0.561637121150233     
  0.388000000000000       0.552919414508606     
  0.392000000000000       0.544381977987173     
  0.396000000000000       0.536020583190395     
  0.400000000000000       0.527831094049904     
  0.404000000000000       0.519809466202934     
  0.408000000000000       0.511951746220866     
  0.412000000000000       0.504254070705589     
  0.416000000000000       0.496712665269851     
  0.420000000000000       0.489323843416370     
  0.424000000000000       0.482084005329220     
  0.428000000000000       0.474989636589747     
  0.432000000000000       0.468037306828239     
  0.436000000000000       0.461223668321481     
  0.440000000000000       0.454545454545455     
  0.444000000000000       0.447999478691516     
  0.448000000000000       0.441582632153639     
  0.452000000000000       0.435291882993542     
  0.456000000000000       0.429124274389863     
  0.460000000000000       0.423076923076923     
  0.464000000000000       0.417147017778048     
  0.468000000000000       0.411331817637908     
  0.472000000000000       0.405628650657856     
  0.476000000000000       0.400034912137787     
  0.480000000000000       0.394548063127690     
  0.484000000000000       0.389165628891656     
  0.488000000000000       0.383885197386789     
  0.492000000000000       0.378704417759172     
  0.496000000000000       0.373620998858758     
  0.500000000000000       0.368632707774799     
  0.504000000000000       0.363737368393207     
  0.508000000000000       0.358932859977028     
  0.512000000000000       0.354217115771034     
  0.516000000000000       0.349588121631242     
  0.520000000000000       0.345043914680050     
  0.524000000000000       0.340582581987516     
  0.528000000000000       0.336202259279182     
  0.532000000000000       0.331901129670754     
  0.536000000000000       0.327677422429817     
  0.540000000000000       0.323529411764706     
  0.544000000000000       0.319455415640537     
  0.548000000000000       0.315453794622373     
  0.552000000000000       0.311522950745389     
  0.556000000000000       0.307661326411886     
  0.560000000000000       0.303867403314917     
  0.564000000000000       0.300139701388282     
  0.568000000000000       0.296476777782569     
  0.572000000000000       0.292877225866917     
  0.576000000000000       0.289339674256134     
  0.580000000000000       0.285862785862786     
  0.584000000000000       0.282445256973830     
  0.588000000000000       0.279085816351384     
  0.592000000000000       0.275783224357174     
  0.596000000000000       0.272536272100214     
  0.600000000000000       0.269343780607248     
  0.604000000000000       0.266204600015488     
  0.608000000000000       0.263117608787171     
  0.612000000000000       0.260081712945449     
  0.616000000000000       0.257095845331139     
  0.620000000000000       0.254158964879852     
  0.624000000000000       0.251270055919009     
  0.628000000000000       0.248428127484281     
  0.632000000000000       0.245632212654972     
  0.636000000000000       0.242881367907864     
  0.640000000000000       0.240174672489083     
  0.644000000000000       0.237511227803496     
  0.648000000000000       0.234890156821210     
  0.652000000000000       0.232310603500710     
  0.656000000000000       0.229771732228201     
  0.660000000000000       0.227272727272727     
  0.664000000000000       0.224812792256630     
  0.668000000000000       0.222391149640939     
  0.672000000000000       0.220007040225287     
  0.676000000000000       0.217659722661939     
  0.680000000000000       0.215348472983555     
  0.684000000000000       0.213072584144300     
  0.688000000000000       0.210831365573921     
  0.692000000000000       0.208624142744432     
  0.696000000000000       0.206450256749047     
  0.700000000000000       0.204309063893016     
  0.704000000000000       0.202199935296021     
  0.708000000000000       0.200122256505793     
  0.712000000000000       0.198075427122648     
  0.716000000000000       0.196058860434609     
  0.720000000000000       0.194071983062809     
  0.724000000000000       0.192114234616889     
  0.728000000000000       0.190185067360093     
  0.732000000000000       0.188283945883771     
  0.736000000000000       0.186410346791031     
  0.740000000000000       0.184563758389262     
  0.744000000000000       0.182743680391271     
  0.748000000000000       0.180949623624783     
  0.752000000000000       0.179181109750059     
  0.756000000000000       0.177437670985392     
  0.760000000000000       0.175718849840256     
  0.764000000000000       0.174024198855870     
  0.768000000000000       0.172353280352979     
  0.772000000000000       0.170705666186622     
  0.776000000000000       0.169080937507685     
  0.780000000000000       0.167478684531060     
  0.784000000000000       0.165898506310176     
  0.788000000000000       0.164340010517761     
  0.792000000000000       0.162802813232613     
  0.796000000000000       0.161286538732229     
  0.800000000000000       0.159790819291110     
  0.804000000000000       0.158315294984571     
  0.808000000000000       0.156859613497912     
  0.812000000000000       0.155423429940769     
  0.816000000000000       0.154006406666517     
  0.820000000000000       0.152608213096559     
  0.824000000000000       0.151228525549372     
  0.828000000000000       0.149867027074160     
  0.832000000000000       0.148523407288989     
  0.836000000000000       0.147197362223269     
  0.840000000000000       0.145888594164456     
  0.844000000000000       0.144596811508855     
  0.848000000000000       0.143321728616398     
  0.852000000000000       0.142063065669298     
  0.856000000000000       0.140820548534442     
  0.860000000000000       0.139593908629442     
  0.864000000000000       0.138382882792214     
  0.868000000000000       0.137187213154009     
  0.872000000000000       0.136006647015767     
  0.876000000000000       0.134840936727729     
  0.880000000000000       0.133689839572193     
  0.884000000000000       0.132553117649327     
  0.888000000000000       0.131430537765968     
  0.892000000000000       0.130321871327293     
  0.896000000000000       0.129226894231311     
  0.900000000000000       0.128145386766076     
  0.904000000000000       0.127077133509547     
  0.908000000000000       0.126021923232027     
  0.912000000000000       0.124979548801105     
  0.916000000000000       0.123949807089028     
  0.920000000000000       0.122932498882432     
  0.924000000000000       0.121927428794382     
  0.928000000000000       0.120934405178631     
  0.932000000000000       0.119953240046062     
  0.936000000000000       0.118983748983230     
  0.940000000000000       0.118025751072961     
  0.944000000000000       0.117079068816948     
  0.948000000000000       0.116143528060276     
  0.952000000000000       0.115218957917847     
  0.956000000000000       0.114305190702624     
  0.960000000000000       0.113402061855670     
  0.964000000000000       0.112509409877917     
  0.968000000000000       0.111627076263618     
  0.972000000000000       0.110754905435448     
  0.976000000000000       0.109892744681191     
  0.980000000000000       0.109040444091990     
  0.984000000000000       0.108197856502101     
  0.988000000000000       0.107364837430115     
  0.992000000000000       0.106541245021618     
  0.996000000000000       0.105726939993233     
