  -1.00000000000000       0.107079119571684     
 -0.996000000000000       0.107899075520721     
 -0.992000000000000       0.108728323196632     
 -0.988000000000000       0.109567000951529     
 -0.984000000000000       0.110415249670963     
 -0.980000000000000       0.111273212828565     
 -0.976000000000000       0.112141036542029     
 -0.972000000000000       0.113018869630474     
 -0.968000000000000       0.113906863673228     
 -0.964000000000000       0.114805173070074     
 -0.960000000000000       0.115713955102985     
 -0.956000000000000       0.116633369999409     
 -0.952000000000000       0.117563580997127     
 -0.948000000000000       0.118504754410747     
 -0.944000000000000       0.119457059699860     
 -0.940000000000000       0.120420669538923     
 -0.936000000000000       0.121395759888899     
 -0.932000000000000       0.122382510070721     
 -0.928000000000000       0.123381102840617     
 -0.924000000000000       0.124391724467355     
 -0.920000000000000       0.125414564811460     
 -0.916000000000000       0.126449817406464     
 -0.912000000000000       0.127497679542232     
 -0.908000000000000       0.128558352350447     
 -0.904000000000000       0.129632040892283     
 -0.900000000000000       0.130718954248366     
 -0.896000000000000       0.131819305611050     
 -0.892000000000000       0.132933312379105     
 -0.888000000000000       0.134061196254866     
 -0.884000000000000       0.135203183343929     
 -0.880000000000000       0.136359504257447     
 -0.876000000000000       0.137530394217122     
 -0.872000000000000       0.138716093162961     
 -0.868000000000000       0.139916845863872     
 -0.864000000000000       0.141132902031185     
 -0.860000000000000       0.142364516435193     
 -0.856000000000000       0.143611949024779     
 -0.852000000000000       0.144875465050243     
 -0.848000000000000       0.146155335189398     
 -0.844000000000000       0.147451835677053     
 -0.840000000000000       0.148765248437965     
 -0.836000000000000       0.150095861223368     
 -0.832000000000000       0.151443967751185     
 -0.828000000000000       0.152809867850026     
 -0.824000000000000       0.154193867607089     
 -0.820000000000000       0.155596279520072     
 -0.816000000000000       0.157017422653218     
 -0.812000000000000       0.158457622797615     
 -0.808000000000000       0.159917212635876     
 -0.804000000000000       0.161396531911322     
 -0.800000000000000       0.162895927601810     
 -0.796000000000000       0.164415754098337     
 -0.792000000000000       0.165956373388564     
 -0.788000000000000       0.167518155245403     
 -0.784000000000000       0.169101477420819     
 -0.780000000000000       0.170706725844998     
 -0.776000000000000       0.172334294831043     
 -0.772000000000000       0.173984587285361     
 -0.768000000000000       0.175658014923905     
 -0.764000000000000       0.177354998494453     
 -0.760000000000000       0.179075968005094     
 -0.756000000000000       0.180821362959105     
 -0.752000000000000       0.182591632596421     
 -0.748000000000000       0.184387236141865     
 -0.744000000000000       0.186208643060376     
 -0.740000000000000       0.188056333319403     
 -0.736000000000000       0.189930797658702     
 -0.732000000000000       0.191832537867743     
 -0.728000000000000       0.193762067070955     
 -0.724000000000000       0.195719910021033     
 -0.720000000000000       0.197706603400554     
 -0.716000000000000       0.199722696132126     
 -0.712000000000000       0.201768749697347     
 -0.708000000000000       0.203845338464800     
 -0.704000000000000       0.205953050027369     
 -0.700000000000000       0.208092485549133     
 -0.696000000000000       0.210264260122122     
 -0.692000000000000       0.212469003133210     
 -0.688000000000000       0.214707358641446     
 -0.684000000000000       0.216979985766113     
 -0.680000000000000       0.219287559085815     
 -0.676000000000000       0.221630769048918     
 -0.672000000000000       0.224010322395656     
 -0.668000000000000       0.226426942592216     
 -0.664000000000000       0.228881370277160     
 -0.660000000000000       0.231374363720500     
 -0.656000000000000       0.233906699295785     
 -0.652000000000000       0.236479171965552     
 -0.648000000000000       0.239092595780494     
 -0.644000000000000       0.241747804392719     
 -0.640000000000000       0.244445651583465     
 -0.636000000000000       0.247187011805652     
 -0.632000000000000       0.249972780741653     
 -0.628000000000000       0.252803875876668     
 -0.624000000000000       0.255681237088098     
 -0.620000000000000       0.258605827251307     
 -0.616000000000000       0.261578632862182     
 -0.612000000000000       0.264600664676870     
 -0.608000000000000       0.267672958369122     
 -0.604000000000000       0.270796575205625     
 -0.600000000000000       0.273972602739726     
 -0.596000000000000       0.277202155523961     
 -0.592000000000000       0.280486375841771     
 -0.588000000000000       0.283826434458800     
 -0.584000000000000       0.287223531394170     
 -0.580000000000000       0.290678896712099     
 -0.576000000000000       0.294193791334228     
 -0.572000000000000       0.297769507873026     
 -0.568000000000000       0.301407371486595     
 -0.564000000000000       0.305108740755205     
 -0.560000000000000       0.308875008579861     
 -0.556000000000000       0.312707603103171     
 -0.552000000000000       0.316607988652770     
 -0.548000000000000       0.320577666707511     
 -0.544000000000000       0.324618176886609     
 -0.540000000000000       0.328731097961867     
 -0.536000000000000       0.332918048893084     
 -0.532000000000000       0.337180689886677     
 -0.528000000000000       0.341520723477501     
 -0.524000000000000       0.345939895633777     
 -0.520000000000000       0.350439996884978     
 -0.516000000000000       0.355022863472408     
 -0.512000000000000       0.359690378522168     
 -0.508000000000000       0.364444473240057     
 -0.504000000000000       0.369287128127862     
 -0.500000000000000       0.374220374220374     
 -0.496000000000000       0.379246294342319     
 -0.492000000000000       0.384367024384244     
 -0.488000000000000       0.389584754596234     
 -0.484000000000000       0.394901730898164     
 -0.480000000000000       0.400320256204964     
 -0.476000000000000       0.405842691765181     
 -0.472000000000000       0.411471458510876     
 -0.468000000000000       0.417209038416608     
 -0.464000000000000       0.423057975865013     
 -0.460000000000000       0.429020879016112     
 -0.456000000000000       0.435100421177208     
 -0.452000000000000       0.441299342169781     
 -0.448000000000000       0.447620449689451     
 -0.444000000000000       0.454066620654582     
 -0.440000000000000       0.460640802538643     
 -0.436000000000000       0.467346014680896     
 -0.432000000000000       0.474185349569440     
 -0.428000000000000       0.481161974089962     
 -0.424000000000000       0.488279130732939     
 -0.420000000000000       0.495540138751239     
 -0.416000000000000       0.502948395259320     
 -0.412000000000000       0.510507376264356     
 -0.408000000000000       0.518220637618672     
 -0.404000000000000       0.526091815881893     
 -0.400000000000000       0.534124629080119     
 -0.396000000000000       0.542322877348258     
 -0.392000000000000       0.550690443440420     
 -0.388000000000000       0.559231293091878     
 -0.384000000000000       0.567949475214685     
 -0.380000000000000       0.576849121907448     
 -0.376000000000000       0.585934448258082     
 -0.372000000000000       0.595209751916575     
 -0.368000000000000       0.604679412412859     
 -0.364000000000000       0.614347890192823     
 -0.360000000000000       0.624219725343321     
 -0.356000000000000       0.634299535974650     
 -0.352000000000000       0.644592016226530     
 -0.348000000000000       0.655101933860909     
 -0.344000000000000       0.665834127402182     
 -0.340000000000000       0.676793502782373     
 -0.336000000000000       0.687985029445759     
 -0.332000000000000       0.699413735864071     
 -0.328000000000000       0.711084704409989     
 -0.324000000000000       0.723003065532998     
 -0.320000000000000       0.735173991177912     
 -0.316000000000000       0.747602687382460     
 -0.312000000000000       0.760294385986254     
 -0.308000000000000       0.773254335379307     
 -0.304000000000000       0.786487790213994     
 -0.300000000000000       0.800000000000000     
 -0.296000000000000       0.813796196497421     
 -0.292000000000000       0.827881579818822     
 -0.288000000000000       0.842261303146688     
 -0.284000000000000       0.856940455968495     
 -0.280000000000000       0.871924045727572     
 -0.276000000000000       0.887216977784087     
 -0.272000000000000       0.902824033577029     
 -0.268000000000000       0.918749846875025     
 -0.264000000000000       0.934998878001346     
 -0.260000000000000       0.951575385916684     
 -0.256000000000000       0.968483398042372     
 -0.252000000000000       0.985726677706805     
 -0.248000000000000        1.00330868909916     
 -0.244000000000000        1.02123255961729     
 -0.240000000000000        1.03950103950104     
 -0.236000000000000        1.05811645864881     
 -0.232000000000000        1.07708068052351     
 -0.228000000000000        1.09639505306552     
 -0.224000000000000        1.11606035654408     
 -0.220000000000000        1.13607674829588     
 -0.216000000000000        1.15644370432047     
 -0.212000000000000        1.17715995772688     
 -0.208000000000000        1.19822343405511     
 -0.204000000000000        1.21963118353010     
 -0.200000000000000        1.24137931034483     
 -0.196000000000000        1.26346289911389     
 -0.192000000000000        1.28587593868944     
 -0.188000000000000        1.30861124358781     
 -0.184000000000000        1.33166037333838     
 -0.180000000000000        1.35501355013550     
 -0.176000000000000        1.37865957525030     
 -0.172000000000000        1.40258574474186     
 -0.168000000000000        1.42677776509531     
 -0.164000000000000        1.45121966950891     
 -0.160000000000000        1.47589373565103     
 -0.156000000000000        1.50078040581102     
 -0.152000000000000        1.52585821047349     
 -0.148000000000000        1.55110369645245     
 -0.144000000000000        1.57649136082734     
 -0.140000000000000        1.60199359202563     
 -0.136000000000000        1.62758061949335     
 -0.132000000000000        1.65322047348234     
 -0.128000000000000        1.67887895655807     
 -0.124000000000000        1.70451962849048     
 -0.120000000000000        1.73010380622837     
 -0.116000000000000        1.75559058067134     
 -0.112000000000000        1.78093685193687     
 -0.108000000000000        1.80609738477099     
 -0.104000000000000        1.83102488566267     
 -0.100000000000000        1.85567010309278     
 -9.599999999999997E-002   1.87998195217326     
 -9.199999999999997E-002   1.90390766470917     
 -8.799999999999997E-002   1.92739296544399     
 -8.399999999999996E-002   1.95038227492589     
 -7.999999999999996E-002   1.97281893906181     
 -7.599999999999996E-002   1.99464548500913     
 -7.199999999999995E-002   2.01580390259636     
 -6.799999999999995E-002   2.03623594997195     
 -6.399999999999995E-002   2.05588348166152     
 -6.000000000000005E-002   2.07468879668050     
 -5.600000000000005E-002   2.09259500381317     
 -5.200000000000005E-002   2.10954640064505     
 -4.800000000000004E-002   2.12548886243836     
 -4.400000000000004E-002   2.14037023648713     
 -4.000000000000004E-002   2.15414073719483     
 -3.600000000000003E-002   2.16675333680014     
 -3.200000000000003E-002   2.17816414645008     
 -2.800000000000002E-002   2.18833278219767     
 -2.400000000000002E-002   2.19722271049394     
 -2.000000000000002E-002   2.20480156785889     
 -1.600000000000001E-002   2.21104144965704     
 -1.200000000000001E-002   2.21591916326892     
 -8.000000000000007E-003   2.21941644143700     
 -4.000000000000004E-003   2.22152011216208     
  0.000000000000000E+000   2.22222222222222     
  4.000000000000004E-003   2.22152011216208     
  8.000000000000007E-003   2.21941644143700     
  1.200000000000001E-002   2.21591916326892     
  1.600000000000001E-002   2.21104144965704     
  2.000000000000002E-002   2.20480156785889     
  2.400000000000002E-002   2.19722271049394     
  2.800000000000002E-002   2.18833278219767     
  3.200000000000003E-002   2.17816414645008     
  3.600000000000003E-002   2.16675333680014     
  4.000000000000004E-002   2.15414073719483     
  4.400000000000004E-002   2.14037023648713     
  4.800000000000004E-002   2.12548886243836     
  5.200000000000005E-002   2.10954640064505     
  5.600000000000005E-002   2.09259500381317     
  6.000000000000005E-002   2.07468879668050     
  6.400000000000006E-002   2.05588348166152     
  6.800000000000006E-002   2.03623594997195     
  7.200000000000006E-002   2.01580390259636     
  7.600000000000007E-002   1.99464548500913     
  8.000000000000007E-002   1.97281893906181     
  8.400000000000007E-002   1.95038227492589     
  8.800000000000008E-002   1.92739296544399     
  9.200000000000008E-002   1.90390766470917     
  9.600000000000009E-002   1.87998195217326     
  0.100000000000000        1.85567010309278     
  0.104000000000000        1.83102488566267     
  0.108000000000000        1.80609738477099     
  0.112000000000000        1.78093685193687     
  0.116000000000000        1.75559058067134     
  0.120000000000000        1.73010380622837     
  0.124000000000000        1.70451962849048     
  0.128000000000000        1.67887895655808     
  0.132000000000000        1.65322047348234     
  0.136000000000000        1.62758061949335     
  0.140000000000000        1.60199359202563     
  0.144000000000000        1.57649136082734     
  0.148000000000000        1.55110369645245     
  0.152000000000000        1.52585821047349     
  0.156000000000000        1.50078040581102     
  0.160000000000000        1.47589373565103     
  0.164000000000000        1.45121966950891     
  0.168000000000000        1.42677776509531     
  0.172000000000000        1.40258574474186     
  0.176000000000000        1.37865957525030     
  0.180000000000000        1.35501355013550     
  0.184000000000000        1.33166037333838     
  0.188000000000000        1.30861124358781     
  0.192000000000000        1.28587593868944     
  0.196000000000000        1.26346289911389     
  0.200000000000000        1.24137931034483     
  0.204000000000000        1.21963118353010     
  0.208000000000000        1.19822343405511     
  0.212000000000000        1.17715995772688     
  0.216000000000000        1.15644370432047     
  0.220000000000000        1.13607674829589     
  0.224000000000000        1.11606035654408     
  0.228000000000000        1.09639505306552     
  0.232000000000000        1.07708068052351     
  0.236000000000000        1.05811645864881     
  0.240000000000000        1.03950103950104     
  0.244000000000000        1.02123255961729     
  0.248000000000000        1.00330868909916     
  0.252000000000000       0.985726677706806     
  0.256000000000000       0.968483398042372     
  0.260000000000000       0.951575385916684     
  0.264000000000000       0.934998878001347     
  0.268000000000000       0.918749846875026     
  0.272000000000000       0.902824033577029     
  0.276000000000000       0.887216977784087     
  0.280000000000000       0.871924045727572     
  0.284000000000000       0.856940455968495     
  0.288000000000000       0.842261303146688     
  0.292000000000000       0.827881579818823     
  0.296000000000000       0.813796196497421     
  0.300000000000000       0.800000000000000     
  0.304000000000000       0.786487790213995     
  0.308000000000000       0.773254335379307     
  0.312000000000000       0.760294385986254     
  0.316000000000000       0.747602687382460     
  0.320000000000000       0.735173991177912     
  0.324000000000000       0.723003065532998     
  0.328000000000000       0.711084704409989     
  0.332000000000000       0.699413735864071     
  0.336000000000000       0.687985029445759     
  0.340000000000000       0.676793502782373     
  0.344000000000000       0.665834127402182     
  0.348000000000000       0.655101933860909     
  0.352000000000000       0.644592016226530     
  0.356000000000000       0.634299535974650     
  0.360000000000000       0.624219725343321     
  0.364000000000000       0.614347890192823     
  0.368000000000000       0.604679412412859     
  0.372000000000000       0.595209751916575     
  0.376000000000000       0.585934448258082     
  0.380000000000000       0.576849121907448     
  0.384000000000000       0.567949475214685     
  0.388000000000000       0.559231293091878     
  0.392000000000000       0.550690443440421     
  0.396000000000000       0.542322877348258     
  0.400000000000000       0.534124629080119     
  0.404000000000000       0.526091815881894     
  0.408000000000000       0.518220637618673     
  0.412000000000000       0.510507376264357     
  0.416000000000000       0.502948395259320     
  0.420000000000000       0.495540138751239     
  0.424000000000000       0.488279130732940     
  0.428000000000000       0.481161974089963     
  0.432000000000000       0.474185349569440     
  0.436000000000000       0.467346014680896     
  0.440000000000000       0.460640802538643     
  0.444000000000000       0.454066620654583     
  0.448000000000000       0.447620449689451     
  0.452000000000000       0.441299342169781     
  0.456000000000000       0.435100421177208     
  0.460000000000000       0.429020879016112     
  0.464000000000000       0.423057975865013     
  0.468000000000000       0.417209038416608     
  0.472000000000000       0.411471458510876     
  0.476000000000000       0.405842691765181     
  0.480000000000000       0.400320256204964     
  0.484000000000000       0.394901730898165     
  0.488000000000000       0.389584754596234     
  0.492000000000000       0.384367024384244     
  0.496000000000000       0.379246294342320     
  0.500000000000000       0.374220374220374     
  0.504000000000000       0.369287128127862     
  0.508000000000000       0.364444473240057     
  0.512000000000000       0.359690378522168     
  0.516000000000000       0.355022863472408     
  0.520000000000000       0.350439996884978     
  0.524000000000000       0.345939895633777     
  0.528000000000000       0.341520723477501     
  0.532000000000000       0.337180689886677     
  0.536000000000000       0.332918048893084     
  0.540000000000000       0.328731097961867     
  0.544000000000000       0.324618176886609     
  0.548000000000000       0.320577666707511     
  0.552000000000000       0.316607988652770     
  0.556000000000000       0.312707603103171     
  0.560000000000000       0.308875008579861     
  0.564000000000000       0.305108740755205     
  0.568000000000000       0.301407371486595     
  0.572000000000000       0.297769507873026     
  0.576000000000000       0.294193791334228     
  0.580000000000000       0.290678896712099     
  0.584000000000000       0.287223531394170     
  0.588000000000000       0.283826434458800     
  0.592000000000000       0.280486375841771     
  0.596000000000000       0.277202155523961     
  0.600000000000000       0.273972602739726     
  0.604000000000000       0.270796575205625     
  0.608000000000000       0.267672958369122     
  0.612000000000000       0.264600664676870     
  0.616000000000000       0.261578632862182     
  0.620000000000000       0.258605827251307     
  0.624000000000000       0.255681237088097     
  0.628000000000000       0.252803875876668     
  0.632000000000000       0.249972780741653     
  0.636000000000000       0.247187011805652     
  0.640000000000000       0.244445651583465     
  0.644000000000000       0.241747804392719     
  0.648000000000000       0.239092595780494     
  0.652000000000000       0.236479171965552     
  0.656000000000000       0.233906699295785     
  0.660000000000000       0.231374363720500     
  0.664000000000000       0.228881370277160     
  0.668000000000000       0.226426942592216     
  0.672000000000000       0.224010322395656     
  0.676000000000000       0.221630769048918     
  0.680000000000000       0.219287559085815     
  0.684000000000000       0.216979985766113     
  0.688000000000000       0.214707358641446     
  0.692000000000000       0.212469003133210     
  0.696000000000000       0.210264260122121     
  0.700000000000000       0.208092485549133     
  0.704000000000000       0.205953050027369     
  0.708000000000000       0.203845338464800     
  0.712000000000000       0.201768749697347     
  0.716000000000000       0.199722696132126     
  0.720000000000000       0.197706603400554     
  0.724000000000000       0.195719910021033     
  0.728000000000000       0.193762067070955     
  0.732000000000000       0.191832537867743     
  0.736000000000000       0.189930797658702     
  0.740000000000000       0.188056333319403     
  0.744000000000000       0.186208643060376     
  0.748000000000000       0.184387236141865     
  0.752000000000000       0.182591632596421     
  0.756000000000000       0.180821362959105     
  0.760000000000000       0.179075968005094     
  0.764000000000000       0.177354998494453     
  0.768000000000000       0.175658014923905     
  0.772000000000000       0.173984587285361     
  0.776000000000000       0.172334294831043     
  0.780000000000000       0.170706725844998     
  0.784000000000000       0.169101477420819     
  0.788000000000000       0.167518155245403     
  0.792000000000000       0.165956373388564     
  0.796000000000000       0.164415754098337     
  0.800000000000000       0.162895927601810     
  0.804000000000000       0.161396531911322     
  0.808000000000000       0.159917212635876     
  0.812000000000000       0.158457622797615     
  0.816000000000000       0.157017422653218     
  0.820000000000000       0.155596279520072     
  0.824000000000000       0.154193867607089     
  0.828000000000000       0.152809867850026     
  0.832000000000000       0.151443967751185     
  0.836000000000000       0.150095861223368     
  0.840000000000000       0.148765248437965     
  0.844000000000000       0.147451835677053     
  0.848000000000000       0.146155335189398     
  0.852000000000000       0.144875465050243     
  0.856000000000000       0.143611949024779     
  0.860000000000000       0.142364516435192     
  0.864000000000000       0.141132902031185     
  0.868000000000000       0.139916845863871     
  0.872000000000000       0.138716093162961     
  0.876000000000000       0.137530394217122     
  0.880000000000000       0.136359504257447     
  0.884000000000000       0.135203183343929     
  0.888000000000000       0.134061196254866     
  0.892000000000000       0.132933312379105     
  0.896000000000000       0.131819305611050     
  0.900000000000000       0.130718954248366     
  0.904000000000000       0.129632040892283     
  0.908000000000000       0.128558352350447     
  0.912000000000000       0.127497679542232     
  0.916000000000000       0.126449817406464     
  0.920000000000000       0.125414564811460     
  0.924000000000000       0.124391724467355     
  0.928000000000000       0.123381102840617     
  0.932000000000000       0.122382510070721     
  0.936000000000000       0.121395759888899     
  0.940000000000000       0.120420669538923     
  0.944000000000000       0.119457059699860     
  0.948000000000000       0.118504754410747     
  0.952000000000000       0.117563580997127     
  0.956000000000000       0.116633369999409     
  0.960000000000000       0.115713955102985     
  0.964000000000000       0.114805173070074     
  0.968000000000000       0.113906863673228     
  0.972000000000000       0.113018869630474     
  0.976000000000000       0.112141036542029     
  0.980000000000000       0.111273212828565     
  0.984000000000000       0.110415249670963     
  0.988000000000000       0.109567000951529     
  0.992000000000000       0.108728323196632     
  0.996000000000000       0.107899075520721     
