  -1.00000000000000       0.109222148352170     
 -0.996000000000000       0.110056693552400     
 -0.992000000000000       0.110900667718455     
 -0.988000000000000       0.111754210704304     
 -0.984000000000000       0.112617464912315     
 -0.980000000000000       0.113490575347873     
 -0.976000000000000       0.114373689675338     
 -0.972000000000000       0.115266958275366     
 -0.968000000000000       0.116170534303644     
 -0.964000000000000       0.117084573751064     
 -0.960000000000000       0.118009235505387     
 -0.956000000000000       0.118944681414428     
 -0.952000000000000       0.119891076350808     
 -0.948000000000000       0.120848588278317     
 -0.944000000000000       0.121817388319937     
 -0.940000000000000       0.122797650827549     
 -0.936000000000000       0.123789553453406     
 -0.932000000000000       0.124793277223382     
 -0.928000000000000       0.125809006612084     
 -0.924000000000000       0.126836929619842     
 -0.920000000000000       0.127877237851662     
 -0.916000000000000       0.128930126598173     
 -0.912000000000000       0.129995794918634     
 -0.908000000000000       0.131074445726061     
 -0.904000000000000       0.132166285874527     
 -0.900000000000000       0.133271526248696     
 -0.896000000000000       0.134390381855662     
 -0.892000000000000       0.135523071919148     
 -0.888000000000000       0.136669819976136     
 -0.884000000000000       0.137830853976001     
 -0.880000000000000       0.139006406382207     
 -0.876000000000000       0.140196714276658     
 -0.872000000000000       0.141402019466755     
 -0.868000000000000       0.142622568595255     
 -0.864000000000000       0.143858613253006     
 -0.860000000000000       0.145110410094637     
 -0.856000000000000       0.146378220957288     
 -0.852000000000000       0.147662312982471     
 -0.848000000000000       0.148962958741146     
 -0.844000000000000       0.150280436362116     
 -0.840000000000000       0.151615029663810     
 -0.836000000000000       0.152967028289589     
 -0.832000000000000       0.154336727846640     
 -0.828000000000000       0.155724430048586     
 -0.824000000000000       0.157130442861906     
 -0.820000000000000       0.158555080656280     
 -0.816000000000000       0.159998664358976     
 -0.812000000000000       0.161461521613380     
 -0.808000000000000       0.162943986941811     
 -0.804000000000000       0.164446401912726     
 -0.800000000000000       0.165969115312455     
 -0.796000000000000       0.167512483321583     
 -0.792000000000000       0.169076869696132     
 -0.788000000000000       0.170662645953663     
 -0.784000000000000       0.172270191564453     
 -0.780000000000000       0.173899894147891     
 -0.776000000000000       0.175552149674236     
 -0.772000000000000       0.177227362671911     
 -0.768000000000000       0.178925946440463     
 -0.764000000000000       0.180648323269389     
 -0.760000000000000       0.182394924662966     
 -0.756000000000000       0.184166191571274     
 -0.752000000000000       0.185962574627590     
 -0.748000000000000       0.187784534392329     
 -0.744000000000000       0.189632541603731     
 -0.740000000000000       0.191507077435470     
 -0.736000000000000       0.193408633761411     
 -0.732000000000000       0.195337713427684     
 -0.728000000000000       0.197294830532319     
 -0.724000000000000       0.199280510712627     
 -0.720000000000000       0.201295291440574     
 -0.716000000000000       0.203339722326348     
 -0.712000000000000       0.205414365430370     
 -0.708000000000000       0.207519795583979     
 -0.704000000000000       0.209656600719031     
 -0.700000000000000       0.211825382206668     
 -0.696000000000000       0.214026755205503     
 -0.692000000000000       0.216261349019490     
 -0.688000000000000       0.218529807465738     
 -0.684000000000000       0.220832789252548     
 -0.680000000000000       0.223170968367941     
 -0.676000000000000       0.225545034478971     
 -0.672000000000000       0.227955693342108     
 -0.668000000000000       0.230403667224978     
 -0.664000000000000       0.232889695339776     
 -0.660000000000000       0.235414534288639     
 -0.656000000000000       0.237978958521302     
 -0.652000000000000       0.240583760805349     
 -0.648000000000000       0.243229752709368     
 -0.644000000000000       0.245917765099351     
 -0.640000000000000       0.248648648648649     
 -0.636000000000000       0.251423274361822     
 -0.632000000000000       0.254242534112716     
 -0.628000000000000       0.257107341197092     
 -0.624000000000000       0.260018630900162     
 -0.620000000000000       0.262977361079351     
 -0.616000000000000       0.265984512762631     
 -0.612000000000000       0.269041090762767     
 -0.608000000000000       0.272148124307797     
 -0.604000000000000       0.275306667688094     
 -0.600000000000000       0.278517800920320     
 -0.596000000000000       0.281782630428604     
 -0.592000000000000       0.285102289743259     
 -0.588000000000000       0.288477940217337     
 -0.584000000000000       0.291910771761313     
 -0.580000000000000       0.295402003596198     
 -0.576000000000000       0.298952885025320     
 -0.572000000000000       0.302564696225045     
 -0.568000000000000       0.306238749054654     
 -0.564000000000000       0.309976387885584     
 -0.560000000000000       0.313778990450205     
 -0.556000000000000       0.317647968710294     
 -0.552000000000000       0.321584769745305     
 -0.548000000000000       0.325590876660513     
 -0.544000000000000       0.329667809515073     
 -0.540000000000000       0.333817126269956     
 -0.536000000000000       0.338040423755717     
 -0.532000000000000       0.342339338659935     
 -0.528000000000000       0.346715548534147     
 -0.524000000000000       0.351170772819993     
 -0.520000000000000       0.355706773894216     
 -0.516000000000000       0.360325358132073     
 -0.512000000000000       0.365028376988611     
 -0.508000000000000       0.369817728097143     
 -0.504000000000000       0.374695356384157     
 -0.500000000000000       0.379663255199736     
 -0.496000000000000       0.384723467462431     
 -0.492000000000000       0.389878086817374     
 -0.488000000000000       0.395129258806229     
 -0.484000000000000       0.400479182047389     
 -0.480000000000000       0.405930109424638     
 -0.476000000000000       0.411484349282228     
 -0.472000000000000       0.417144266624106     
 -0.468000000000000       0.422912284314735     
 -0.464000000000000       0.428790884278662     
 -0.460000000000000       0.434782608695652     
 -0.456000000000000       0.440890061187873     
 -0.452000000000000       0.447115907995210     
 -0.448000000000000       0.453462879134399     
 -0.444000000000000       0.459933769537187     
 -0.440000000000000       0.466531440162272     
 -0.436000000000000       0.473258819075211     
 -0.432000000000000       0.480118902489938     
 -0.428000000000000       0.487114755764897     
 -0.424000000000000       0.494249514346129     
 -0.420000000000000       0.501526384648931     
 -0.416000000000000       0.508948644868912     
 -0.412000000000000       0.516519645712438     
 -0.408000000000000       0.524242811035539     
 -0.404000000000000       0.532121638379389     
 -0.400000000000000       0.540159699389385     
 -0.396000000000000       0.548360640103759     
 -0.392000000000000       0.556728181096416     
 -0.388000000000000       0.565266117457384     
 -0.384000000000000       0.573978318592904     
 -0.380000000000000       0.582868727825646     
 -0.376000000000000       0.591941361773971     
 -0.372000000000000       0.601200309487464     
 -0.368000000000000       0.610649731314118     
 -0.364000000000000       0.620293857472653     
 -0.360000000000000       0.630136986301370     
 -0.356000000000000       0.640183482152798     
 -0.352000000000000       0.650437772901066     
 -0.348000000000000       0.660904347026505     
 -0.344000000000000       0.671587750239436     
 -0.340000000000000       0.682492581602374     
 -0.336000000000000       0.693623489107095     
 -0.332000000000000       0.704985164660013     
 -0.328000000000000       0.716582338426261     
 -0.324000000000000       0.728419772479668     
 -0.320000000000000       0.740502253702511     
 -0.316000000000000       0.752834585875514     
 -0.312000000000000       0.765421580895077     
 -0.308000000000000       0.778268049051189     
 -0.304000000000000       0.791378788295852     
 -0.300000000000000       0.804758572428271     
 -0.296000000000000       0.818412138119502     
 -0.292000000000000       0.832344170695695     
 -0.288000000000000       0.846559288595742     
 -0.284000000000000       0.861062026415885     
 -0.280000000000000       0.875856816450876     
 -0.276000000000000       0.890947968638631     
 -0.272000000000000       0.906339648813089     
 -0.268000000000000       0.922035855168211     
 -0.264000000000000       0.938040392835003     
 -0.260000000000000       0.954356846473029     
 -0.256000000000000       0.970988550778479     
 -0.252000000000000       0.987938558812412     
 -0.248000000000000        1.00520960805566     
 -0.244000000000000        1.02280408410118     
 -0.240000000000000        1.04072398190045     
 -0.236000000000000        1.05897086448856     
 -0.232000000000000        1.07754581912222     
 -0.228000000000000        1.09644941077762     
 -0.224000000000000        1.11568163296985     
 -0.220000000000000        1.13524185587364     
 -0.216000000000000        1.15512877174655     
 -0.212000000000000        1.17534033768039     
 -0.208000000000000        1.19587371573562     
 -0.204000000000000        1.21672521054636     
 -0.200000000000000        1.23789020452099     
 -0.196000000000000        1.25936309080555     
 -0.192000000000000        1.28113720422441     
 -0.188000000000000        1.30320475046462     
 -0.184000000000000        1.32555673382821     
 -0.180000000000000        1.34818288393904     
 -0.176000000000000        1.37107158185893     
 -0.172000000000000        1.39420978614034     
 -0.168000000000000        1.41758295942015     
 -0.164000000000000        1.44117499624041     
 -0.160000000000000        1.46496815286624     
 -0.156000000000000        1.48894297995753     
 -0.152000000000000        1.51307825903900     
 -0.148000000000000        1.53735094379980     
 -0.144000000000000        1.56173610733880     
 -0.140000000000000        1.58620689655172     
 -0.136000000000000        1.61073449492969     
 -0.132000000000000        1.63528809510267     
 -0.128000000000000        1.65983488251256     
 -0.124000000000000        1.68434003163630     
 -0.120000000000000        1.70876671619614     
 -0.116000000000000        1.73307613478811     
 -0.112000000000000        1.75722755332804     
 -0.108000000000000        1.78117836565269     
 -0.104000000000000        1.80488417351999     
 -0.100000000000000        1.82829888712242     
 -9.599999999999997E-002   1.85137484706034     
 -9.199999999999997E-002   1.87406296851574     
 -8.799999999999997E-002   1.89631290811952     
 -8.399999999999996E-002   1.91807325371939     
 -7.999999999999996E-002   1.93929173693086     
 -7.599999999999996E-002   1.95991546799373     
 -7.199999999999995E-002   1.97989119206666     
 -6.799999999999995E-002   1.99916556567693     
 -6.399999999999995E-002   2.01768545161064     
 -6.000000000000005E-002   2.03539823008850     
 -5.600000000000005E-002   2.05225212363481     
 -5.200000000000005E-002   2.06819653262355     
 -4.800000000000004E-002   2.08318237808854     
 -4.400000000000004E-002   2.09716244802684     
 -4.000000000000004E-002   2.11009174311927     
 -3.600000000000003E-002   2.12192781755111     
 -3.200000000000003E-002   2.13263111045175     
 -2.800000000000002E-002   2.14216526339319     
 -2.400000000000002E-002   2.15049741940310     
 -2.000000000000002E-002   2.15759849906191     
 -1.600000000000001E-002   2.16344344946949     
 -1.200000000000001E-002   2.16801146218234     
 -8.000000000000007E-003   2.17128615663470     
 -4.000000000000004E-003   2.17325572605639     
  0.000000000000000E+000   2.17391304347826     
  4.000000000000004E-003   2.17325572605639     
  8.000000000000007E-003   2.17128615663470     
  1.200000000000001E-002   2.16801146218234     
  1.600000000000001E-002   2.16344344946949     
  2.000000000000002E-002   2.15759849906191     
  2.400000000000002E-002   2.15049741940310     
  2.800000000000002E-002   2.14216526339319     
  3.200000000000003E-002   2.13263111045175     
  3.600000000000003E-002   2.12192781755111     
  4.000000000000004E-002   2.11009174311927     
  4.400000000000004E-002   2.09716244802684     
  4.800000000000004E-002   2.08318237808854     
  5.200000000000005E-002   2.06819653262355     
  5.600000000000005E-002   2.05225212363481     
  6.000000000000005E-002   2.03539823008850     
  6.400000000000006E-002   2.01768545161064     
  6.800000000000006E-002   1.99916556567693     
  7.200000000000006E-002   1.97989119206666     
  7.600000000000007E-002   1.95991546799373     
  8.000000000000007E-002   1.93929173693086     
  8.400000000000007E-002   1.91807325371939     
  8.800000000000008E-002   1.89631290811952     
  9.200000000000008E-002   1.87406296851574     
  9.600000000000009E-002   1.85137484706034     
  0.100000000000000        1.82829888712242     
  0.104000000000000        1.80488417351999     
  0.108000000000000        1.78117836565269     
  0.112000000000000        1.75722755332804     
  0.116000000000000        1.73307613478811     
  0.120000000000000        1.70876671619614     
  0.124000000000000        1.68434003163630     
  0.128000000000000        1.65983488251256     
  0.132000000000000        1.63528809510267     
  0.136000000000000        1.61073449492969     
  0.140000000000000        1.58620689655172     
  0.144000000000000        1.56173610733880     
  0.148000000000000        1.53735094379980     
  0.152000000000000        1.51307825903900     
  0.156000000000000        1.48894297995753     
  0.160000000000000        1.46496815286624     
  0.164000000000000        1.44117499624041     
  0.168000000000000        1.41758295942015     
  0.172000000000000        1.39420978614034     
  0.176000000000000        1.37107158185894     
  0.180000000000000        1.34818288393904     
  0.184000000000000        1.32555673382821     
  0.188000000000000        1.30320475046462     
  0.192000000000000        1.28113720422441     
  0.196000000000000        1.25936309080555     
  0.200000000000000        1.23789020452099     
  0.204000000000000        1.21672521054636     
  0.208000000000000        1.19587371573562     
  0.212000000000000        1.17534033768039     
  0.216000000000000        1.15512877174656     
  0.220000000000000        1.13524185587364     
  0.224000000000000        1.11568163296985     
  0.228000000000000        1.09644941077762     
  0.232000000000000        1.07754581912222     
  0.236000000000000        1.05897086448856     
  0.240000000000000        1.04072398190045     
  0.244000000000000        1.02280408410118     
  0.248000000000000        1.00520960805566     
  0.252000000000000       0.987938558812412     
  0.256000000000000       0.970988550778480     
  0.260000000000000       0.954356846473029     
  0.264000000000000       0.938040392835003     
  0.268000000000000       0.922035855168212     
  0.272000000000000       0.906339648813089     
  0.276000000000000       0.890947968638632     
  0.280000000000000       0.875856816450876     
  0.284000000000000       0.861062026415886     
  0.288000000000000       0.846559288595742     
  0.292000000000000       0.832344170695695     
  0.296000000000000       0.818412138119502     
  0.300000000000000       0.804758572428272     
  0.304000000000000       0.791378788295852     
  0.308000000000000       0.778268049051190     
  0.312000000000000       0.765421580895077     
  0.316000000000000       0.752834585875514     
  0.320000000000000       0.740502253702511     
  0.324000000000000       0.728419772479668     
  0.328000000000000       0.716582338426261     
  0.332000000000000       0.704985164660013     
  0.336000000000000       0.693623489107095     
  0.340000000000000       0.682492581602374     
  0.344000000000000       0.671587750239436     
  0.348000000000000       0.660904347026505     
  0.352000000000000       0.650437772901066     
  0.356000000000000       0.640183482152798     
  0.360000000000000       0.630136986301370     
  0.364000000000000       0.620293857472653     
  0.368000000000000       0.610649731314118     
  0.372000000000000       0.601200309487464     
  0.376000000000000       0.591941361773971     
  0.380000000000000       0.582868727825647     
  0.384000000000000       0.573978318592905     
  0.388000000000000       0.565266117457384     
  0.392000000000000       0.556728181096416     
  0.396000000000000       0.548360640103760     
  0.400000000000000       0.540159699389385     
  0.404000000000000       0.532121638379389     
  0.408000000000000       0.524242811035539     
  0.412000000000000       0.516519645712438     
  0.416000000000000       0.508948644868913     
  0.420000000000000       0.501526384648932     
  0.424000000000000       0.494249514346130     
  0.428000000000000       0.487114755764897     
  0.432000000000000       0.480118902489939     
  0.436000000000000       0.473258819075211     
  0.440000000000000       0.466531440162272     
  0.444000000000000       0.459933769537187     
  0.448000000000000       0.453462879134399     
  0.452000000000000       0.447115907995210     
  0.456000000000000       0.440890061187873     
  0.460000000000000       0.434782608695652     
  0.464000000000000       0.428790884278662     
  0.468000000000000       0.422912284314735     
  0.472000000000000       0.417144266624106     
  0.476000000000000       0.411484349282228     
  0.480000000000000       0.405930109424638     
  0.484000000000000       0.400479182047389     
  0.488000000000000       0.395129258806229     
  0.492000000000000       0.389878086817374     
  0.496000000000000       0.384723467462431     
  0.500000000000000       0.379663255199736     
  0.504000000000000       0.374695356384157     
  0.508000000000000       0.369817728097143     
  0.512000000000000       0.365028376988611     
  0.516000000000000       0.360325358132073     
  0.520000000000000       0.355706773894216     
  0.524000000000000       0.351170772819993     
  0.528000000000000       0.346715548534147     
  0.532000000000000       0.342339338659935     
  0.536000000000000       0.338040423755717     
  0.540000000000000       0.333817126269956     
  0.544000000000000       0.329667809515073     
  0.548000000000000       0.325590876660513     
  0.552000000000000       0.321584769745305     
  0.556000000000000       0.317647968710294     
  0.560000000000000       0.313778990450205     
  0.564000000000000       0.309976387885584     
  0.568000000000000       0.306238749054654     
  0.572000000000000       0.302564696225045     
  0.576000000000000       0.298952885025320     
  0.580000000000000       0.295402003596198     
  0.584000000000000       0.291910771761313     
  0.588000000000000       0.288477940217337     
  0.592000000000000       0.285102289743259     
  0.596000000000000       0.281782630428604     
  0.600000000000000       0.278517800920320     
  0.604000000000000       0.275306667688094     
  0.608000000000000       0.272148124307797     
  0.612000000000000       0.269041090762766     
  0.616000000000000       0.265984512762631     
  0.620000000000000       0.262977361079350     
  0.624000000000000       0.260018630900162     
  0.628000000000000       0.257107341197092     
  0.632000000000000       0.254242534112716     
  0.636000000000000       0.251423274361822     
  0.640000000000000       0.248648648648649     
  0.644000000000000       0.245917765099351     
  0.648000000000000       0.243229752709368     
  0.652000000000000       0.240583760805349     
  0.656000000000000       0.237978958521302     
  0.660000000000000       0.235414534288639     
  0.664000000000000       0.232889695339776     
  0.668000000000000       0.230403667224978     
  0.672000000000000       0.227955693342108     
  0.676000000000000       0.225545034478971     
  0.680000000000000       0.223170968367941     
  0.684000000000000       0.220832789252548     
  0.688000000000000       0.218529807465738     
  0.692000000000000       0.216261349019490     
  0.696000000000000       0.214026755205503     
  0.700000000000000       0.211825382206668     
  0.704000000000000       0.209656600719031     
  0.708000000000000       0.207519795583979     
  0.712000000000000       0.205414365430370     
  0.716000000000000       0.203339722326348     
  0.720000000000000       0.201295291440574     
  0.724000000000000       0.199280510712627     
  0.728000000000000       0.197294830532319     
  0.732000000000000       0.195337713427684     
  0.736000000000000       0.193408633761411     
  0.740000000000000       0.191507077435470     
  0.744000000000000       0.189632541603731     
  0.748000000000000       0.187784534392329     
  0.752000000000000       0.185962574627590     
  0.756000000000000       0.184166191571274     
  0.760000000000000       0.182394924662966     
  0.764000000000000       0.180648323269389     
  0.768000000000000       0.178925946440463     
  0.772000000000000       0.177227362671910     
  0.776000000000000       0.175552149674236     
  0.780000000000000       0.173899894147890     
  0.784000000000000       0.172270191564453     
  0.788000000000000       0.170662645953663     
  0.792000000000000       0.169076869696132     
  0.796000000000000       0.167512483321583     
  0.800000000000000       0.165969115312455     
  0.804000000000000       0.164446401912726     
  0.808000000000000       0.162943986941811     
  0.812000000000000       0.161461521613380     
  0.816000000000000       0.159998664358976     
  0.820000000000000       0.158555080656280     
  0.824000000000000       0.157130442861906     
  0.828000000000000       0.155724430048586     
  0.832000000000000       0.154336727846640     
  0.836000000000000       0.152967028289589     
  0.840000000000000       0.151615029663810     
  0.844000000000000       0.150280436362116     
  0.848000000000000       0.148962958741146     
  0.852000000000000       0.147662312982471     
  0.856000000000000       0.146378220957288     
  0.860000000000000       0.145110410094637     
  0.864000000000000       0.143858613253006     
  0.868000000000000       0.142622568595254     
  0.872000000000000       0.141402019466754     
  0.876000000000000       0.140196714276658     
  0.880000000000000       0.139006406382207     
  0.884000000000000       0.137830853976001     
  0.888000000000000       0.136669819976136     
  0.892000000000000       0.135523071919148     
  0.896000000000000       0.134390381855662     
  0.900000000000000       0.133271526248696     
  0.904000000000000       0.132166285874527     
  0.908000000000000       0.131074445726061     
  0.912000000000000       0.129995794918634     
  0.916000000000000       0.128930126598173     
  0.920000000000000       0.127877237851662     
  0.924000000000000       0.126836929619842     
  0.928000000000000       0.125809006612084     
  0.932000000000000       0.124793277223382     
  0.936000000000000       0.123789553453406     
  0.940000000000000       0.122797650827549     
  0.944000000000000       0.121817388319937     
  0.948000000000000       0.120848588278317     
  0.952000000000000       0.119891076350808     
  0.956000000000000       0.118944681414428     
  0.960000000000000       0.118009235505387     
  0.964000000000000       0.117084573751064     
  0.968000000000000       0.116170534303644     
  0.972000000000000       0.115266958275366     
  0.976000000000000       0.114373689675338     
  0.980000000000000       0.113490575347873     
  0.984000000000000       0.112617464912315     
  0.988000000000000       0.111754210704304     
  0.992000000000000       0.110900667718455     
  0.996000000000000       0.110056693552400     
