  -1.00000000000000       0.111350659811888     
 -0.996000000000000       0.112199579657405     
 -0.992000000000000       0.113058061809564     
 -0.988000000000000       0.113926247540890     
 -0.984000000000000       0.114804280685230     
 -0.980000000000000       0.115692307692308     
 -0.976000000000000       0.116590477683590     
 -0.972000000000000       0.117498942509517     
 -0.968000000000000       0.118417856808120     
 -0.964000000000000       0.119347378065069     
 -0.960000000000000       0.120287666675198     
 -0.956000000000000       0.121238886005524     
 -0.952000000000000       0.122201202459832     
 -0.948000000000000       0.123174785544836     
 -0.944000000000000       0.124159807937986     
 -0.940000000000000       0.125156445556946     
 -0.936000000000000       0.126164877630806     
 -0.932000000000000       0.127185286773055     
 -0.928000000000000       0.128217859056382     
 -0.924000000000000       0.129262784089346     
 -0.920000000000000       0.130320255094967     
 -0.916000000000000       0.131390468991290     
 -0.912000000000000       0.132473626473981     
 -0.908000000000000       0.133569932101004     
 -0.904000000000000       0.134679594379448     
 -0.900000000000000       0.135802825854547     
 -0.896000000000000       0.136939843200966     
 -0.892000000000000       0.138090867316419     
 -0.888000000000000       0.139256123417665     
 -0.884000000000000       0.140435841138977     
 -0.880000000000000       0.141630254633117     
 -0.876000000000000       0.142839602674930     
 -0.872000000000000       0.144064128767584     
 -0.868000000000000       0.145304081251569     
 -0.864000000000000       0.146559713416513     
 -0.860000000000000       0.147831283615890     
 -0.856000000000000       0.149119055384721     
 -0.852000000000000       0.150423297560326     
 -0.848000000000000       0.151744284406241     
 -0.844000000000000       0.153082295739361     
 -0.840000000000000       0.154437617060428     
 -0.836000000000000       0.155810539687928     
 -0.832000000000000       0.157201360895526     
 -0.828000000000000       0.158610384053110     
 -0.824000000000000       0.160037918771563     
 -0.820000000000000       0.161484281051366     
 -0.816000000000000       0.162949793435134     
 -0.812000000000000       0.164434785164204     
 -0.808000000000000       0.165939592339381     
 -0.804000000000000       0.167464558085973     
 -0.800000000000000       0.169010032723219     
 -0.796000000000000       0.170576373938253     
 -0.792000000000000       0.172163946964713     
 -0.788000000000000       0.173773124766146     
 -0.784000000000000       0.175404288224326     
 -0.780000000000000       0.177057826332643     
 -0.776000000000000       0.178734136394681     
 -0.772000000000000       0.180433624228166     
 -0.768000000000000       0.182156704374396     
 -0.764000000000000       0.183903800313341     
 -0.760000000000000       0.185675344684549     
 -0.756000000000000       0.187471779514041     
 -0.752000000000000       0.189293556447339     
 -0.748000000000000       0.191141136988820     
 -0.744000000000000       0.193014992747564     
 -0.740000000000000       0.194915605689877     
 -0.736000000000000       0.196843468398666     
 -0.732000000000000       0.198799084339877     
 -0.728000000000000       0.200782968136170     
 -0.724000000000000       0.202795645848040     
 -0.720000000000000       0.204837655262584     
 -0.716000000000000       0.206909546190135     
 -0.712000000000000       0.209011880768950     
 -0.708000000000000       0.211145233778206     
 -0.704000000000000       0.213310192959493     
 -0.700000000000000       0.215507359347059     
 -0.696000000000000       0.217737347607020     
 -0.692000000000000       0.220000786385790     
 -0.688000000000000       0.222298318667951     
 -0.684000000000000       0.224630602143836     
 -0.680000000000000       0.226998309587056     
 -0.676000000000000       0.229402129242231     
 -0.672000000000000       0.231842765223191     
 -0.668000000000000       0.234320937921902     
 -0.664000000000000       0.236837384428396     
 -0.660000000000000       0.239392858961952     
 -0.656000000000000       0.241988133313837     
 -0.652000000000000       0.244623997301849     
 -0.648000000000000       0.247301259236965     
 -0.644000000000000       0.250020746402361     
 -0.640000000000000       0.252783305545098     
 -0.636000000000000       0.255589803380746     
 -0.632000000000000       0.258441127111244     
 -0.628000000000000       0.261338184956262     
 -0.624000000000000       0.264281906698365     
 -0.620000000000000       0.267273244242252     
 -0.616000000000000       0.270313172188340     
 -0.612000000000000       0.273402688420989     
 -0.608000000000000       0.276542814711607     
 -0.604000000000000       0.279734597336927     
 -0.600000000000000       0.282979107712686     
 -0.596000000000000       0.286277443042971     
 -0.592000000000000       0.289630726985449     
 -0.588000000000000       0.293040110332719     
 -0.584000000000000       0.296506771709973     
 -0.580000000000000       0.300031918289180     
 -0.576000000000000       0.303616786519931     
 -0.572000000000000       0.307262642877129     
 -0.568000000000000       0.310970784625604     
 -0.564000000000000       0.314742540601788     
 -0.560000000000000       0.318579272012472     
 -0.556000000000000       0.322482373250705     
 -0.552000000000000       0.326453272728788     
 -0.548000000000000       0.330493433728332     
 -0.544000000000000       0.334604355267242     
 -0.540000000000000       0.338787572983493     
 -0.536000000000000       0.343044660035443     
 -0.532000000000000       0.347377228018412     
 -0.528000000000000       0.351786927897152     
 -0.524000000000000       0.356275450953757     
 -0.520000000000000       0.360844529750480     
 -0.516000000000000       0.365495939106821     
 -0.512000000000000       0.370231497090138     
 -0.508000000000000       0.375053066018915     
 -0.504000000000000       0.379962553477708     
 -0.500000000000000       0.384961913342616     
 -0.496000000000000       0.390053146816004     
 -0.492000000000000       0.395238303469015     
 -0.488000000000000       0.400519482290221     
 -0.484000000000000       0.405898832738591     
 -0.480000000000000       0.411378555798687     
 -0.476000000000000       0.416960905035823     
 -0.472000000000000       0.422648187648601     
 -0.468000000000000       0.428442765516009     
 -0.464000000000000       0.434347056235930     
 -0.460000000000000       0.440363534151597     
 -0.456000000000000       0.446494731362170     
 -0.452000000000000       0.452743238713207     
 -0.448000000000000       0.459111706762422     
 -0.444000000000000       0.465602846715618     
 -0.440000000000000       0.472219431327238     
 -0.436000000000000       0.478964295759433     
 -0.432000000000000       0.485840338392964     
 -0.428000000000000       0.492850521582658     
 -0.424000000000000       0.499997872349479     
 -0.420000000000000       0.507285483000540     
 -0.416000000000000       0.514716511667638     
 -0.412000000000000       0.522294182754068     
 -0.408000000000000       0.530021787278575     
 -0.404000000000000       0.537902683104362     
 -0.400000000000000       0.545940295040074     
 -0.396000000000000       0.554138114798553     
 -0.392000000000000       0.562499700798031     
 -0.388000000000000       0.571028677789171     
 -0.384000000000000       0.579728736290032     
 -0.380000000000000       0.588603631809643     
 -0.376000000000000       0.597657183839350     
 -0.372000000000000       0.606893274589508     
 -0.368000000000000       0.616315847447403     
 -0.364000000000000       0.625928905130486     
 -0.360000000000000       0.635736507507101     
 -0.356000000000000       0.645742769054907     
 -0.352000000000000       0.655951855925060     
 -0.348000000000000       0.666367982578022     
 -0.344000000000000       0.676995407954552     
 -0.340000000000000       0.687838431142982     
 -0.336000000000000       0.698901386501389     
 -0.332000000000000       0.710188638190621     
 -0.328000000000000       0.721704574071458     
 -0.324000000000000       0.733453598916361     
 -0.320000000000000       0.745440126883426     
 -0.316000000000000       0.757668573197232     
 -0.312000000000000       0.770143344978337     
 -0.308000000000000       0.782868831160178     
 -0.304000000000000       0.795849391429210     
 -0.300000000000000       0.809089344121191     
 -0.296000000000000       0.822592953003689     
 -0.292000000000000       0.836364412872182     
 -0.288000000000000       0.850407833884590     
 -0.284000000000000       0.864727224556781     
 -0.280000000000000       0.879326473339569     
 -0.276000000000000       0.894209328696128     
 -0.272000000000000       0.909379377597536     
 -0.268000000000000       0.924840022353580     
 -0.264000000000000       0.940594455696000     
 -0.260000000000000       0.956645634032159     
 -0.256000000000000       0.972996248788930     
 -0.252000000000000       0.989648695769357     
 -0.248000000000000        1.00660504244875     
 -0.244000000000000        1.02386699314227     
 -0.240000000000000        1.04143585198316     
 -0.236000000000000        1.05931248365954     
 -0.232000000000000        1.07749727186861     
 -0.228000000000000        1.09599007546008     
 -0.224000000000000        1.11479018225634     
 -0.220000000000000        1.13389626055489     
 -0.216000000000000        1.15330630834012     
 -0.212000000000000        1.17301760025557     
 -0.208000000000000        1.19302663241580     
 -0.204000000000000        1.21332906516868     
 -0.200000000000000        1.23391966395379     
 -0.196000000000000        1.25479223844256     
 -0.192000000000000        1.27593958018873     
 -0.188000000000000        1.29735339906591     
 -0.184000000000000        1.31902425882062     
 -0.180000000000000        1.34094151212553     
 -0.176000000000000        1.36309323557731     
 -0.172000000000000        1.38546616514757     
 -0.168000000000000        1.40804563266186     
 -0.164000000000000        1.43081550395149     
 -0.160000000000000        1.45375811939375     
 -0.156000000000000        1.47685423762899     
 -0.152000000000000        1.50008298331397     
 -0.148000000000000        1.52342179984182     
 -0.144000000000000        1.54684640802517     
 -0.140000000000000        1.57033077180087     
 -0.136000000000000        1.59384707206902     
 -0.132000000000000        1.61736568982367     
 -0.128000000000000        1.64085519976539     
 -0.124000000000000        1.66428237560374     
 -0.120000000000000        1.68761220825853     
 -0.116000000000000        1.71080793814883     
 -0.112000000000000        1.73383110271658     
 -0.108000000000000        1.75664160026312     
 -0.104000000000000        1.77919777108160     
 -0.100000000000000        1.80145649674205     
 -9.599999999999997E-002   1.82337331822908     
 -9.199999999999997E-002   1.84490257344282     
 -8.799999999999997E-002   1.86599755435214     
 -8.399999999999996E-002   1.88661068383616     
 -7.999999999999996E-002   1.90669371196755     
 -7.599999999999996E-002   1.92619793118146     
 -7.199999999999995E-002   1.94507440944230     
 -6.799999999999995E-002   1.96327424017110     
 -6.399999999999995E-002   1.98074880733636     
 -6.000000000000005E-002   1.99745006374841     
 -5.600000000000005E-002   2.01333082023954     
 -5.200000000000005E-002   2.02834504306996     
 -4.800000000000004E-002   2.04244815658190     
 -4.400000000000004E-002   2.05559734784206     
 -4.000000000000004E-002   2.06775186977563     
 -3.600000000000003E-002   2.07887333911290     
 -3.200000000000003E-002   2.08892602535156     
 -2.800000000000002E-002   2.09787712689032     
 -2.400000000000002E-002   2.10569703051917     
 -2.000000000000002E-002   2.11235955056180     
 -1.600000000000001E-002   2.11784214415746     
 -1.200000000000001E-002   2.12212609944193     
 -8.000000000000007E-003   2.12519669373655     
 -4.000000000000004E-003   2.12704331927373     
  0.000000000000000E+000   2.12765957446809     
  4.000000000000004E-003   2.12704331927373     
  8.000000000000007E-003   2.12519669373655     
  1.200000000000001E-002   2.12212609944193     
  1.600000000000001E-002   2.11784214415746     
  2.000000000000002E-002   2.11235955056180     
  2.400000000000002E-002   2.10569703051917     
  2.800000000000002E-002   2.09787712689032     
  3.200000000000003E-002   2.08892602535156     
  3.600000000000003E-002   2.07887333911290     
  4.000000000000004E-002   2.06775186977563     
  4.400000000000004E-002   2.05559734784206     
  4.800000000000004E-002   2.04244815658190     
  5.200000000000005E-002   2.02834504306996     
  5.600000000000005E-002   2.01333082023954     
  6.000000000000005E-002   1.99745006374841     
  6.400000000000006E-002   1.98074880733636     
  6.800000000000006E-002   1.96327424017110     
  7.200000000000006E-002   1.94507440944230     
  7.600000000000007E-002   1.92619793118146     
  8.000000000000007E-002   1.90669371196755     
  8.400000000000007E-002   1.88661068383616     
  8.800000000000008E-002   1.86599755435214     
  9.200000000000008E-002   1.84490257344282     
  9.600000000000009E-002   1.82337331822908     
  0.100000000000000        1.80145649674205     
  0.104000000000000        1.77919777108160     
  0.108000000000000        1.75664160026312     
  0.112000000000000        1.73383110271658     
  0.116000000000000        1.71080793814883     
  0.120000000000000        1.68761220825853     
  0.124000000000000        1.66428237560374     
  0.128000000000000        1.64085519976539     
  0.132000000000000        1.61736568982367     
  0.136000000000000        1.59384707206902     
  0.140000000000000        1.57033077180087     
  0.144000000000000        1.54684640802517     
  0.148000000000000        1.52342179984182     
  0.152000000000000        1.50008298331397     
  0.156000000000000        1.47685423762899     
  0.160000000000000        1.45375811939375     
  0.164000000000000        1.43081550395149     
  0.168000000000000        1.40804563266187     
  0.172000000000000        1.38546616514757     
  0.176000000000000        1.36309323557731     
  0.180000000000000        1.34094151212554     
  0.184000000000000        1.31902425882062     
  0.188000000000000        1.29735339906591     
  0.192000000000000        1.27593958018873     
  0.196000000000000        1.25479223844256     
  0.200000000000000        1.23391966395379     
  0.204000000000000        1.21332906516868     
  0.208000000000000        1.19302663241580     
  0.212000000000000        1.17301760025557     
  0.216000000000000        1.15330630834012     
  0.220000000000000        1.13389626055489     
  0.224000000000000        1.11479018225634     
  0.228000000000000        1.09599007546008     
  0.232000000000000        1.07749727186861     
  0.236000000000000        1.05931248365954     
  0.240000000000000        1.04143585198316     
  0.244000000000000        1.02386699314227     
  0.248000000000000        1.00660504244875     
  0.252000000000000       0.989648695769357     
  0.256000000000000       0.972996248788930     
  0.260000000000000       0.956645634032160     
  0.264000000000000       0.940594455696000     
  0.268000000000000       0.924840022353580     
  0.272000000000000       0.909379377597536     
  0.276000000000000       0.894209328696129     
  0.280000000000000       0.879326473339570     
  0.284000000000000       0.864727224556781     
  0.288000000000000       0.850407833884591     
  0.292000000000000       0.836364412872182     
  0.296000000000000       0.822592953003690     
  0.300000000000000       0.809089344121191     
  0.304000000000000       0.795849391429210     
  0.308000000000000       0.782868831160178     
  0.312000000000000       0.770143344978338     
  0.316000000000000       0.757668573197232     
  0.320000000000000       0.745440126883426     
  0.324000000000000       0.733453598916361     
  0.328000000000000       0.721704574071458     
  0.332000000000000       0.710188638190621     
  0.336000000000000       0.698901386501389     
  0.340000000000000       0.687838431142982     
  0.344000000000000       0.676995407954552     
  0.348000000000000       0.666367982578022     
  0.352000000000000       0.655951855925060     
  0.356000000000000       0.645742769054907     
  0.360000000000000       0.635736507507101     
  0.364000000000000       0.625928905130486     
  0.368000000000000       0.616315847447403     
  0.372000000000000       0.606893274589508     
  0.376000000000000       0.597657183839350     
  0.380000000000000       0.588603631809643     
  0.384000000000000       0.579728736290033     
  0.388000000000000       0.571028677789172     
  0.392000000000000       0.562499700798032     
  0.396000000000000       0.554138114798553     
  0.400000000000000       0.545940295040075     
  0.404000000000000       0.537902683104363     
  0.408000000000000       0.530021787278575     
  0.412000000000000       0.522294182754069     
  0.416000000000000       0.514716511667638     
  0.420000000000000       0.507285483000540     
  0.424000000000000       0.499997872349480     
  0.428000000000000       0.492850521582659     
  0.432000000000000       0.485840338392964     
  0.436000000000000       0.478964295759434     
  0.440000000000000       0.472219431327238     
  0.444000000000000       0.465602846715618     
  0.448000000000000       0.459111706762423     
  0.452000000000000       0.452743238713208     
  0.456000000000000       0.446494731362170     
  0.460000000000000       0.440363534151598     
  0.464000000000000       0.434347056235930     
  0.468000000000000       0.428442765516009     
  0.472000000000000       0.422648187648601     
  0.476000000000000       0.416960905035823     
  0.480000000000000       0.411378555798687     
  0.484000000000000       0.405898832738591     
  0.488000000000000       0.400519482290222     
  0.492000000000000       0.395238303469015     
  0.496000000000000       0.390053146816005     
  0.500000000000000       0.384961913342616     
  0.504000000000000       0.379962553477708     
  0.508000000000000       0.375053066018915     
  0.512000000000000       0.370231497090138     
  0.516000000000000       0.365495939106821     
  0.520000000000000       0.360844529750480     
  0.524000000000000       0.356275450953757     
  0.528000000000000       0.351786927897152     
  0.532000000000000       0.347377228018412     
  0.536000000000000       0.343044660035443     
  0.540000000000000       0.338787572983493     
  0.544000000000000       0.334604355267242     
  0.548000000000000       0.330493433728332     
  0.552000000000000       0.326453272728788     
  0.556000000000000       0.322482373250705     
  0.560000000000000       0.318579272012472     
  0.564000000000000       0.314742540601788     
  0.568000000000000       0.310970784625604     
  0.572000000000000       0.307262642877129     
  0.576000000000000       0.303616786519931     
  0.580000000000000       0.300031918289180     
  0.584000000000000       0.296506771709973     
  0.588000000000000       0.293040110332719     
  0.592000000000000       0.289630726985449     
  0.596000000000000       0.286277443042971     
  0.600000000000000       0.282979107712686     
  0.604000000000000       0.279734597336927     
  0.608000000000000       0.276542814711607     
  0.612000000000000       0.273402688420989     
  0.616000000000000       0.270313172188340     
  0.620000000000000       0.267273244242252     
  0.624000000000000       0.264281906698365     
  0.628000000000000       0.261338184956262     
  0.632000000000000       0.258441127111244     
  0.636000000000000       0.255589803380746     
  0.640000000000000       0.252783305545098     
  0.644000000000000       0.250020746402361     
  0.648000000000000       0.247301259236965     
  0.652000000000000       0.244623997301849     
  0.656000000000000       0.241988133313837     
  0.660000000000000       0.239392858961952     
  0.664000000000000       0.236837384428396     
  0.668000000000000       0.234320937921902     
  0.672000000000000       0.231842765223191     
  0.676000000000000       0.229402129242231     
  0.680000000000000       0.226998309587056     
  0.684000000000000       0.224630602143836     
  0.688000000000000       0.222298318667951     
  0.692000000000000       0.220000786385790     
  0.696000000000000       0.217737347607020     
  0.700000000000000       0.215507359347059     
  0.704000000000000       0.213310192959493     
  0.708000000000000       0.211145233778206     
  0.712000000000000       0.209011880768950     
  0.716000000000000       0.206909546190135     
  0.720000000000000       0.204837655262584     
  0.724000000000000       0.202795645848040     
  0.728000000000000       0.200782968136170     
  0.732000000000000       0.198799084339877     
  0.736000000000000       0.196843468398666     
  0.740000000000000       0.194915605689877     
  0.744000000000000       0.193014992747564     
  0.748000000000000       0.191141136988819     
  0.752000000000000       0.189293556447339     
  0.756000000000000       0.187471779514041     
  0.760000000000000       0.185675344684549     
  0.764000000000000       0.183903800313341     
  0.768000000000000       0.182156704374396     
  0.772000000000000       0.180433624228166     
  0.776000000000000       0.178734136394681     
  0.780000000000000       0.177057826332643     
  0.784000000000000       0.175404288224326     
  0.788000000000000       0.173773124766146     
  0.792000000000000       0.172163946964713     
  0.796000000000000       0.170576373938253     
  0.800000000000000       0.169010032723219     
  0.804000000000000       0.167464558085973     
  0.808000000000000       0.165939592339381     
  0.812000000000000       0.164434785164204     
  0.816000000000000       0.162949793435134     
  0.820000000000000       0.161484281051366     
  0.824000000000000       0.160037918771563     
  0.828000000000000       0.158610384053109     
  0.832000000000000       0.157201360895526     
  0.836000000000000       0.155810539687928     
  0.840000000000000       0.154437617060428     
  0.844000000000000       0.153082295739361     
  0.848000000000000       0.151744284406241     
  0.852000000000000       0.150423297560326     
  0.856000000000000       0.149119055384721     
  0.860000000000000       0.147831283615890     
  0.864000000000000       0.146559713416513     
  0.868000000000000       0.145304081251569     
  0.872000000000000       0.144064128767583     
  0.876000000000000       0.142839602674930     
  0.880000000000000       0.141630254633117     
  0.884000000000000       0.140435841138977     
  0.888000000000000       0.139256123417665     
  0.892000000000000       0.138090867316418     
  0.896000000000000       0.136939843200966     
  0.900000000000000       0.135802825854547     
  0.904000000000000       0.134679594379448     
  0.908000000000000       0.133569932101004     
  0.912000000000000       0.132473626473980     
  0.916000000000000       0.131390468991290     
  0.920000000000000       0.130320255094967     
  0.924000000000000       0.129262784089346     
  0.928000000000000       0.128217859056382     
  0.932000000000000       0.127185286773055     
  0.936000000000000       0.126164877630806     
  0.940000000000000       0.125156445556946     
  0.944000000000000       0.124159807937986     
  0.948000000000000       0.123174785544836     
  0.952000000000000       0.122201202459832     
  0.956000000000000       0.121238886005524     
  0.960000000000000       0.120287666675198     
  0.964000000000000       0.119347378065069     
  0.968000000000000       0.118417856808120     
  0.972000000000000       0.117498942509517     
  0.976000000000000       0.116590477683590     
  0.980000000000000       0.115692307692308     
  0.984000000000000       0.114804280685230     
  0.988000000000000       0.113926247540890     
  0.992000000000000       0.113058061809564     
  0.996000000000000       0.112199579657405     
