  -1.00000000000000       0.113464447806354     
 -0.996000000000000       0.114327525495038     
 -0.992000000000000       0.115200294912755     
 -0.988000000000000       0.116082898667368     
 -0.984000000000000       0.116975481938986     
 -0.980000000000000       0.117878192534381     
 -0.976000000000000       0.118791180942727     
 -0.972000000000000       0.119714600392664     
 -0.968000000000000       0.120648606910752     
 -0.964000000000000       0.121593359381333     
 -0.960000000000000       0.122549019607843     
 -0.956000000000000       0.123515752375620     
 -0.952000000000000       0.124493725516234     
 -0.948000000000000       0.125483109973398     
 -0.944000000000000       0.126484079870480     
 -0.940000000000000       0.127496812579686     
 -0.936000000000000       0.128521488792926     
 -0.932000000000000       0.129558292594448     
 -0.928000000000000       0.130607411535247     
 -0.924000000000000       0.131669036709327     
 -0.920000000000000       0.132743362831858     
 -0.916000000000000       0.133830588319266     
 -0.912000000000000       0.134930915371330     
 -0.908000000000000       0.136044550055325     
 -0.904000000000000       0.137171702392274     
 -0.900000000000000       0.138312586445367     
 -0.896000000000000       0.139467420410592     
 -0.892000000000000       0.140636426709670     
 -0.888000000000000       0.141819832085319     
 -0.884000000000000       0.143017867698938     
 -0.880000000000000       0.144230769230769     
 -0.876000000000000       0.145458776982603     
 -0.872000000000000       0.146702135983100     
 -0.868000000000000       0.147961096095800     
 -0.864000000000000       0.149235912129895     
 -0.860000000000000       0.150526843953838     
 -0.856000000000000       0.151834156611871     
 -0.852000000000000       0.153158120443546     
 -0.848000000000000       0.154499011206328     
 -0.844000000000000       0.155857110201367     
 -0.840000000000000       0.157232704402516     
 -0.836000000000000       0.158626086588693     
 -0.832000000000000       0.160037555479686     
 -0.828000000000000       0.161467415875476     
 -0.824000000000000       0.162915978799201     
 -0.820000000000000       0.164383561643836     
 -0.816000000000000       0.165870488322718     
 -0.812000000000000       0.167377089424000     
 -0.808000000000000       0.168903702369156     
 -0.804000000000000       0.170450671575646     
 -0.800000000000000       0.172018348623853     
 -0.796000000000000       0.173607092428416     
 -0.792000000000000       0.175217269414073     
 -0.788000000000000       0.176849253696149     
 -0.784000000000000       0.178503427265804     
 -0.780000000000000       0.180180180180180     
 -0.776000000000000       0.181879910757590     
 -0.772000000000000       0.183603025777865     
 -0.768000000000000       0.185349940688019     
 -0.764000000000000       0.187121079813378     
 -0.760000000000000       0.188916876574307     
 -0.756000000000000       0.190737773708705     
 -0.752000000000000       0.192584223500411     
 -0.748000000000000       0.194456688013690     
 -0.744000000000000       0.196355639333962     
 -0.740000000000000       0.198281559814937     
 -0.736000000000000       0.200234942332337     
 -0.732000000000000       0.202216290544366     
 -0.728000000000000       0.204226119159133     
 -0.724000000000000       0.206264954209180     
 -0.720000000000000       0.208333333333333     
 -0.716000000000000       0.210431806066048     
 -0.712000000000000       0.212560934134452     
 -0.708000000000000       0.214721291763291     
 -0.704000000000000       0.216913465987969     
 -0.700000000000000       0.219138056975895     
 -0.696000000000000       0.221395678356359     
 -0.692000000000000       0.223686957559128     
 -0.688000000000000       0.226012536162006     
 -0.684000000000000       0.228373070247556     
 -0.680000000000000       0.230769230769231     
 -0.676000000000000       0.233201703927117     
 -0.672000000000000       0.235671191553545     
 -0.668000000000000       0.238178411508781     
 -0.664000000000000       0.240724098087046     
 -0.660000000000000       0.243309002433090     
 -0.656000000000000       0.245933892969570     
 -0.652000000000000       0.248599555835460     
 -0.648000000000000       0.251306795335746     
 -0.644000000000000       0.254056434402629     
 -0.640000000000000       0.256849315068493     
 -0.636000000000000       0.259686298950867     
 -0.632000000000000       0.262568267749615     
 -0.628000000000000       0.265496123756593     
 -0.624000000000000       0.268470790378007     
 -0.620000000000000       0.271493212669683     
 -0.616000000000000       0.274564357885488     
 -0.612000000000000       0.277685216039098     
 -0.608000000000000       0.280856800479329     
 -0.604000000000000       0.284080148479224     
 -0.600000000000000       0.287356321839080     
 -0.596000000000000       0.290686407503585     
 -0.592000000000000       0.294071518193225     
 -0.588000000000000       0.297512793050101     
 -0.584000000000000       0.301011398298282     
 -0.580000000000000       0.304568527918782     
 -0.576000000000000       0.308185404339250     
 -0.572000000000000       0.311863279138426     
 -0.568000000000000       0.315603433765359     
 -0.564000000000000       0.319407180273412     
 -0.560000000000000       0.323275862068965     
 -0.556000000000000       0.327210854674752     
 -0.552000000000000       0.331213566507684     
 -0.548000000000000       0.335285439670973     
 -0.544000000000000       0.339427950760319     
 -0.540000000000000       0.343642611683849     
 -0.536000000000000       0.347930970495454     
 -0.532000000000000       0.352294612241063     
 -0.528000000000000       0.356735159817352     
 -0.524000000000000       0.361254274842252     
 -0.520000000000000       0.365853658536585     
 -0.516000000000000       0.370535052615977     
 -0.512000000000000       0.375300240192154     
 -0.508000000000000       0.380151046682549     
 -0.504000000000000       0.385089340727049     
 -0.500000000000000       0.390117035110533     
 -0.496000000000000       0.395236087689713     
 -0.492000000000000       0.400448502322601     
 -0.488000000000000       0.405756329798745     
 -0.484000000000000       0.411161668768160     
 -0.480000000000000       0.416666666666667     
 -0.476000000000000       0.422273520635099     
 -0.472000000000000       0.427984478429582     
 -0.468000000000000       0.433801839319799     
 -0.464000000000000       0.439727954971857     
 -0.460000000000000       0.445765230312036     
 -0.456000000000000       0.451916124367317     
 -0.452000000000000       0.458183151078258     
 -0.448000000000000       0.464568880079286     
 -0.444000000000000       0.471075937441115     
 -0.440000000000000       0.477707006369427     
 -0.436000000000000       0.484464827853498     
 -0.432000000000000       0.491352201257861     
 -0.428000000000000       0.498371984849491     
 -0.424000000000000       0.505527096252359     
 -0.420000000000000       0.512820512820513     
 -0.416000000000000       0.520255271920089     
 -0.412000000000000       0.527834471109860     
 -0.408000000000000       0.535561268209083     
 -0.404000000000000       0.543438881240490     
 -0.400000000000000       0.551470588235294     
 -0.396000000000000       0.559659726886053     
 -0.392000000000000       0.568009694032111     
 -0.388000000000000       0.576523944961181     
 -0.384000000000000       0.585205992509363     
 -0.380000000000000       0.594059405940594     
 -0.376000000000000       0.603087809585075     
 -0.372000000000000       0.612294881214793     
 -0.368000000000000       0.621684350132626     
 -0.364000000000000       0.631259994949920     
 -0.360000000000000       0.641025641025641     
 -0.356000000000000       0.650985157538408     
 -0.352000000000000       0.661142454160790     
 -0.348000000000000       0.671501477303250     
 -0.344000000000000       0.682066205893052     
 -0.340000000000000       0.692840646651270     
 -0.336000000000000       0.703828828828829     
 -0.332000000000000       0.715034798360187     
 -0.328000000000000       0.726462611390934     
 -0.324000000000000       0.738116327133156     
 -0.320000000000000       0.750000000000000     
 -0.316000000000000       0.762117670968398     
 -0.312000000000000       0.774473358116480     
 -0.308000000000000       0.787071046279777     
 -0.304000000000000       0.799914675767918     
 -0.300000000000000       0.813008130081300     
 -0.296000000000000       0.826355222565006     
 -0.292000000000000       0.839959681935267     
 -0.288000000000000       0.853825136612022     
 -0.284000000000000       0.867955097789607     
 -0.280000000000000       0.882352941176470     
 -0.276000000000000       0.897021887334051     
 -0.272000000000000       0.911964980544747     
 -0.268000000000000       0.927185066139201     
 -0.264000000000000       0.942684766214178     
 -0.260000000000000       0.958466453674121     
 -0.256000000000000       0.974532224532224     
 -0.252000000000000       0.990883868410622     
 -0.248000000000000        1.00752283718431     
 -0.244000000000000        1.02445021171971     
 -0.240000000000000        1.04166666666667     
 -0.236000000000000        1.05917243327214     
 -0.232000000000000        1.07696726019529     
 -0.228000000000000        1.09505037231713     
 -0.224000000000000        1.11342042755344     
 -0.220000000000000        1.13207547169811     
 -0.216000000000000        1.15101289134438     
 -0.212000000000000        1.17022936495553     
 -0.208000000000000        1.18972081218274     
 -0.204000000000000        1.20948234155781     
 -0.200000000000000        1.22950819672131     
 -0.196000000000000        1.24979170138310     
 -0.192000000000000        1.27032520325203     
 -0.188000000000000        1.29110001721467     
 -0.184000000000000        1.31210636808957     
 -0.180000000000000        1.33333333333333     
 -0.176000000000000        1.35476878612717     
 -0.172000000000000        1.37639933932832     
 -0.168000000000000        1.39821029082774     
 -0.164000000000000        1.42018557091460     
 -0.160000000000000        1.44230769230769     
 -0.156000000000000        1.46455770357352     
 -0.152000000000000        1.48691514670896     
 -0.148000000000000        1.50935801972228     
 -0.144000000000000        1.53186274509804     
 -0.140000000000000        1.55440414507772     
 -0.136000000000000        1.57695542472666     
 -0.132000000000000        1.59948816378759     
 -0.128000000000000        1.62197231833910     
 -0.124000000000000        1.64437623328217     
 -0.120000000000000        1.66666666666667     
 -0.116000000000000        1.68880882684080     
 -0.112000000000000        1.71076642335766     
 -0.108000000000000        1.73250173250173     
 -0.104000000000000        1.75397567820393     
 -0.100000000000000        1.77514792899408     
 -9.599999999999997E-002   1.79597701149425     
 -9.199999999999997E-002   1.81642044078469     
 -8.799999999999997E-002   1.83643486777669     
 -8.399999999999996E-002   1.85597624350408     
 -7.999999999999996E-002   1.87500000000000     
 -7.599999999999996E-002   1.89346124715981     
 -7.199999999999995E-002   1.91131498470948     
 -6.799999999999995E-002   1.92851632810491     
 -6.399999999999995E-002   1.94502074688797     
 -6.000000000000005E-002   1.96078431372549     
 -5.600000000000005E-002   1.97576396206533     
 -5.200000000000005E-002   1.98991775006633     
 -4.800000000000004E-002   2.00320512820513     
 -4.400000000000004E-002   2.01558720773985     
 -4.000000000000004E-002   2.02702702702703     
 -3.600000000000003E-002   2.03748981255094     
 -3.200000000000003E-002   2.04694323144105     
 -2.800000000000002E-002   2.05535763222801     
 -2.400000000000002E-002   2.06270627062706     
 -2.000000000000002E-002   2.06896551724138     
 -1.600000000000001E-002   2.07411504424779     
 -1.200000000000001E-002   2.07813798836243     
 -8.000000000000007E-003   2.08102108768036     
 -4.000000000000004E-003   2.08275479033602     
  0.000000000000000E+000   2.08333333333333     
  4.000000000000004E-003   2.08275479033602     
  8.000000000000007E-003   2.08102108768036     
  1.200000000000001E-002   2.07813798836243     
  1.600000000000001E-002   2.07411504424779     
  2.000000000000002E-002   2.06896551724138     
  2.400000000000002E-002   2.06270627062706     
  2.800000000000002E-002   2.05535763222801     
  3.200000000000003E-002   2.04694323144105     
  3.600000000000003E-002   2.03748981255094     
  4.000000000000004E-002   2.02702702702703     
  4.400000000000004E-002   2.01558720773986     
  4.800000000000004E-002   2.00320512820513     
  5.200000000000005E-002   1.98991775006633     
  5.600000000000005E-002   1.97576396206533     
  6.000000000000005E-002   1.96078431372549     
  6.400000000000006E-002   1.94502074688797     
  6.800000000000006E-002   1.92851632810491     
  7.200000000000006E-002   1.91131498470948     
  7.600000000000007E-002   1.89346124715981     
  8.000000000000007E-002   1.87500000000000     
  8.400000000000007E-002   1.85597624350408     
  8.800000000000008E-002   1.83643486777669     
  9.200000000000008E-002   1.81642044078469     
  9.600000000000009E-002   1.79597701149425     
  0.100000000000000        1.77514792899408     
  0.104000000000000        1.75397567820393     
  0.108000000000000        1.73250173250173     
  0.112000000000000        1.71076642335766     
  0.116000000000000        1.68880882684080     
  0.120000000000000        1.66666666666667     
  0.124000000000000        1.64437623328217     
  0.128000000000000        1.62197231833910     
  0.132000000000000        1.59948816378759     
  0.136000000000000        1.57695542472666     
  0.140000000000000        1.55440414507772     
  0.144000000000000        1.53186274509804     
  0.148000000000000        1.50935801972228     
  0.152000000000000        1.48691514670896     
  0.156000000000000        1.46455770357352     
  0.160000000000000        1.44230769230769     
  0.164000000000000        1.42018557091460     
  0.168000000000000        1.39821029082774     
  0.172000000000000        1.37639933932832     
  0.176000000000000        1.35476878612717     
  0.180000000000000        1.33333333333333     
  0.184000000000000        1.31210636808957     
  0.188000000000000        1.29110001721467     
  0.192000000000000        1.27032520325203     
  0.196000000000000        1.24979170138310     
  0.200000000000000        1.22950819672131     
  0.204000000000000        1.20948234155781     
  0.208000000000000        1.18972081218274     
  0.212000000000000        1.17022936495553     
  0.216000000000000        1.15101289134438     
  0.220000000000000        1.13207547169811     
  0.224000000000000        1.11342042755344     
  0.228000000000000        1.09505037231713     
  0.232000000000000        1.07696726019529     
  0.236000000000000        1.05917243327214     
  0.240000000000000        1.04166666666667     
  0.244000000000000        1.02445021171971     
  0.248000000000000        1.00752283718431     
  0.252000000000000       0.990883868410622     
  0.256000000000000       0.974532224532225     
  0.260000000000000       0.958466453674122     
  0.264000000000000       0.942684766214178     
  0.268000000000000       0.927185066139201     
  0.272000000000000       0.911964980544747     
  0.276000000000000       0.897021887334051     
  0.280000000000000       0.882352941176471     
  0.284000000000000       0.867955097789608     
  0.288000000000000       0.853825136612022     
  0.292000000000000       0.839959681935267     
  0.296000000000000       0.826355222565007     
  0.300000000000000       0.813008130081301     
  0.304000000000000       0.799914675767918     
  0.308000000000000       0.787071046279778     
  0.312000000000000       0.774473358116481     
  0.316000000000000       0.762117670968398     
  0.320000000000000       0.750000000000000     
  0.324000000000000       0.738116327133156     
  0.328000000000000       0.726462611390934     
  0.332000000000000       0.715034798360187     
  0.336000000000000       0.703828828828829     
  0.340000000000000       0.692840646651270     
  0.344000000000000       0.682066205893052     
  0.348000000000000       0.671501477303250     
  0.352000000000000       0.661142454160790     
  0.356000000000000       0.650985157538408     
  0.360000000000000       0.641025641025641     
  0.364000000000000       0.631259994949920     
  0.368000000000000       0.621684350132626     
  0.372000000000000       0.612294881214793     
  0.376000000000000       0.603087809585076     
  0.380000000000000       0.594059405940594     
  0.384000000000000       0.585205992509364     
  0.388000000000000       0.576523944961181     
  0.392000000000000       0.568009694032112     
  0.396000000000000       0.559659726886054     
  0.400000000000000       0.551470588235294     
  0.404000000000000       0.543438881240490     
  0.408000000000000       0.535561268209083     
  0.412000000000000       0.527834471109860     
  0.416000000000000       0.520255271920089     
  0.420000000000000       0.512820512820513     
  0.424000000000000       0.505527096252359     
  0.428000000000000       0.498371984849492     
  0.432000000000000       0.491352201257862     
  0.436000000000000       0.484464827853498     
  0.440000000000000       0.477707006369427     
  0.444000000000000       0.471075937441116     
  0.448000000000000       0.464568880079287     
  0.452000000000000       0.458183151078258     
  0.456000000000000       0.451916124367318     
  0.460000000000000       0.445765230312036     
  0.464000000000000       0.439727954971858     
  0.468000000000000       0.433801839319799     
  0.472000000000000       0.427984478429582     
  0.476000000000000       0.422273520635099     
  0.480000000000000       0.416666666666667     
  0.484000000000000       0.411161668768160     
  0.488000000000000       0.405756329798745     
  0.492000000000000       0.400448502322601     
  0.496000000000000       0.395236087689713     
  0.500000000000000       0.390117035110533     
  0.504000000000000       0.385089340727049     
  0.508000000000000       0.380151046682549     
  0.512000000000000       0.375300240192154     
  0.516000000000000       0.370535052615977     
  0.520000000000000       0.365853658536585     
  0.524000000000000       0.361254274842252     
  0.528000000000000       0.356735159817352     
  0.532000000000000       0.352294612241063     
  0.536000000000000       0.347930970495454     
  0.540000000000000       0.343642611683849     
  0.544000000000000       0.339427950760319     
  0.548000000000000       0.335285439670973     
  0.552000000000000       0.331213566507684     
  0.556000000000000       0.327210854674752     
  0.560000000000000       0.323275862068965     
  0.564000000000000       0.319407180273412     
  0.568000000000000       0.315603433765359     
  0.572000000000000       0.311863279138426     
  0.576000000000000       0.308185404339250     
  0.580000000000000       0.304568527918782     
  0.584000000000000       0.301011398298282     
  0.588000000000000       0.297512793050101     
  0.592000000000000       0.294071518193225     
  0.596000000000000       0.290686407503585     
  0.600000000000000       0.287356321839080     
  0.604000000000000       0.284080148479224     
  0.608000000000000       0.280856800479329     
  0.612000000000000       0.277685216039098     
  0.616000000000000       0.274564357885488     
  0.620000000000000       0.271493212669683     
  0.624000000000000       0.268470790378007     
  0.628000000000000       0.265496123756593     
  0.632000000000000       0.262568267749615     
  0.636000000000000       0.259686298950867     
  0.640000000000000       0.256849315068493     
  0.644000000000000       0.254056434402629     
  0.648000000000000       0.251306795335746     
  0.652000000000000       0.248599555835460     
  0.656000000000000       0.245933892969570     
  0.660000000000000       0.243309002433090     
  0.664000000000000       0.240724098087046     
  0.668000000000000       0.238178411508781     
  0.672000000000000       0.235671191553544     
  0.676000000000000       0.233201703927117     
  0.680000000000000       0.230769230769231     
  0.684000000000000       0.228373070247556     
  0.688000000000000       0.226012536162006     
  0.692000000000000       0.223686957559128     
  0.696000000000000       0.221395678356358     
  0.700000000000000       0.219138056975895     
  0.704000000000000       0.216913465987969     
  0.708000000000000       0.214721291763291     
  0.712000000000000       0.212560934134452     
  0.716000000000000       0.210431806066047     
  0.720000000000000       0.208333333333333     
  0.724000000000000       0.206264954209180     
  0.728000000000000       0.204226119159133     
  0.732000000000000       0.202216290544366     
  0.736000000000000       0.200234942332337     
  0.740000000000000       0.198281559814937     
  0.744000000000000       0.196355639333962     
  0.748000000000000       0.194456688013690     
  0.752000000000000       0.192584223500411     
  0.756000000000000       0.190737773708705     
  0.760000000000000       0.188916876574307     
  0.764000000000000       0.187121079813378     
  0.768000000000000       0.185349940688019     
  0.772000000000000       0.183603025777865     
  0.776000000000000       0.181879910757590     
  0.780000000000000       0.180180180180180     
  0.784000000000000       0.178503427265803     
  0.788000000000000       0.176849253696149     
  0.792000000000000       0.175217269414073     
  0.796000000000000       0.173607092428416     
  0.800000000000000       0.172018348623853     
  0.804000000000000       0.170450671575646     
  0.808000000000000       0.168903702369156     
  0.812000000000000       0.167377089424000     
  0.816000000000000       0.165870488322718     
  0.820000000000000       0.164383561643836     
  0.824000000000000       0.162915978799201     
  0.828000000000000       0.161467415875476     
  0.832000000000000       0.160037555479686     
  0.836000000000000       0.158626086588693     
  0.840000000000000       0.157232704402516     
  0.844000000000000       0.155857110201367     
  0.848000000000000       0.154499011206328     
  0.852000000000000       0.153158120443546     
  0.856000000000000       0.151834156611871     
  0.860000000000000       0.150526843953838     
  0.864000000000000       0.149235912129895     
  0.868000000000000       0.147961096095800     
  0.872000000000000       0.146702135983100     
  0.876000000000000       0.145458776982603     
  0.880000000000000       0.144230769230769     
  0.884000000000000       0.143017867698938     
  0.888000000000000       0.141819832085319     
  0.892000000000000       0.140636426709670     
  0.896000000000000       0.139467420410592     
  0.900000000000000       0.138312586445367     
  0.904000000000000       0.137171702392274     
  0.908000000000000       0.136044550055325     
  0.912000000000000       0.134930915371330     
  0.916000000000000       0.133830588319266     
  0.920000000000000       0.132743362831858     
  0.924000000000000       0.131669036709327     
  0.928000000000000       0.130607411535247     
  0.932000000000000       0.129558292594448     
  0.936000000000000       0.128521488792926     
  0.940000000000000       0.127496812579685     
  0.944000000000000       0.126484079870480     
  0.948000000000000       0.125483109973398     
  0.952000000000000       0.124493725516234     
  0.956000000000000       0.123515752375620     
  0.960000000000000       0.122549019607843     
  0.964000000000000       0.121593359381333     
  0.968000000000000       0.120648606910752     
  0.972000000000000       0.119714600392664     
  0.976000000000000       0.118791180942727     
  0.980000000000000       0.117878192534381     
  0.984000000000000       0.116975481938986     
  0.988000000000000       0.116082898667368     
  0.992000000000000       0.115200294912755     
  0.996000000000000       0.114327525495038     
