  -1.00000000000000       0.115563312186033     
 -0.996000000000000       0.116440328846499     
 -0.992000000000000       0.117327162722718     
 -0.988000000000000       0.118223957674858     
 -0.984000000000000       0.119130860144260     
 -0.980000000000000       0.120048019207683     
 -0.976000000000000       0.120975586632840     
 -0.972000000000000       0.121913716935258     
 -0.968000000000000       0.122862567436505     
 -0.964000000000000       0.123822298323800     
 -0.960000000000000       0.124793072711066     
 -0.956000000000000       0.125775056701449     
 -0.952000000000000       0.126768419451346     
 -0.948000000000000       0.127773333235982     
 -0.944000000000000       0.128789973516576     
 -0.940000000000000       0.129818519009140     
 -0.936000000000000       0.130859151754955     
 -0.932000000000000       0.131912057192761     
 -0.928000000000000       0.132977424232720     
 -0.924000000000000       0.134055445332189     
 -0.920000000000000       0.135146316573351     
 -0.916000000000000       0.136250237742762     
 -0.912000000000000       0.137367412412856     
 -0.908000000000000       0.138498048025470     
 -0.904000000000000       0.139642355977434     
 -0.900000000000000       0.140800551708284     
 -0.896000000000000       0.141972854790164     
 -0.892000000000000       0.143159489019959     
 -0.888000000000000       0.144360682513738     
 -0.884000000000000       0.145576667803551     
 -0.880000000000000       0.146807681936663     
 -0.876000000000000       0.148053966577270     
 -0.872000000000000       0.149315768110784     
 -0.868000000000000       0.150593337750738     
 -0.864000000000000       0.151886931648401     
 -0.860000000000000       0.153196811005159     
 -0.856000000000000       0.154523242187746     
 -0.852000000000000       0.155866496846407     
 -0.848000000000000       0.157226852036056     
 -0.844000000000000       0.158604590340527     
 -0.840000000000000       0.160000000000000     
 -0.836000000000000       0.161413375041671     
 -0.832000000000000       0.162845015413779     
 -0.828000000000000       0.164295227123063     
 -0.824000000000000       0.165764322375748     
 -0.820000000000000       0.167252619722156     
 -0.816000000000000       0.168760444205042     
 -0.812000000000000       0.170288127511750     
 -0.808000000000000       0.171836008130298     
 -0.804000000000000       0.173404431509496     
 -0.800000000000000       0.174993750223206     
 -0.796000000000000       0.176604324138856     
 -0.792000000000000       0.178236520590319     
 -0.788000000000000       0.179890714555288     
 -0.784000000000000       0.181567288837243     
 -0.780000000000000       0.183266634252160     
 -0.776000000000000       0.184989149820070     
 -0.772000000000000       0.186735242961606     
 -0.768000000000000       0.188505329699669     
 -0.764000000000000       0.190299834866347     
 -0.760000000000000       0.192119192315232     
 -0.756000000000000       0.193963845139266     
 -0.752000000000000       0.195834245894275     
 -0.748000000000000       0.197730856828333     
 -0.744000000000000       0.199654150117103     
 -0.740000000000000       0.201604608105328     
 -0.736000000000000       0.203582723554604     
 -0.732000000000000       0.205588999897625     
 -0.728000000000000       0.207623951499045     
 -0.724000000000000       0.209688103923136     
 -0.720000000000000       0.211781994208411     
 -0.716000000000000       0.213906171149383     
 -0.712000000000000       0.216061195585649     
 -0.708000000000000       0.218247640698464     
 -0.704000000000000       0.220466092315002     
 -0.700000000000000       0.222717149220490     
 -0.696000000000000       0.225001423478393     
 -0.692000000000000       0.227319540758858     
 -0.688000000000000       0.229672140675592     
 -0.684000000000000       0.232059877131399     
 -0.680000000000000       0.234483418672537     
 -0.676000000000000       0.236943448852130     
 -0.672000000000000       0.239440666602816     
 -0.668000000000000       0.241975786618838     
 -0.664000000000000       0.244549539747785     
 -0.660000000000000       0.247162673392182     
 -0.656000000000000       0.249815951921136     
 -0.652000000000000       0.252510157092237     
 -0.648000000000000       0.255246088483922     
 -0.644000000000000       0.258024563938487     
 -0.640000000000000       0.260846420015970     
 -0.636000000000000       0.263712512459071     
 -0.632000000000000       0.266623716669315     
 -0.628000000000000       0.269580928194644     
 -0.624000000000000       0.272585063228609     
 -0.620000000000000       0.275637059121337     
 -0.616000000000000       0.278737874902442     
 -0.612000000000000       0.281888491816029     
 -0.608000000000000       0.285089913867937     
 -0.604000000000000       0.288343168385349     
 -0.600000000000000       0.291649306588894     
 -0.596000000000000       0.295009404177333     
 -0.592000000000000       0.298424561924924     
 -0.588000000000000       0.301895906291511     
 -0.584000000000000       0.305424590045402     
 -0.580000000000000       0.309011792899035     
 -0.576000000000000       0.312658722157422     
 -0.572000000000000       0.316366613379338     
 -0.568000000000000       0.320136731051172     
 -0.564000000000000       0.323970369273328     
 -0.560000000000000       0.327868852459016     
 -0.556000000000000       0.331833536045249     
 -0.552000000000000       0.335865807215768     
 -0.548000000000000       0.339967085635627     
 -0.544000000000000       0.344138824197033     
 -0.540000000000000       0.348382509776040     
 -0.536000000000000       0.352699663999585     
 -0.532000000000000       0.357091844022283     
 -0.528000000000000       0.361560643312309     
 -0.524000000000000       0.366107692445629     
 -0.520000000000000       0.370734659907695     
 -0.516000000000000       0.375443252901640     
 -0.512000000000000       0.380235218161896     
 -0.508000000000000       0.385112342771991     
 -0.504000000000000       0.390076454985177     
 -0.500000000000000       0.395129425046367     
 -0.496000000000000       0.400273166013704     
 -0.492000000000000       0.405509634577889     
 -0.488000000000000       0.410840831877224     
 -0.484000000000000       0.416268804306088     
 -0.480000000000000       0.421795644314367     
 -0.476000000000000       0.427423491195076     
 -0.472000000000000       0.433154531857190     
 -0.468000000000000       0.438991001580368     
 -0.464000000000000       0.444935184747985     
 -0.460000000000000       0.450989415554533     
 -0.456000000000000       0.457156078683092     
 -0.452000000000000       0.463437609948208     
 -0.448000000000000       0.469836496899079     
 -0.444000000000000       0.476355279377511     
 -0.440000000000000       0.482996550024643     
 -0.436000000000000       0.489762954729911     
 -0.432000000000000       0.496657193015175     
 -0.428000000000000       0.503682018346360     
 -0.424000000000000       0.510840238364310     
 -0.420000000000000       0.518134715025907     
 -0.416000000000000       0.525568364645767     
 -0.412000000000000       0.533144157828079     
 -0.408000000000000       0.540865119277316     
 -0.404000000000000       0.548734327475688     
 -0.400000000000000       0.556754914214294     
 -0.396000000000000       0.564930063963918     
 -0.392000000000000       0.573263013070397     
 -0.388000000000000       0.581757048758364     
 -0.384000000000000       0.590415507926027     
 -0.380000000000000       0.599241775712364     
 -0.376000000000000       0.608239283816863     
 -0.372000000000000       0.617411508550519     
 -0.368000000000000       0.626761968595388     
 -0.364000000000000       0.636294222448460     
 -0.360000000000000       0.646011865524061     
 -0.356000000000000       0.655918526887305     
 -0.352000000000000       0.666017865589439     
 -0.348000000000000       0.676313566574099     
 -0.344000000000000       0.686809336121686     
 -0.340000000000000       0.697508896797153     
 -0.336000000000000       0.708415981864551     
 -0.332000000000000       0.719534329129687     
 -0.328000000000000       0.730867674170241     
 -0.324000000000000       0.742419742910649     
 -0.320000000000000       0.754194243496999     
 -0.316000000000000       0.766194857425210     
 -0.312000000000000       0.778425229873736     
 -0.308000000000000       0.790888959190129     
 -0.304000000000000       0.803589585478972     
 -0.300000000000000       0.816530578236960     
 -0.296000000000000       0.829715322979389     
 -0.292000000000000       0.843147106800928     
 -0.288000000000000       0.856829102812497     
 -0.284000000000000       0.870764353395270     
 -0.280000000000000       0.884955752212389     
 -0.276000000000000       0.899406024919053     
 -0.272000000000000       0.914117708512115     
 -0.268000000000000       0.929093129261503     
 -0.264000000000000       0.944334379167598     
 -0.260000000000000       0.959843290891283     
 -0.256000000000000       0.975621411106952     
 -0.252000000000000       0.991669972233240     
 -0.248000000000000        1.00798986250195     
 -0.244000000000000        1.02458159433260     
 -0.240000000000000        1.04144527098831     
 -0.236000000000000        1.05858055149886     
 -0.232000000000000        1.07598661384817     
 -0.228000000000000        1.09366211643707     
 -0.224000000000000        1.11160515784793     
 -0.220000000000000        1.12981323495504     
 -0.216000000000000        1.14828319944507     
 -0.212000000000000        1.16701121283427     
 -0.208000000000000        1.18599270009391     
 -0.204000000000000        1.20522230202379     
 -0.200000000000000        1.22469382654336     
 -0.196000000000000        1.24440019910403     
 -0.192000000000000        1.26433341246168     
 -0.188000000000000        1.28448447608762     
 -0.184000000000000        1.30484336553722     
 -0.180000000000000        1.32539897213957     
 -0.176000000000000        1.34613905341700     
 -0.172000000000000        1.36705018469127     
 -0.168000000000000        1.38811771238201     
 -0.164000000000000        1.40932570955235     
 -0.160000000000000        1.43065693430657     
 -0.156000000000000        1.45209279169284     
 -0.152000000000000        1.47361329981114     
 -0.148000000000000        1.49519706086978     
 -0.144000000000000        1.51682123797377     
 -0.140000000000000        1.53846153846154     
 -0.136000000000000        1.56009220463316     
 -0.132000000000000        1.58168601273096     
 -0.128000000000000        1.60321428104019     
 -0.124000000000000        1.62464688797231     
 -0.120000000000000        1.64595230097414     
 -0.116000000000000        1.66709761707108     
 -0.112000000000000        1.68804861580013     
 -0.108000000000000        1.70876982521726     
 -0.104000000000000        1.72922460157254     
 -0.100000000000000        1.74937522313459     
 -9.599999999999997E-002   1.76918299851244     
 -9.199999999999997E-002   1.78860838966841     
 -8.799999999999997E-002   1.80761114964069     
 -8.399999999999996E-002   1.82615047479912     
 -7.999999999999996E-002   1.84418517124577     
 -7.599999999999996E-002   1.86167383474415     
 -7.199999999999995E-002   1.87857504332224     
 -6.799999999999995E-002   1.89484756144720     
 -6.399999999999995E-002   1.91045055442055     
 -6.000000000000005E-002   1.92534381139489     
 -5.600000000000005E-002   1.93948797517455     
 -5.200000000000005E-002   1.95284477673803     
 -4.800000000000004E-002   1.96537727221679     
 -4.400000000000004E-002   1.97705007988896     
 -4.000000000000004E-002   1.98782961460446     
 -3.600000000000003E-002   1.99768431695504     
 -3.200000000000003E-002   2.00658487444512     
 -2.800000000000002E-002   2.01450443190975     
 -2.400000000000002E-002   2.02141878846884     
 -2.000000000000002E-002   2.02730657840298     
 -1.600000000000001E-002   2.03214943348650     
 -1.200000000000001E-002   2.03593212451595     
 -8.000000000000007E-003   2.03864268002463     
 -4.000000000000004E-003   2.04027248047168     
  0.000000000000000E+000   2.04081632653061     
  4.000000000000004E-003   2.04027248047168     
  8.000000000000007E-003   2.03864268002463     
  1.200000000000001E-002   2.03593212451595     
  1.600000000000001E-002   2.03214943348650     
  2.000000000000002E-002   2.02730657840298     
  2.400000000000002E-002   2.02141878846884     
  2.800000000000002E-002   2.01450443190975     
  3.200000000000003E-002   2.00658487444512     
  3.600000000000003E-002   1.99768431695504     
  4.000000000000004E-002   1.98782961460446     
  4.400000000000004E-002   1.97705007988896     
  4.800000000000004E-002   1.96537727221679     
  5.200000000000005E-002   1.95284477673803     
  5.600000000000005E-002   1.93948797517455     
  6.000000000000005E-002   1.92534381139489     
  6.400000000000006E-002   1.91045055442055     
  6.800000000000006E-002   1.89484756144720     
  7.200000000000006E-002   1.87857504332224     
  7.600000000000007E-002   1.86167383474415     
  8.000000000000007E-002   1.84418517124577     
  8.400000000000007E-002   1.82615047479912     
  8.800000000000008E-002   1.80761114964069     
  9.200000000000008E-002   1.78860838966841     
  9.600000000000009E-002   1.76918299851244     
  0.100000000000000        1.74937522313459     
  0.104000000000000        1.72922460157254     
  0.108000000000000        1.70876982521726     
  0.112000000000000        1.68804861580013     
  0.116000000000000        1.66709761707108     
  0.120000000000000        1.64595230097413     
  0.124000000000000        1.62464688797231     
  0.128000000000000        1.60321428104019     
  0.132000000000000        1.58168601273096     
  0.136000000000000        1.56009220463316     
  0.140000000000000        1.53846153846154     
  0.144000000000000        1.51682123797378     
  0.148000000000000        1.49519706086978     
  0.152000000000000        1.47361329981114     
  0.156000000000000        1.45209279169284     
  0.160000000000000        1.43065693430657     
  0.164000000000000        1.40932570955235     
  0.168000000000000        1.38811771238201     
  0.172000000000000        1.36705018469127     
  0.176000000000000        1.34613905341700     
  0.180000000000000        1.32539897213957     
  0.184000000000000        1.30484336553722     
  0.188000000000000        1.28448447608762     
  0.192000000000000        1.26433341246168     
  0.196000000000000        1.24440019910403     
  0.200000000000000        1.22469382654336     
  0.204000000000000        1.20522230202379     
  0.208000000000000        1.18599270009391     
  0.212000000000000        1.16701121283427     
  0.216000000000000        1.14828319944507     
  0.220000000000000        1.12981323495504     
  0.224000000000000        1.11160515784793     
  0.228000000000000        1.09366211643707     
  0.232000000000000        1.07598661384817     
  0.236000000000000        1.05858055149886     
  0.240000000000000        1.04144527098831     
  0.244000000000000        1.02458159433260     
  0.248000000000000        1.00798986250195     
  0.252000000000000       0.991669972233241     
  0.256000000000000       0.975621411106952     
  0.260000000000000       0.959843290891283     
  0.264000000000000       0.944334379167598     
  0.268000000000000       0.929093129261504     
  0.272000000000000       0.914117708512115     
  0.276000000000000       0.899406024919054     
  0.280000000000000       0.884955752212390     
  0.284000000000000       0.870764353395270     
  0.288000000000000       0.856829102812498     
  0.292000000000000       0.843147106800928     
  0.296000000000000       0.829715322979389     
  0.300000000000000       0.816530578236961     
  0.304000000000000       0.803589585478972     
  0.308000000000000       0.790888959190130     
  0.312000000000000       0.778425229873736     
  0.316000000000000       0.766194857425210     
  0.320000000000000       0.754194243496999     
  0.324000000000000       0.742419742910649     
  0.328000000000000       0.730867674170241     
  0.332000000000000       0.719534329129687     
  0.336000000000000       0.708415981864551     
  0.340000000000000       0.697508896797153     
  0.344000000000000       0.686809336121686     
  0.348000000000000       0.676313566574099     
  0.352000000000000       0.666017865589439     
  0.356000000000000       0.655918526887305     
  0.360000000000000       0.646011865524061     
  0.364000000000000       0.636294222448460     
  0.368000000000000       0.626761968595388     
  0.372000000000000       0.617411508550519     
  0.376000000000000       0.608239283816863     
  0.380000000000000       0.599241775712364     
  0.384000000000000       0.590415507926027     
  0.388000000000000       0.581757048758365     
  0.392000000000000       0.573263013070397     
  0.396000000000000       0.564930063963919     
  0.400000000000000       0.556754914214294     
  0.404000000000000       0.548734327475688     
  0.408000000000000       0.540865119277316     
  0.412000000000000       0.533144157828080     
  0.416000000000000       0.525568364645767     
  0.420000000000000       0.518134715025907     
  0.424000000000000       0.510840238364311     
  0.428000000000000       0.503682018346361     
  0.432000000000000       0.496657193015176     
  0.436000000000000       0.489762954729911     
  0.440000000000000       0.482996550024643     
  0.444000000000000       0.476355279377511     
  0.448000000000000       0.469836496899079     
  0.452000000000000       0.463437609948209     
  0.456000000000000       0.457156078683092     
  0.460000000000000       0.450989415554533     
  0.464000000000000       0.444935184747985     
  0.468000000000000       0.438991001580368     
  0.472000000000000       0.433154531857190     
  0.476000000000000       0.427423491195076     
  0.480000000000000       0.421795644314367     
  0.484000000000000       0.416268804306088     
  0.488000000000000       0.410840831877224     
  0.492000000000000       0.405509634577889     
  0.496000000000000       0.400273166013704     
  0.500000000000000       0.395129425046367     
  0.504000000000000       0.390076454985177     
  0.508000000000000       0.385112342771991     
  0.512000000000000       0.380235218161896     
  0.516000000000000       0.375443252901640     
  0.520000000000000       0.370734659907695     
  0.524000000000000       0.366107692445629     
  0.528000000000000       0.361560643312309     
  0.532000000000000       0.357091844022283     
  0.536000000000000       0.352699663999585     
  0.540000000000000       0.348382509776040     
  0.544000000000000       0.344138824197033     
  0.548000000000000       0.339967085635627     
  0.552000000000000       0.335865807215768     
  0.556000000000000       0.331833536045249     
  0.560000000000000       0.327868852459016     
  0.564000000000000       0.323970369273328     
  0.568000000000000       0.320136731051172     
  0.572000000000000       0.316366613379338     
  0.576000000000000       0.312658722157422     
  0.580000000000000       0.309011792899035     
  0.584000000000000       0.305424590045402     
  0.588000000000000       0.301895906291511     
  0.592000000000000       0.298424561924924     
  0.596000000000000       0.295009404177333     
  0.600000000000000       0.291649306588893     
  0.604000000000000       0.288343168385349     
  0.608000000000000       0.285089913867937     
  0.612000000000000       0.281888491816029     
  0.616000000000000       0.278737874902442     
  0.620000000000000       0.275637059121336     
  0.624000000000000       0.272585063228609     
  0.628000000000000       0.269580928194644     
  0.632000000000000       0.266623716669315     
  0.636000000000000       0.263712512459071     
  0.640000000000000       0.260846420015970     
  0.644000000000000       0.258024563938487     
  0.648000000000000       0.255246088483922     
  0.652000000000000       0.252510157092237     
  0.656000000000000       0.249815951921136     
  0.660000000000000       0.247162673392182     
  0.664000000000000       0.244549539747785     
  0.668000000000000       0.241975786618838     
  0.672000000000000       0.239440666602816     
  0.676000000000000       0.236943448852130     
  0.680000000000000       0.234483418672537     
  0.684000000000000       0.232059877131399     
  0.688000000000000       0.229672140675592     
  0.692000000000000       0.227319540758858     
  0.696000000000000       0.225001423478393     
  0.700000000000000       0.222717149220490     
  0.704000000000000       0.220466092315002     
  0.708000000000000       0.218247640698464     
  0.712000000000000       0.216061195585649     
  0.716000000000000       0.213906171149383     
  0.720000000000000       0.211781994208411     
  0.724000000000000       0.209688103923136     
  0.728000000000000       0.207623951499045     
  0.732000000000000       0.205588999897625     
  0.736000000000000       0.203582723554604     
  0.740000000000000       0.201604608105328     
  0.744000000000000       0.199654150117103     
  0.748000000000000       0.197730856828332     
  0.752000000000000       0.195834245894275     
  0.756000000000000       0.193963845139266     
  0.760000000000000       0.192119192315232     
  0.764000000000000       0.190299834866347     
  0.768000000000000       0.188505329699669     
  0.772000000000000       0.186735242961606     
  0.776000000000000       0.184989149820070     
  0.780000000000000       0.183266634252160     
  0.784000000000000       0.181567288837243     
  0.788000000000000       0.179890714555288     
  0.792000000000000       0.178236520590319     
  0.796000000000000       0.176604324138856     
  0.800000000000000       0.174993750223206     
  0.804000000000000       0.173404431509496     
  0.808000000000000       0.171836008130298     
  0.812000000000000       0.170288127511750     
  0.816000000000000       0.168760444205042     
  0.820000000000000       0.167252619722156     
  0.824000000000000       0.165764322375748     
  0.828000000000000       0.164295227123063     
  0.832000000000000       0.162845015413779     
  0.836000000000000       0.161413375041671     
  0.840000000000000       0.160000000000000     
  0.844000000000000       0.158604590340527     
  0.848000000000000       0.157226852036056     
  0.852000000000000       0.155866496846407     
  0.856000000000000       0.154523242187746     
  0.860000000000000       0.153196811005159     
  0.864000000000000       0.151886931648401     
  0.868000000000000       0.150593337750738     
  0.872000000000000       0.149315768110784     
  0.876000000000000       0.148053966577270     
  0.880000000000000       0.146807681936663     
  0.884000000000000       0.145576667803551     
  0.888000000000000       0.144360682513738     
  0.892000000000000       0.143159489019959     
  0.896000000000000       0.141972854790164     
  0.900000000000000       0.140800551708284     
  0.904000000000000       0.139642355977434     
  0.908000000000000       0.138498048025470     
  0.912000000000000       0.137367412412856     
  0.916000000000000       0.136250237742762     
  0.920000000000000       0.135146316573351     
  0.924000000000000       0.134055445332189     
  0.928000000000000       0.132977424232720     
  0.932000000000000       0.131912057192761     
  0.936000000000000       0.130859151754955     
  0.940000000000000       0.129818519009140     
  0.944000000000000       0.128789973516576     
  0.948000000000000       0.127773333235982     
  0.952000000000000       0.126768419451346     
  0.956000000000000       0.125775056701449     
  0.960000000000000       0.124793072711066     
  0.964000000000000       0.123822298323800     
  0.968000000000000       0.122862567436505     
  0.972000000000000       0.121913716935258     
  0.976000000000000       0.120975586632840     
  0.980000000000000       0.120048019207683     
  0.984000000000000       0.119130860144260     
  0.988000000000000       0.118223957674858     
  0.992000000000000       0.117327162722718     
  0.996000000000000       0.116440328846499     
