  -1.00000000000000       1.249219237976265E-002
 -0.996000000000000       1.259266945451578E-002
 -0.992000000000000       1.269436339798657E-002
 -0.988000000000000       1.279729393541360E-002
 -0.984000000000000       1.290148119325284E-002
 -0.980000000000000       1.300694570900861E-002
 -0.976000000000000       1.311370844134658E-002
 -0.972000000000000       1.322179078049818E-002
 -0.968000000000000       1.333121455896610E-002
 -0.964000000000000       1.344200206254080E-002
 -0.960000000000000       1.355417604163843E-002
 -0.956000000000000       1.366775972297092E-002
 -0.952000000000000       1.378277682155935E-002
 -0.948000000000000       1.389925155310237E-002
 -0.944000000000000       1.401720864671140E-002
 -0.940000000000000       1.413667335802539E-002
 -0.936000000000000       1.425767148271800E-002
 -0.932000000000000       1.438022937041055E-002
 -0.928000000000000       1.450437393900505E-002
 -0.924000000000000       1.463013268945144E-002
 -0.920000000000000       1.475753372096455E-002
 -0.916000000000000       1.488660574670619E-002
 -0.912000000000000       1.501737810994883E-002
 -0.908000000000000       1.514988080073786E-002
 -0.904000000000000       1.528414447306995E-002
 -0.900000000000000       1.542020046260602E-002
 -0.896000000000000       1.555808080493776E-002
 -0.892000000000000       1.569781825442773E-002
 -0.888000000000000       1.583944630364345E-002
 -0.884000000000000       1.598299920340732E-002
 -0.880000000000000       1.612851198348441E-002
 -0.876000000000000       1.627602047393168E-002
 -0.872000000000000       1.642556132713280E-002
 -0.868000000000000       1.657717204054379E-002
 -0.864000000000000       1.673089098017591E-002
 -0.860000000000000       1.688675740484313E-002
 -0.856000000000000       1.704481149120284E-002
 -0.852000000000000       1.720509435961951E-002
 -0.848000000000000       1.736764810088242E-002
 -0.844000000000000       1.753251580380975E-002
 -0.840000000000000       1.769974158377288E-002
 -0.836000000000000       1.786937061217605E-002
 -0.832000000000000       1.804144914692812E-002
 -0.828000000000000       1.821602456394480E-002
 -0.824000000000000       1.839314538972132E-002
 -0.820000000000000       1.857286133501727E-002
 -0.816000000000000       1.875522332969732E-002
 -0.812000000000000       1.894028355877322E-002
 -0.808000000000000       1.912809549969472E-002
 -0.804000000000000       1.931871396093911E-002
 -0.800000000000000       1.951219512195122E-002
 -0.796000000000000       1.970859657448825E-002
 -0.792000000000000       1.990797736542606E-002
 -0.788000000000000       2.011039804108635E-002
 -0.784000000000000       2.031592069314671E-002
 -0.780000000000000       2.052460900619844E-002
 -0.776000000000000       2.073652830702007E-002
 -0.772000000000000       2.095174561563772E-002
 -0.768000000000000       2.117032969824659E-002
 -0.764000000000000       2.139235112207161E-002
 -0.760000000000000       2.161788231224870E-002
 -0.756000000000000       2.184699761081235E-002
 -0.752000000000000       2.207977333787883E-002
 -0.748000000000000       2.231628785511909E-002
 -0.744000000000000       2.255662163161970E-002
 -0.740000000000000       2.280085731223495E-002
 -0.736000000000000       2.304907978853853E-002
 -0.732000000000000       2.330137627248816E-002
 -0.728000000000000       2.355783637292244E-002
 -0.724000000000000       2.381855217501492E-002
 -0.720000000000000       2.408361832281683E-002
 -0.716000000000000       2.435313210502630E-002
 -0.712000000000000       2.462719354412898E-002
 -0.708000000000000       2.490590548906233E-002
 -0.704000000000000       2.518937371156354E-002
 -0.700000000000000       2.547770700636943E-002
 -0.696000000000000       2.577101729544514E-002
 -0.692000000000000       2.606941973642775E-002
 -0.688000000000000       2.637303283548081E-002
 -0.684000000000000       2.668197856476571E-002
 -0.680000000000000       2.699638248474705E-002
 -0.676000000000000       2.731637387156061E-002
 -0.672000000000000       2.764208584968456E-002
 -0.668000000000000       2.797365553016792E-002
 -0.664000000000000       2.831122415468348E-002
 -0.660000000000000       2.865493724568744E-002
 -0.656000000000000       2.900494476298320E-002
 -0.652000000000000       2.936140126700319E-002
 -0.648000000000000       2.972446608914011E-002
 -0.644000000000000       3.009430350947730E-002
 -0.640000000000000       3.047108294228777E-002
 -0.636000000000000       3.085497912969212E-002
 -0.632000000000000       3.124617234388788E-002
 -0.628000000000000       3.164484859838636E-002
 -0.624000000000000       3.205119986871829E-002
 -0.620000000000000       3.246542432309590E-002
 -0.616000000000000       3.288772656354830E-002
 -0.612000000000000       3.331831787807629E-002
 -0.608000000000000       3.375741650440602E-002
 -0.604000000000000       3.420524790595473E-002
 -0.600000000000000       3.466204506065858E-002
 -0.596000000000000       3.512804876335218E-002
 -0.592000000000000       3.560350794243054E-002
 -0.588000000000000       3.608867999156968E-002
 -0.584000000000000       3.658383111732873E-002
 -0.580000000000000       3.708923670350864E-002
 -0.576000000000000       3.760518169319586E-002
 -0.572000000000000       3.813196098947862E-002
 -0.568000000000000       3.866987987588515E-002
 -0.564000000000000       3.921925445766045E-002
 -0.560000000000000       3.978041212506961E-002
 -0.556000000000000       4.035369203999212E-002
 -0.552000000000000       4.093944564715438E-002
 -0.548000000000000       4.153803721143525E-002
 -0.544000000000000       4.214984438277453E-002
 -0.540000000000000       4.277525879031568E-002
 -0.536000000000000       4.341468666752338E-002
 -0.532000000000000       4.406854951013400E-002
 -0.528000000000000       4.473728476892298E-002
 -0.524000000000000       4.542134657940923E-002
 -0.520000000000000       4.612120653076284E-002
 -0.516000000000000       4.683735447633964E-002
 -0.512000000000000       4.757029938843623E-002
 -0.508000000000000       4.832057026004198E-002
 -0.504000000000000       4.908871705656199E-002
 -0.500000000000000       4.987531172069826E-002
 -0.496000000000000       5.068094923390676E-002
 -0.492000000000000       5.150624873809690E-002
 -0.488000000000000       5.235185472150906E-002
 -0.484000000000000       5.321843827299781E-002
 -0.480000000000000       5.410669840926306E-002
 -0.476000000000000       5.501736347991425E-002
 -0.472000000000000       5.595119265562264E-002
 -0.468000000000000       5.690897750501937E-002
 -0.464000000000000       5.789154366643355E-002
 -0.460000000000000       5.889975262103899E-002
 -0.456000000000000       5.993450357449379E-002
 -0.452000000000000       6.099673545471846E-002
 -0.448000000000000       6.208742903406862E-002
 -0.444000000000000       6.320760918482411E-002
 -0.440000000000000       6.435834727764192E-002
 -0.436000000000000       6.554076373341160E-002
 -0.432000000000000       6.675603073981701E-002
 -0.428000000000000       6.800537514485142E-002
 -0.424000000000000       6.929008154056793E-002
 -0.420000000000000       7.061149555147575E-002
 -0.416000000000000       7.197102734323269E-002
 -0.412000000000000       7.337015536864099E-002
 -0.408000000000000       7.481043036944381E-002
 -0.404000000000000       7.629347965405482E-002
 -0.400000000000000       7.782101167315172E-002
 -0.396000000000000       7.939482091704192E-002
 -0.392000000000000       8.101679316088636E-002
 -0.388000000000000       8.268891108626766E-002
 -0.384000000000000       8.441326031023559E-002
 -0.380000000000000       8.619203585588689E-002
 -0.376000000000000       8.802754910176687E-002
 -0.372000000000000       8.992223525095495E-002
 -0.368000000000000       9.187866136465536E-002
 -0.364000000000000       9.389953500950261E-002
 -0.360000000000000       9.598771357266268E-002
 -0.356000000000000       9.814621430422184E-002
 -0.352000000000000       0.100378225152374     
 -0.348000000000000       0.102687116463620     
 -0.344000000000000       0.105076453627659     
 -0.340000000000000       0.107550010755001     
 -0.336000000000000       0.110111785484624     
 -0.332000000000000       0.112766015029454     
 -0.328000000000000       0.115517193579092     
 -0.324000000000000       0.118370091192318     
 -0.320000000000000       0.121329774326620     
 -0.316000000000000       0.124401628168509     
 -0.312000000000000       0.127591380947034     
 -0.308000000000000       0.130905130433872     
 -0.304000000000000       0.134349372857127     
 -0.300000000000000       0.137931034482759     
 -0.296000000000000       0.141657506147936     
 -0.292000000000000       0.145536681065096     
 -0.288000000000000       0.149576996254592     
 -0.284000000000000       0.153787478008391     
 -0.280000000000000       0.158177791838026     
 -0.276000000000000       0.162758297418002     
 -0.272000000000000       0.167540109102119     
 -0.268000000000000       0.172535162666151     
 -0.264000000000000       0.177756289017505     
 -0.260000000000000       0.183217295712715     
 -0.256000000000000       0.188933057239159     
 -0.252000000000000       0.194919615150712     
 -0.248000000000000       0.201194289301292     
 -0.244000000000000       0.207775801599043     
 -0.240000000000000       0.214684413911550     
 -0.236000000000000       0.221942081994283     
 -0.232000000000000       0.229572627596466     
 -0.228000000000000       0.237601931228497     
 -0.224000000000000       0.246058148461644     
 -0.220000000000000       0.254971953085161     
 -0.216000000000000       0.264376810981155     
 -0.212000000000000       0.274309289209770     
 -0.208000000000000       0.284809405545809     
 -0.204000000000000       0.295921024596956     
 -0.200000000000000       0.307692307692308     
 -0.196000000000000       0.320176224994237     
 -0.192000000000000       0.333431139801008     
 -0.188000000000000       0.347521476827268     
 -0.184000000000000       0.362518488442910     
 -0.180000000000000       0.378501135503406     
 -0.176000000000000       0.395557102623334     
 -0.172000000000000       0.413783971664073     
 -0.168000000000000       0.433290581995909     
 -0.164000000000000       0.454198611969041     
 -0.160000000000000       0.476644423260248     
 -0.156000000000000       0.500781218701174     
 -0.152000000000000       0.526781575287622     
 -0.148000000000000       0.554840427892938     
 -0.144000000000000       0.585178596507654     
 -0.140000000000000       0.618046971569839     
 -0.136000000000000       0.653731499398567     
 -0.132000000000000       0.692559144550944     
 -0.128000000000000       0.734905050267505     
 -0.124000000000000       0.781201174926567     
 -0.120000000000000       0.831946755407654     
 -0.116000000000000       0.887721042539592     
 -0.112000000000000       0.949198876148530     
 -0.108000000000000        1.01716982667426     
 -0.104000000000000        1.09256183900009     
 -0.100000000000000        1.17647058823529     
 -9.599999999999997E-002   1.27019611828066     
 -9.199999999999997E-002   1.37528881065024     
 -8.799999999999997E-002   1.49360736049707     
 -8.399999999999996E-002   1.62739226663195     
 -7.999999999999996E-002   1.77935943060498     
 -7.599999999999996E-002   1.95281987189502     
 -7.199999999999995E-002   2.15183336202445     
 -6.799999999999995E-002   2.38140598209183     
 -6.399999999999995E-002   2.64774412200805     
 -6.000000000000005E-002   2.95857988165680     
 -5.600000000000005E-002   3.32358415315075     
 -5.200000000000005E-002   3.75488134574947     
 -4.800000000000004E-002   4.26766814612495     
 -4.400000000000004E-002   4.88090589613431     
 -4.000000000000004E-002   5.61797752808987     
 -3.600000000000003E-002   6.50702758979697     
 -3.200000000000003E-002   7.58035172832018     
 -2.800000000000002E-002   8.87154009936123     
 -2.400000000000002E-002   10.4079933388842     
 -2.000000000000002E-002   12.1951219512195     
 -1.600000000000001E-002   14.1884222474461     
 -1.200000000000001E-002   16.2548764629389     
 -8.000000000000007E-003   18.1422351233672     
 -4.000000000000004E-003   19.5007800312012     
  0.000000000000000E+000   20.0000000000000     
  4.000000000000004E-003   19.5007800312013     
  8.000000000000007E-003   18.1422351233672     
  1.200000000000001E-002   16.2548764629389     
  1.600000000000001E-002   14.1884222474461     
  2.000000000000002E-002   12.1951219512195     
  2.400000000000002E-002   10.4079933388843     
  2.800000000000002E-002   8.87154009936125     
  3.200000000000003E-002   7.58035172832019     
  3.600000000000003E-002   6.50702758979698     
  4.000000000000004E-002   5.61797752808989     
  4.400000000000004E-002   4.88090589613432     
  4.800000000000004E-002   4.26766814612496     
  5.200000000000005E-002   3.75488134574947     
  5.600000000000005E-002   3.32358415315076     
  6.000000000000005E-002   2.95857988165680     
  6.400000000000006E-002   2.64774412200805     
  6.800000000000006E-002   2.38140598209183     
  7.200000000000006E-002   2.15183336202444     
  7.600000000000007E-002   1.95281987189501     
  8.000000000000007E-002   1.77935943060498     
  8.400000000000007E-002   1.62739226663195     
  8.800000000000008E-002   1.49360736049707     
  9.200000000000008E-002   1.37528881065024     
  9.600000000000009E-002   1.27019611828066     
  0.100000000000000        1.17647058823529     
  0.104000000000000        1.09256183900009     
  0.108000000000000        1.01716982667426     
  0.112000000000000       0.949198876148529     
  0.116000000000000       0.887721042539591     
  0.120000000000000       0.831946755407653     
  0.124000000000000       0.781201174926566     
  0.128000000000000       0.734905050267507     
  0.132000000000000       0.692559144550946     
  0.136000000000000       0.653731499398568     
  0.140000000000000       0.618046971569840     
  0.144000000000000       0.585178596507655     
  0.148000000000000       0.554840427892939     
  0.152000000000000       0.526781575287624     
  0.156000000000000       0.500781218701175     
  0.160000000000000       0.476644423260249     
  0.164000000000000       0.454198611969042     
  0.168000000000000       0.433290581995910     
  0.172000000000000       0.413783971664074     
  0.176000000000000       0.395557102623335     
  0.180000000000000       0.378501135503407     
  0.184000000000000       0.362518488442911     
  0.188000000000000       0.347521476827268     
  0.192000000000000       0.333431139801009     
  0.196000000000000       0.320176224994237     
  0.200000000000000       0.307692307692308     
  0.204000000000000       0.295921024596956     
  0.208000000000000       0.284809405545809     
  0.212000000000000       0.274309289209770     
  0.216000000000000       0.264376810981155     
  0.220000000000000       0.254971953085161     
  0.224000000000000       0.246058148461645     
  0.228000000000000       0.237601931228497     
  0.232000000000000       0.229572627596467     
  0.236000000000000       0.221942081994283     
  0.240000000000000       0.214684413911550     
  0.244000000000000       0.207775801599043     
  0.248000000000000       0.201194289301293     
  0.252000000000000       0.194919615150712     
  0.256000000000000       0.188933057239159     
  0.260000000000000       0.183217295712715     
  0.264000000000000       0.177756289017506     
  0.268000000000000       0.172535162666151     
  0.272000000000000       0.167540109102119     
  0.276000000000000       0.162758297418002     
  0.280000000000000       0.158177791838026     
  0.284000000000000       0.153787478008391     
  0.288000000000000       0.149576996254592     
  0.292000000000000       0.145536681065096     
  0.296000000000000       0.141657506147936     
  0.300000000000000       0.137931034482759     
  0.304000000000000       0.134349372857128     
  0.308000000000000       0.130905130433872     
  0.312000000000000       0.127591380947034     
  0.316000000000000       0.124401628168509     
  0.320000000000000       0.121329774326620     
  0.324000000000000       0.118370091192318     
  0.328000000000000       0.115517193579092     
  0.332000000000000       0.112766015029454     
  0.336000000000000       0.110111785484624     
  0.340000000000000       0.107550010755001     
  0.344000000000000       0.105076453627659     
  0.348000000000000       0.102687116463620     
  0.352000000000000       0.100378225152374     
  0.356000000000000       9.814621430422184E-002
  0.360000000000000       9.598771357266268E-002
  0.364000000000000       9.389953500950261E-002
  0.368000000000000       9.187866136465536E-002
  0.372000000000000       8.992223525095495E-002
  0.376000000000000       8.802754910176697E-002
  0.380000000000000       8.619203585588700E-002
  0.384000000000000       8.441326031023569E-002
  0.388000000000000       8.268891108626776E-002
  0.392000000000000       8.101679316088646E-002
  0.396000000000000       7.939482091704200E-002
  0.400000000000000       7.782101167315181E-002
  0.404000000000000       7.629347965405490E-002
  0.408000000000000       7.481043036944389E-002
  0.412000000000000       7.337015536864105E-002
  0.416000000000000       7.197102734323275E-002
  0.420000000000000       7.061149555147582E-002
  0.424000000000000       6.929008154056800E-002
  0.428000000000000       6.800537514485148E-002
  0.432000000000000       6.675603073981708E-002
  0.436000000000000       6.554076373341167E-002
  0.440000000000000       6.435834727764195E-002
  0.444000000000000       6.320760918482414E-002
  0.448000000000000       6.208742903406864E-002
  0.452000000000000       6.099673545471850E-002
  0.456000000000000       5.993450357449382E-002
  0.460000000000000       5.889975262103902E-002
  0.464000000000000       5.789154366643358E-002
  0.468000000000000       5.690897750501939E-002
  0.472000000000000       5.595119265562267E-002
  0.476000000000000       5.501736347991428E-002
  0.480000000000000       5.410669840926308E-002
  0.484000000000000       5.321843827299783E-002
  0.488000000000000       5.235185472150909E-002
  0.492000000000000       5.150624873809692E-002
  0.496000000000000       5.068094923390679E-002
  0.500000000000000       4.987531172069827E-002
  0.504000000000000       4.908871705656199E-002
  0.508000000000000       4.832057026004198E-002
  0.512000000000000       4.757029938843623E-002
  0.516000000000000       4.683735447633964E-002
  0.520000000000000       4.612120653076284E-002
  0.524000000000000       4.542134657940923E-002
  0.528000000000000       4.473728476892298E-002
  0.532000000000000       4.406854951013400E-002
  0.536000000000000       4.341468666752338E-002
  0.540000000000000       4.277525879031568E-002
  0.544000000000000       4.214984438277453E-002
  0.548000000000000       4.153803721143525E-002
  0.552000000000000       4.093944564715438E-002
  0.556000000000000       4.035369203999212E-002
  0.560000000000000       3.978041212506961E-002
  0.564000000000000       3.921925445766045E-002
  0.568000000000000       3.866987987588515E-002
  0.572000000000000       3.813196098947862E-002
  0.576000000000000       3.760518169319586E-002
  0.580000000000000       3.708923670350864E-002
  0.584000000000000       3.658383111732873E-002
  0.588000000000000       3.608867999156968E-002
  0.592000000000000       3.560350794243054E-002
  0.596000000000000       3.512804876335216E-002
  0.600000000000000       3.466204506065857E-002
  0.604000000000000       3.420524790595472E-002
  0.608000000000000       3.375741650440601E-002
  0.612000000000000       3.331831787807627E-002
  0.616000000000000       3.288772656354829E-002
  0.620000000000000       3.246542432309590E-002
  0.624000000000000       3.205119986871827E-002
  0.628000000000000       3.164484859838638E-002
  0.632000000000000       3.124617234388788E-002
  0.636000000000000       3.085497912969213E-002
  0.640000000000000       3.047108294228778E-002
  0.644000000000000       3.009430350947730E-002
  0.648000000000000       2.972446608914011E-002
  0.652000000000000       2.936140126700319E-002
  0.656000000000000       2.900494476298320E-002
  0.660000000000000       2.865493724568744E-002
  0.664000000000000       2.831122415468347E-002
  0.668000000000000       2.797365553016791E-002
  0.672000000000000       2.764208584968455E-002
  0.676000000000000       2.731637387156060E-002
  0.680000000000000       2.699638248474705E-002
  0.684000000000000       2.668197856476570E-002
  0.688000000000000       2.637303283548080E-002
  0.692000000000000       2.606941973642774E-002
  0.696000000000000       2.577101729544513E-002
  0.700000000000000       2.547770700636943E-002
  0.704000000000000       2.518937371156353E-002
  0.708000000000000       2.490590548906232E-002
  0.712000000000000       2.462719354412898E-002
  0.716000000000000       2.435313210502629E-002
  0.720000000000000       2.408361832281682E-002
  0.724000000000000       2.381855217501491E-002
  0.728000000000000       2.355783637292243E-002
  0.732000000000000       2.330137627248816E-002
  0.736000000000000       2.304907978853852E-002
  0.740000000000000       2.280085731223494E-002
  0.744000000000000       2.255662163161969E-002
  0.748000000000000       2.231628785511909E-002
  0.752000000000000       2.207977333787882E-002
  0.756000000000000       2.184699761081234E-002
  0.760000000000000       2.161788231224869E-002
  0.764000000000000       2.139235112207160E-002
  0.768000000000000       2.117032969824659E-002
  0.772000000000000       2.095174561563771E-002
  0.776000000000000       2.073652830702006E-002
  0.780000000000000       2.052460900619843E-002
  0.784000000000000       2.031592069314670E-002
  0.788000000000000       2.011039804108634E-002
  0.792000000000000       1.990797736542605E-002
  0.796000000000000       1.970859657448824E-002
  0.800000000000000       1.951219512195122E-002
  0.804000000000000       1.931871396093910E-002
  0.808000000000000       1.912809549969471E-002
  0.812000000000000       1.894028355877321E-002
  0.816000000000000       1.875522332969732E-002
  0.820000000000000       1.857286133501727E-002
  0.824000000000000       1.839314538972132E-002
  0.828000000000000       1.821602456394480E-002
  0.832000000000000       1.804144914692811E-002
  0.836000000000000       1.786937061217604E-002
  0.840000000000000       1.769974158377287E-002
  0.844000000000000       1.753251580380974E-002
  0.848000000000000       1.736764810088241E-002
  0.852000000000000       1.720509435961950E-002
  0.856000000000000       1.704481149120282E-002
  0.860000000000000       1.688675740484312E-002
  0.864000000000000       1.673089098017590E-002
  0.868000000000000       1.657717204054378E-002
  0.872000000000000       1.642556132713279E-002
  0.876000000000000       1.627602047393168E-002
  0.880000000000000       1.612851198348441E-002
  0.884000000000000       1.598299920340732E-002
  0.888000000000000       1.583944630364346E-002
  0.892000000000000       1.569781825442773E-002
  0.896000000000000       1.555808080493776E-002
  0.900000000000000       1.542020046260602E-002
  0.904000000000000       1.528414447306995E-002
  0.908000000000000       1.514988080073786E-002
  0.912000000000000       1.501737810994883E-002
  0.916000000000000       1.488660574670619E-002
  0.920000000000000       1.475753372096455E-002
  0.924000000000000       1.463013268945144E-002
  0.928000000000000       1.450437393900505E-002
  0.932000000000000       1.438022937041055E-002
  0.936000000000000       1.425767148271799E-002
  0.940000000000000       1.413667335802539E-002
  0.944000000000000       1.401720864671140E-002
  0.948000000000000       1.389925155310237E-002
  0.952000000000000       1.378277682155935E-002
  0.956000000000000       1.366775972297091E-002
  0.960000000000000       1.355417604163843E-002
  0.964000000000000       1.344200206254080E-002
  0.968000000000000       1.333121455896609E-002
  0.972000000000000       1.322179078049818E-002
  0.976000000000000       1.311370844134658E-002
  0.980000000000000       1.300694570900861E-002
  0.984000000000000       1.290148119325283E-002
  0.988000000000000       1.279729393541359E-002
  0.992000000000000       1.269436339798657E-002
  0.996000000000000       1.259266945451578E-002
