  -1.00000000000000       0.117647058823529     
 -0.996000000000000       0.118537793641822     
 -0.992000000000000       0.119438467212708     
 -0.988000000000000       0.120349224565876     
 -0.984000000000000       0.121270213319156     
 -0.980000000000000       0.122201583732525     
 -0.976000000000000       0.123143488763403     
 -0.972000000000000       0.124096084123246     
 -0.968000000000000       0.125059528335488     
 -0.964000000000000       0.126033982794849     
 -0.960000000000000       0.127019611828066     
 -0.956000000000000       0.128016582756064     
 -0.952000000000000       0.129025065957614     
 -0.948000000000000       0.130045234934520     
 -0.944000000000000       0.131077266378367     
 -0.940000000000000       0.132121340238875     
 -0.936000000000000       0.133177639793905     
 -0.932000000000000       0.134246351721146     
 -0.928000000000000       0.135327666171548     
 -0.924000000000000       0.136421776844532     
 -0.920000000000000       0.137528881065024     
 -0.916000000000000       0.138649179862371     
 -0.912000000000000       0.139782878051181     
 -0.908000000000000       0.140930184314132     
 -0.904000000000000       0.142091311286824     
 -0.900000000000000       0.143266475644699     
 -0.896000000000000       0.144455898192106     
 -0.892000000000000       0.145659803953557     
 -0.888000000000000       0.146878422267239     
 -0.884000000000000       0.148111986880833     
 -0.880000000000000       0.149360736049707     
 -0.876000000000000       0.150624912637551     
 -0.872000000000000       0.151904764219501     
 -0.868000000000000       0.153200543187846     
 -0.864000000000000       0.154512506860355     
 -0.860000000000000       0.155840917591323     
 -0.856000000000000       0.157186042885382     
 -0.852000000000000       0.158548155514178     
 -0.848000000000000       0.159927533635959     
 -0.844000000000000       0.161324460918181     
 -0.840000000000000       0.162739226663195     
 -0.836000000000000       0.164172125937095     
 -0.832000000000000       0.165623459701825     
 -0.828000000000000       0.167093534950621     
 -0.824000000000000       0.168582664846873     
 -0.820000000000000       0.170091168866512     
 -0.816000000000000       0.171619372944000     
 -0.812000000000000       0.173167609622024     
 -0.808000000000000       0.174736218204998     
 -0.804000000000000       0.176325544916464     
 -0.800000000000000       0.177935943060498     
 -0.796000000000000       0.179567773187227     
 -0.792000000000000       0.181221403262565     
 -0.788000000000000       0.182897208842275     
 -0.784000000000000       0.184595573250477     
 -0.780000000000000       0.186316887762707     
 -0.776000000000000       0.188061551793656     
 -0.772000000000000       0.189829973089703     
 -0.768000000000000       0.191622567926368     
 -0.764000000000000       0.193439761310810     
 -0.760000000000000       0.195281987189502     
 -0.756000000000000       0.197149688661212     
 -0.752000000000000       0.199043318195426     
 -0.748000000000000       0.200963337856348     
 -0.744000000000000       0.202910219532625     
 -0.740000000000000       0.204884445172923     
 -0.736000000000000       0.206886507027521     
 -0.732000000000000       0.208916907896056     
 -0.728000000000000       0.210976161381573     
 -0.724000000000000       0.213064792151034     
 -0.720000000000000       0.215183336202445     
 -0.716000000000000       0.217332341138752     
 -0.712000000000000       0.219512366448676     
 -0.708000000000000       0.221723983794638     
 -0.704000000000000       0.223967777307943     
 -0.700000000000000       0.226244343891403     
 -0.696000000000000       0.228554293529537     
 -0.692000000000000       0.230898249606549     
 -0.688000000000000       0.233276849232239     
 -0.684000000000000       0.235690743576013     
 -0.680000000000000       0.238140598209183     
 -0.676000000000000       0.240627093455713     
 -0.672000000000000       0.243150924751597     
 -0.668000000000000       0.245712803013029     
 -0.664000000000000       0.248313455013548     
 -0.660000000000000       0.250953623770327     
 -0.656000000000000       0.253634068939769     
 -0.652000000000000       0.256355567222582     
 -0.648000000000000       0.259118912778501     
 -0.644000000000000       0.261924917650806     
 -0.640000000000000       0.264774412200805     
 -0.636000000000000       0.267668245552424     
 -0.632000000000000       0.270607286047055     
 -0.628000000000000       0.273592421708793     
 -0.624000000000000       0.276624560720198     
 -0.620000000000000       0.279704631908704     
 -0.616000000000000       0.282833585243780     
 -0.612000000000000       0.286012392344936     
 -0.608000000000000       0.289242047000676     
 -0.604000000000000       0.292523565698453     
 -0.600000000000000       0.295857988165680     
 -0.596000000000000       0.299246377921842     
 -0.592000000000000       0.302689822841700     
 -0.588000000000000       0.306189435729613     
 -0.584000000000000       0.309746354904895     
 -0.580000000000000       0.313361744798195     
 -0.576000000000000       0.317036796558756     
 -0.572000000000000       0.320772728672463     
 -0.568000000000000       0.324570787590490     
 -0.564000000000000       0.328432248368349     
 -0.560000000000000       0.332358415315076     
 -0.556000000000000       0.336350622652273     
 -0.552000000000000       0.340410235182623     
 -0.548000000000000       0.344538648967487     
 -0.544000000000000       0.348737292013079     
 -0.540000000000000       0.353007624964699     
 -0.536000000000000       0.357351141808368     
 -0.532000000000000       0.361769370579178     
 -0.528000000000000       0.366263874075550     
 -0.524000000000000       0.370836250578505     
 -0.520000000000000       0.375488134574947     
 -0.516000000000000       0.380221197483848     
 -0.512000000000000       0.385037148384076     
 -0.508000000000000       0.389937734742516     
 -0.504000000000000       0.394924743140947     
 -0.500000000000000       0.400000000000000     
 -0.496000000000000       0.405165372298357     
 -0.492000000000000       0.410422768285155     
 -0.488000000000000       0.415774138183366     
 -0.484000000000000       0.421221474881721     
 -0.480000000000000       0.426766814612496     
 -0.476000000000000       0.432412237612254     
 -0.472000000000000       0.438159868762356     
 -0.468000000000000       0.444011878205766     
 -0.464000000000000       0.449970481936385     
 -0.460000000000000       0.456037942356804     
 -0.456000000000000       0.462216568800012     
 -0.452000000000000       0.468508718010225     
 -0.448000000000000       0.474916794577590     
 -0.444000000000000       0.481443251321080     
 -0.440000000000000       0.488090589613432     
 -0.436000000000000       0.494861359641483     
 -0.432000000000000       0.501758160594724     
 -0.428000000000000       0.508783640774328     
 -0.424000000000000       0.515940497614291     
 -0.420000000000000       0.523231477605693     
 -0.416000000000000       0.530659376114385     
 -0.412000000000000       0.538227037081690     
 -0.408000000000000       0.545937352596915     
 -0.404000000000000       0.553793262329653     
 -0.400000000000000       0.561797752808989     
 -0.396000000000000       0.569953856535775     
 -0.392000000000000       0.578264650913195     
 -0.388000000000000       0.586733256979779     
 -0.384000000000000       0.595362837927947     
 -0.380000000000000       0.604156597390043     
 -0.376000000000000       0.613117777472581     
 -0.372000000000000       0.622249656518190     
 -0.368000000000000       0.631555546573432     
 -0.364000000000000       0.641038790539293     
 -0.360000000000000       0.650702758979698     
 -0.356000000000000       0.660550846561965     
 -0.352000000000000       0.670586468101543     
 -0.348000000000000       0.680813054181826     
 -0.344000000000000       0.691234046318211     
 -0.340000000000000       0.701852891633914     
 -0.336000000000000       0.712673037013387     
 -0.332000000000000       0.723697922697483     
 -0.328000000000000       0.734930975282801     
 -0.324000000000000       0.746375600085982     
 -0.320000000000000       0.758035172832019     
 -0.316000000000000       0.769913030624061     
 -0.312000000000000       0.782012462150596     
 -0.308000000000000       0.794336697084466     
 -0.304000000000000       0.806888894626765     
 -0.300000000000000       0.819672131147541     
 -0.296000000000000       0.832689386874150     
 -0.292000000000000       0.845943531577380     
 -0.288000000000000       0.859437309204917     
 -0.284000000000000       0.873173321411607     
 -0.280000000000000       0.887154009936125     
 -0.276000000000000       0.901381637774380     
 -0.272000000000000       0.915858269101140     
 -0.268000000000000       0.930585747893154     
 -0.264000000000000       0.945565675209537     
 -0.260000000000000       0.960799385088393     
 -0.256000000000000       0.976287919022775     
 -0.252000000000000       0.992031998984159     
 -0.248000000000000        1.00803199896778     
 -0.244000000000000        1.02428791504146     
 -0.240000000000000        1.04079933388843     
 -0.236000000000000        1.05756539984433     
 -0.232000000000000        1.07458478044084     
 -0.228000000000000        1.09185563048112     
 -0.224000000000000        1.10937555468778     
 -0.220000000000000        1.12714156898106     
 -0.216000000000000        1.14515006046392     
 -0.212000000000000        1.16339674621198     
 -0.208000000000000        1.18187663098975     
 -0.204000000000000        1.20058396404011     
 -0.200000000000000        1.21951219512195     
 -0.196000000000000        1.23865393000119     
 -0.192000000000000        1.25800088563262     
 -0.188000000000000        1.27754384530477     
 -0.184000000000000        1.29727261405621     
 -0.180000000000000        1.31717597471022     
 -0.176000000000000        1.33724164491420     
 -0.172000000000000        1.35745623561096     
 -0.168000000000000        1.37780521141043     
 -0.164000000000000        1.39827285337152     
 -0.160000000000000        1.41884222474461     
 -0.156000000000000        1.43949514026441     
 -0.152000000000000        1.46021213961964     
 -0.148000000000000        1.48097246575992     
 -0.144000000000000        1.50175404872892     
 -0.140000000000000        1.52253349573691     
 -0.136000000000000        1.54328608820189     
 -0.132000000000000        1.56398578649717     
 -0.128000000000000        1.58460524314183     
 -0.124000000000000        1.60511582515794     
 -0.120000000000000        1.62548764629389     
 -0.116000000000000        1.64568960977408     
 -0.112000000000000        1.66568946218219     
 -0.108000000000000        1.68545385901516     
 -0.104000000000000        1.70494844235910     
 -0.100000000000000        1.72413793103448     
 -9.599999999999997E-002   1.74298622343689     
 -9.199999999999997E-002   1.76145651316160     
 -8.799999999999997E-002   1.77951141734525     
 -8.399999999999996E-002   1.79711311748807     
 -7.999999999999996E-002   1.81422351233672     
 -7.599999999999996E-002   1.83080438221337     
 -7.199999999999995E-002   1.84681756397376     
 -6.799999999999995E-002   1.86222513556999     
 -6.399999999999995E-002   1.87698960898552     
 -6.000000000000005E-002   1.89107413010590     
 -5.600000000000005E-002   1.90444268389299     
 -5.200000000000005E-002   1.91706030304889     
 -4.800000000000004E-002   1.92889327819270     
 -4.400000000000004E-002   1.93990936743435     
 -4.000000000000004E-002   1.95007800312012     
 -3.600000000000003E-002   1.95937049344786     
 -3.200000000000003E-002   1.96776021661104     
 -2.800000000000002E-002   1.97522280513242     
 -2.400000000000002E-002   1.98173631809246     
 -2.000000000000002E-002   1.98728139904610     
 -1.600000000000001E-002   1.99184141755370     
 -1.200000000000001E-002   1.99540259242705     
 -8.000000000000007E-003   1.99795409500671     
 -4.000000000000004E-003   1.99948813103845     
  0.000000000000000E+000   2.00000000000000     
  4.000000000000004E-003   1.99948813103845     
  8.000000000000007E-003   1.99795409500671     
  1.200000000000001E-002   1.99540259242705     
  1.600000000000001E-002   1.99184141755370     
  2.000000000000002E-002   1.98728139904610     
  2.400000000000002E-002   1.98173631809246     
  2.800000000000002E-002   1.97522280513242     
  3.200000000000003E-002   1.96776021661104     
  3.600000000000003E-002   1.95937049344787     
  4.000000000000004E-002   1.95007800312012     
  4.400000000000004E-002   1.93990936743435     
  4.800000000000004E-002   1.92889327819270     
  5.200000000000005E-002   1.91706030304889     
  5.600000000000005E-002   1.90444268389299     
  6.000000000000005E-002   1.89107413010590     
  6.400000000000006E-002   1.87698960898552     
  6.800000000000006E-002   1.86222513556999     
  7.200000000000006E-002   1.84681756397376     
  7.600000000000007E-002   1.83080438221337     
  8.000000000000007E-002   1.81422351233672     
  8.400000000000007E-002   1.79711311748807     
  8.800000000000008E-002   1.77951141734525     
  9.200000000000008E-002   1.76145651316160     
  9.600000000000009E-002   1.74298622343689     
  0.100000000000000        1.72413793103448     
  0.104000000000000        1.70494844235910     
  0.108000000000000        1.68545385901516     
  0.112000000000000        1.66568946218219     
  0.116000000000000        1.64568960977408     
  0.120000000000000        1.62548764629389     
  0.124000000000000        1.60511582515794     
  0.128000000000000        1.58460524314183     
  0.132000000000000        1.56398578649717     
  0.136000000000000        1.54328608820189     
  0.140000000000000        1.52253349573691     
  0.144000000000000        1.50175404872892     
  0.148000000000000        1.48097246575992     
  0.152000000000000        1.46021213961964     
  0.156000000000000        1.43949514026441     
  0.160000000000000        1.41884222474461     
  0.164000000000000        1.39827285337152     
  0.168000000000000        1.37780521141043     
  0.172000000000000        1.35745623561096     
  0.176000000000000        1.33724164491420     
  0.180000000000000        1.31717597471022     
  0.184000000000000        1.29727261405621     
  0.188000000000000        1.27754384530477     
  0.192000000000000        1.25800088563262     
  0.196000000000000        1.23865393000119     
  0.200000000000000        1.21951219512195     
  0.204000000000000        1.20058396404011     
  0.208000000000000        1.18187663098975     
  0.212000000000000        1.16339674621198     
  0.216000000000000        1.14515006046392     
  0.220000000000000        1.12714156898106     
  0.224000000000000        1.10937555468778     
  0.228000000000000        1.09185563048112     
  0.232000000000000        1.07458478044084     
  0.236000000000000        1.05756539984433     
  0.240000000000000        1.04079933388843     
  0.244000000000000        1.02428791504146     
  0.248000000000000        1.00803199896778     
  0.252000000000000       0.992031998984159     
  0.256000000000000       0.976287919022775     
  0.260000000000000       0.960799385088394     
  0.264000000000000       0.945565675209537     
  0.268000000000000       0.930585747893154     
  0.272000000000000       0.915858269101140     
  0.276000000000000       0.901381637774381     
  0.280000000000000       0.887154009936125     
  0.284000000000000       0.873173321411607     
  0.288000000000000       0.859437309204917     
  0.292000000000000       0.845943531577380     
  0.296000000000000       0.832689386874151     
  0.300000000000000       0.819672131147541     
  0.304000000000000       0.806888894626765     
  0.308000000000000       0.794336697084467     
  0.312000000000000       0.782012462150597     
  0.316000000000000       0.769913030624061     
  0.320000000000000       0.758035172832019     
  0.324000000000000       0.746375600085982     
  0.328000000000000       0.734930975282801     
  0.332000000000000       0.723697922697483     
  0.336000000000000       0.712673037013387     
  0.340000000000000       0.701852891633914     
  0.344000000000000       0.691234046318211     
  0.348000000000000       0.680813054181826     
  0.352000000000000       0.670586468101543     
  0.356000000000000       0.660550846561965     
  0.360000000000000       0.650702758979698     
  0.364000000000000       0.641038790539293     
  0.368000000000000       0.631555546573432     
  0.372000000000000       0.622249656518190     
  0.376000000000000       0.613117777472582     
  0.380000000000000       0.604156597390044     
  0.384000000000000       0.595362837927947     
  0.388000000000000       0.586733256979779     
  0.392000000000000       0.578264650913196     
  0.396000000000000       0.569953856535775     
  0.400000000000000       0.561797752808989     
  0.404000000000000       0.553793262329653     
  0.408000000000000       0.545937352596915     
  0.412000000000000       0.538227037081690     
  0.416000000000000       0.530659376114385     
  0.420000000000000       0.523231477605693     
  0.424000000000000       0.515940497614291     
  0.428000000000000       0.508783640774328     
  0.432000000000000       0.501758160594724     
  0.436000000000000       0.494861359641483     
  0.440000000000000       0.488090589613432     
  0.444000000000000       0.481443251321080     
  0.448000000000000       0.474916794577590     
  0.452000000000000       0.468508718010225     
  0.456000000000000       0.462216568800012     
  0.460000000000000       0.456037942356804     
  0.464000000000000       0.449970481936385     
  0.468000000000000       0.444011878205766     
  0.472000000000000       0.438159868762356     
  0.476000000000000       0.432412237612254     
  0.480000000000000       0.426766814612496     
  0.484000000000000       0.421221474881721     
  0.488000000000000       0.415774138183366     
  0.492000000000000       0.410422768285155     
  0.496000000000000       0.405165372298357     
  0.500000000000000       0.400000000000000     
  0.504000000000000       0.394924743140947     
  0.508000000000000       0.389937734742516     
  0.512000000000000       0.385037148384076     
  0.516000000000000       0.380221197483848     
  0.520000000000000       0.375488134574947     
  0.524000000000000       0.370836250578505     
  0.528000000000000       0.366263874075550     
  0.532000000000000       0.361769370579178     
  0.536000000000000       0.357351141808368     
  0.540000000000000       0.353007624964699     
  0.544000000000000       0.348737292013079     
  0.548000000000000       0.344538648967487     
  0.552000000000000       0.340410235182623     
  0.556000000000000       0.336350622652273     
  0.560000000000000       0.332358415315076     
  0.564000000000000       0.328432248368349     
  0.568000000000000       0.324570787590490     
  0.572000000000000       0.320772728672463     
  0.576000000000000       0.317036796558756     
  0.580000000000000       0.313361744798195     
  0.584000000000000       0.309746354904895     
  0.588000000000000       0.306189435729613     
  0.592000000000000       0.302689822841700     
  0.596000000000000       0.299246377921842     
  0.600000000000000       0.295857988165680     
  0.604000000000000       0.292523565698453     
  0.608000000000000       0.289242047000676     
  0.612000000000000       0.286012392344935     
  0.616000000000000       0.282833585243780     
  0.620000000000000       0.279704631908704     
  0.624000000000000       0.276624560720197     
  0.628000000000000       0.273592421708793     
  0.632000000000000       0.270607286047055     
  0.636000000000000       0.267668245552425     
  0.640000000000000       0.264774412200805     
  0.644000000000000       0.261924917650806     
  0.648000000000000       0.259118912778501     
  0.652000000000000       0.256355567222582     
  0.656000000000000       0.253634068939769     
  0.660000000000000       0.250953623770327     
  0.664000000000000       0.248313455013548     
  0.668000000000000       0.245712803013029     
  0.672000000000000       0.243150924751597     
  0.676000000000000       0.240627093455713     
  0.680000000000000       0.238140598209183     
  0.684000000000000       0.235690743576013     
  0.688000000000000       0.233276849232239     
  0.692000000000000       0.230898249606549     
  0.696000000000000       0.228554293529537     
  0.700000000000000       0.226244343891403     
  0.704000000000000       0.223967777307943     
  0.708000000000000       0.221723983794637     
  0.712000000000000       0.219512366448676     
  0.716000000000000       0.217332341138752     
  0.720000000000000       0.215183336202444     
  0.724000000000000       0.213064792151034     
  0.728000000000000       0.210976161381573     
  0.732000000000000       0.208916907896056     
  0.736000000000000       0.206886507027521     
  0.740000000000000       0.204884445172922     
  0.744000000000000       0.202910219532625     
  0.748000000000000       0.200963337856348     
  0.752000000000000       0.199043318195425     
  0.756000000000000       0.197149688661212     
  0.760000000000000       0.195281987189502     
  0.764000000000000       0.193439761310810     
  0.768000000000000       0.191622567926368     
  0.772000000000000       0.189829973089703     
  0.776000000000000       0.188061551793656     
  0.780000000000000       0.186316887762707     
  0.784000000000000       0.184595573250477     
  0.788000000000000       0.182897208842275     
  0.792000000000000       0.181221403262565     
  0.796000000000000       0.179567773187227     
  0.800000000000000       0.177935943060498     
  0.804000000000000       0.176325544916464     
  0.808000000000000       0.174736218204998     
  0.812000000000000       0.173167609622024     
  0.816000000000000       0.171619372944000     
  0.820000000000000       0.170091168866512     
  0.824000000000000       0.168582664846873     
  0.828000000000000       0.167093534950620     
  0.832000000000000       0.165623459701825     
  0.836000000000000       0.164172125937094     
  0.840000000000000       0.162739226663195     
  0.844000000000000       0.161324460918181     
  0.848000000000000       0.159927533635959     
  0.852000000000000       0.158548155514178     
  0.856000000000000       0.157186042885382     
  0.860000000000000       0.155840917591323     
  0.864000000000000       0.154512506860355     
  0.868000000000000       0.153200543187846     
  0.872000000000000       0.151904764219501     
  0.876000000000000       0.150624912637551     
  0.880000000000000       0.149360736049707     
  0.884000000000000       0.148111986880833     
  0.888000000000000       0.146878422267239     
  0.892000000000000       0.145659803953557     
  0.896000000000000       0.144455898192106     
  0.900000000000000       0.143266475644699     
  0.904000000000000       0.142091311286824     
  0.908000000000000       0.140930184314132     
  0.912000000000000       0.139782878051181     
  0.916000000000000       0.138649179862371     
  0.920000000000000       0.137528881065024     
  0.924000000000000       0.136421776844532     
  0.928000000000000       0.135327666171548     
  0.932000000000000       0.134246351721146     
  0.936000000000000       0.133177639793905     
  0.940000000000000       0.132121340238875     
  0.944000000000000       0.131077266378367     
  0.948000000000000       0.130045234934520     
  0.952000000000000       0.129025065957614     
  0.956000000000000       0.128016582756064     
  0.960000000000000       0.127019611828066     
  0.964000000000000       0.126033982794849     
  0.968000000000000       0.125059528335488     
  0.972000000000000       0.124096084123246     
  0.976000000000000       0.123143488763403     
  0.980000000000000       0.122201583732525     
  0.984000000000000       0.121270213319156     
  0.988000000000000       0.120349224565876     
  0.992000000000000       0.119438467212707     
  0.996000000000000       0.118537793641822     
