  -1.00000000000000       0.119715499636159     
 -0.996000000000000       0.120619729982092     
 -0.992000000000000       0.121534016656356     
 -0.988000000000000       0.122458505775719     
 -0.984000000000000       0.123393346050106     
 -0.980000000000000       0.124338688836336     
 -0.976000000000000       0.125294688193113     
 -0.972000000000000       0.126261500937306     
 -0.968000000000000       0.127239286701549     
 -0.964000000000000       0.128228207993193     
 -0.960000000000000       0.129228430254656     
 -0.956000000000000       0.130240121925184     
 -0.952000000000000       0.131263454504087     
 -0.948000000000000       0.132298602615466     
 -0.944000000000000       0.133345744074481     
 -0.940000000000000       0.134405059955198     
 -0.936000000000000       0.135476734660049     
 -0.932000000000000       0.136560955990956     
 -0.928000000000000       0.137657915222158     
 -0.924000000000000       0.138767807174785     
 -0.920000000000000       0.139890830293222     
 -0.916000000000000       0.141027186723314     
 -0.912000000000000       0.142177082392456     
 -0.908000000000000       0.143340727091622     
 -0.904000000000000       0.144518334559378     
 -0.900000000000000       0.145710122567927     
 -0.896000000000000       0.146916313011254     
 -0.892000000000000       0.148137131995413     
 -0.888000000000000       0.149372809931007     
 -0.884000000000000       0.150623581627940     
 -0.880000000000000       0.151889686392471     
 -0.876000000000000       0.153171368126660     
 -0.872000000000000       0.154468875430241     
 -0.868000000000000       0.155782461705005     
 -0.864000000000000       0.157112385261749     
 -0.860000000000000       0.158458909429859     
 -0.856000000000000       0.159822302669597     
 -0.852000000000000       0.161202838687164     
 -0.848000000000000       0.162600796552608     
 -0.844000000000000       0.164016460820648     
 -0.840000000000000       0.165450121654501     
 -0.836000000000000       0.166902074952777     
 -0.832000000000000       0.168372622479528     
 -0.828000000000000       0.169862071997538     
 -0.824000000000000       0.171370737404923     
 -0.820000000000000       0.172898938875140     
 -0.816000000000000       0.174447003000488     
 -0.812000000000000       0.176015262939193     
 -0.808000000000000       0.177604058566157     
 -0.804000000000000       0.179213736627493     
 -0.800000000000000       0.180844650898904     
 -0.796000000000000       0.182497162348044     
 -0.792000000000000       0.184171639300928     
 -0.788000000000000       0.185868457612516     
 -0.784000000000000       0.187588000841571     
 -0.780000000000000       0.189330660429892     
 -0.776000000000000       0.191096835886037     
 -0.772000000000000       0.192886934973654     
 -0.768000000000000       0.194701373904518     
 -0.764000000000000       0.196540577536414     
 -0.760000000000000       0.198404979575958     
 -0.756000000000000       0.200295022786504     
 -0.752000000000000       0.202211159201242     
 -0.748000000000000       0.204153850341617     
 -0.744000000000000       0.206123567441206     
 -0.740000000000000       0.208120791675168     
 -0.736000000000000       0.210146014395414     
 -0.732000000000000       0.212199737371619     
 -0.728000000000000       0.214282473038223     
 -0.724000000000000       0.216394744747548     
 -0.720000000000000       0.218537087029181     
 -0.716000000000000       0.220710045855758     
 -0.712000000000000       0.222914178915291     
 -0.708000000000000       0.225150055890190     
 -0.704000000000000       0.227418258743117     
 -0.700000000000000       0.229719382009819     
 -0.696000000000000       0.232054033099095     
 -0.692000000000000       0.234422832600034     
 -0.688000000000000       0.236826414596680     
 -0.684000000000000       0.239265426990266     
 -0.680000000000000       0.241740531829170     
 -0.676000000000000       0.244252405646733     
 -0.672000000000000       0.246801739807088     
 -0.668000000000000       0.249389240859151     
 -0.664000000000000       0.252015630898895     
 -0.660000000000000       0.254681647940075     
 -0.656000000000000       0.257388046293511     
 -0.652000000000000       0.260135596955087     
 -0.648000000000000       0.262925088002574     
 -0.644000000000000       0.265757325001407     
 -0.640000000000000       0.268633131419542     
 -0.636000000000000       0.271553349051480     
 -0.632000000000000       0.274518838451585     
 -0.628000000000000       0.277530479376765     
 -0.624000000000000       0.280589171238620     
 -0.620000000000000       0.283695833565111     
 -0.616000000000000       0.286851406471818     
 -0.612000000000000       0.290056851142824     
 -0.608000000000000       0.293313150321264     
 -0.604000000000000       0.296621308809537     
 -0.600000000000000       0.299982353979178     
 -0.596000000000000       0.303397336290367     
 -0.592000000000000       0.306867329821006     
 -0.588000000000000       0.310393432805299     
 -0.584000000000000       0.313976768181717     
 -0.580000000000000       0.317618484150215     
 -0.576000000000000       0.321319754738521     
 -0.572000000000000       0.325081780377299     
 -0.568000000000000       0.328905788483912     
 -0.564000000000000       0.332793034054515     
 -0.560000000000000       0.336744800264114     
 -0.556000000000000       0.340762399074195     
 -0.552000000000000       0.344847171847488     
 -0.548000000000000       0.349000489969315     
 -0.544000000000000       0.353223755474968     
 -0.540000000000000       0.357518401682439     
 -0.536000000000000       0.361885893829775     
 -0.532000000000000       0.366327729716218     
 -0.528000000000000       0.370845440346239     
 -0.524000000000000       0.375440590575411     
 -0.520000000000000       0.380114779757025     
 -0.516000000000000       0.384869642388184     
 -0.512000000000000       0.389706848754008     
 -0.508000000000000       0.394628105568435     
 -0.504000000000000       0.399635156609966     
 -0.500000000000000       0.404729783350528     
 -0.496000000000000       0.409913805575471     
 -0.492000000000000       0.415189081992517     
 -0.488000000000000       0.420557510827294     
 -0.484000000000000       0.426021030402865     
 -0.480000000000000       0.431581619700432     
 -0.476000000000000       0.437241298898152     
 -0.472000000000000       0.443002129884750     
 -0.468000000000000       0.448866216744294     
 -0.464000000000000       0.454835706208240     
 -0.460000000000000       0.460912788070493     
 -0.456000000000000       0.467099695560904     
 -0.452000000000000       0.473398705672245     
 -0.448000000000000       0.479812139435289     
 -0.444000000000000       0.486342362136245     
 -0.440000000000000       0.492991783470276     
 -0.436000000000000       0.499762857624421     
 -0.432000000000000       0.506658083282667     
 -0.428000000000000       0.513680003545399     
 -0.424000000000000       0.520831205754878     
 -0.420000000000000       0.528114321217769     
 -0.416000000000000       0.535532024815084     
 -0.412000000000000       0.543087034489221     
 -0.408000000000000       0.550782110597048     
 -0.404000000000000       0.558620055117179     
 -0.400000000000000       0.566603710698811     
 -0.396000000000000       0.574735959538588     
 -0.392000000000000       0.583019722071069     
 -0.388000000000000       0.591457955457417     
 -0.384000000000000       0.600053651855931     
 -0.380000000000000       0.608809836456965     
 -0.376000000000000       0.617729565263734     
 -0.372000000000000       0.626815922599295     
 -0.368000000000000       0.636072018318874     
 -0.364000000000000       0.645500984705424     
 -0.360000000000000       0.655105973025048     
 -0.356000000000000       0.664890149717617     
 -0.352000000000000       0.674856692196539     
 -0.348000000000000       0.685008784230292     
 -0.344000000000000       0.695349610876904     
 -0.340000000000000       0.705882352941176     
 -0.336000000000000       0.716610180922994     
 -0.332000000000000       0.727536248423671     
 -0.328000000000000       0.738663684975870     
 -0.324000000000000       0.749995588261245     
 -0.320000000000000       0.761535015678662     
 -0.316000000000000       0.773284975224556     
 -0.312000000000000       0.785248415645843     
 -0.308000000000000       0.797428215824728     
 -0.304000000000000       0.809827173353827     
 -0.300000000000000       0.822447992259313     
 -0.296000000000000       0.835293269829207     
 -0.292000000000000       0.848365482503709     
 -0.288000000000000       0.861666970784421     
 -0.284000000000000       0.875199923119693     
 -0.280000000000000       0.888966358724071     
 -0.276000000000000       0.902968109291010     
 -0.272000000000000       0.917206799559740     
 -0.268000000000000       0.931683826699501     
 -0.264000000000000       0.946400338477297     
 -0.260000000000000       0.961357210179076     
 -0.256000000000000       0.976555020258729     
 -0.252000000000000       0.991994024694816     
 -0.248000000000000        1.00767413004133     
 -0.244000000000000        1.02359486516646     
 -0.240000000000000        1.03975535168196     
 -0.236000000000000        1.05615427307594     
 -0.232000000000000        1.07278984257335     
 -0.228000000000000        1.08965976976130     
 -0.224000000000000        1.10676122603102     
 -0.220000000000000        1.12409080890456     
 -0.216000000000000        1.14164450533215     
 -0.212000000000000        1.15941765406615     
 -0.208000000000000        1.17740490723896     
 -0.204000000000000        1.19560019129603     
 -0.200000000000000        1.21399666746013     
 -0.196000000000000        1.23258669193067     
 -0.192000000000000        1.25136177605041     
 -0.188000000000000        1.27031254670267     
 -0.184000000000000        1.28942870723395     
 -0.180000000000000        1.30869899923018     
 -0.176000000000000        1.32811116550869     
 -0.172000000000000        1.34765191472270     
 -0.168000000000000        1.36730688800952     
 -0.164000000000000        1.38706062814808     
 -0.160000000000000        1.40689655172414     
 -0.156000000000000        1.42679692483298     
 -0.152000000000000        1.44674284287805     
 -0.148000000000000        1.46671421504906     
 -0.144000000000000        1.48668975408402     
 -0.140000000000000        1.50664697193501     
 -0.136000000000000        1.52656218196621     
 -0.132000000000000        1.54641050831423     
 -0.128000000000000        1.56616590303283     
 -0.124000000000000        1.58580117162722     
 -0.120000000000000        1.60528800755430     
 -0.116000000000000        1.62459703622533     
 -0.112000000000000        1.64369786899406     
 -0.108000000000000        1.66255916754684     
 -0.104000000000000        1.68114871903060     
 -0.100000000000000        1.69943352215928     
 -9.599999999999997E-002   1.71737988443044     
 -9.199999999999997E-002   1.73495353046034     
 -8.799999999999997E-002   1.75211972130990     
 -8.399999999999996E-002   1.76884338452574     
 -7.999999999999996E-002   1.78508925446272     
 -7.599999999999996E-002   1.80082202228782     
 -7.199999999999995E-002   1.81600649489382     
 -6.799999999999995E-002   1.83060776177691     
 -6.399999999999995E-002   1.84459136875913     
 -6.000000000000005E-002   1.85792349726776     
 -5.600000000000005E-002   1.87057114772377     
 -5.200000000000005E-002   1.88250232544405     
 -4.800000000000004E-002   1.89368622733146     
 -4.400000000000004E-002   1.90409342751751     
 -4.000000000000004E-002   1.91369606003752     
 -3.600000000000003E-002   1.92246799656217     
 -3.200000000000003E-002   1.93038501718421     
 -2.800000000000002E-002   1.93742497226823     
 -2.400000000000002E-002   1.94356793341565     
 -2.000000000000002E-002   1.94879633167749     
 -1.600000000000001E-002   1.95309508126407     
 -1.200000000000001E-002   1.95645168715187     
 -8.000000000000007E-003   1.95885633517184     
 -4.000000000000004E-003   1.96030196337695     
  0.000000000000000E+000   1.96078431372549     
  4.000000000000004E-003   1.96030196337695     
  8.000000000000007E-003   1.95885633517184     
  1.200000000000001E-002   1.95645168715187     
  1.600000000000001E-002   1.95309508126407     
  2.000000000000002E-002   1.94879633167749     
  2.400000000000002E-002   1.94356793341565     
  2.800000000000002E-002   1.93742497226823     
  3.200000000000003E-002   1.93038501718421     
  3.600000000000003E-002   1.92246799656217     
  4.000000000000004E-002   1.91369606003752     
  4.400000000000004E-002   1.90409342751751     
  4.800000000000004E-002   1.89368622733146     
  5.200000000000005E-002   1.88250232544405     
  5.600000000000005E-002   1.87057114772377     
  6.000000000000005E-002   1.85792349726776     
  6.400000000000006E-002   1.84459136875913     
  6.800000000000006E-002   1.83060776177691     
  7.200000000000006E-002   1.81600649489382     
  7.600000000000007E-002   1.80082202228782     
  8.000000000000007E-002   1.78508925446272     
  8.400000000000007E-002   1.76884338452574     
  8.800000000000008E-002   1.75211972130990     
  9.200000000000008E-002   1.73495353046034     
  9.600000000000009E-002   1.71737988443044     
  0.100000000000000        1.69943352215928     
  0.104000000000000        1.68114871903060     
  0.108000000000000        1.66255916754684     
  0.112000000000000        1.64369786899406     
  0.116000000000000        1.62459703622533     
  0.120000000000000        1.60528800755430     
  0.124000000000000        1.58580117162722     
  0.128000000000000        1.56616590303283     
  0.132000000000000        1.54641050831423     
  0.136000000000000        1.52656218196621     
  0.140000000000000        1.50664697193501     
  0.144000000000000        1.48668975408402     
  0.148000000000000        1.46671421504906     
  0.152000000000000        1.44674284287805     
  0.156000000000000        1.42679692483298     
  0.160000000000000        1.40689655172414     
  0.164000000000000        1.38706062814808     
  0.168000000000000        1.36730688800952     
  0.172000000000000        1.34765191472270     
  0.176000000000000        1.32811116550869     
  0.180000000000000        1.30869899923018     
  0.184000000000000        1.28942870723395     
  0.188000000000000        1.27031254670267     
  0.192000000000000        1.25136177605041     
  0.196000000000000        1.23258669193067     
  0.200000000000000        1.21399666746013     
  0.204000000000000        1.19560019129603     
  0.208000000000000        1.17740490723896     
  0.212000000000000        1.15941765406615     
  0.216000000000000        1.14164450533215     
  0.220000000000000        1.12409080890456     
  0.224000000000000        1.10676122603102     
  0.228000000000000        1.08965976976130     
  0.232000000000000        1.07278984257335     
  0.236000000000000        1.05615427307594     
  0.240000000000000        1.03975535168196     
  0.244000000000000        1.02359486516646     
  0.248000000000000        1.00767413004133     
  0.252000000000000       0.991994024694816     
  0.256000000000000       0.976555020258730     
  0.260000000000000       0.961357210179076     
  0.264000000000000       0.946400338477298     
  0.268000000000000       0.931683826699501     
  0.272000000000000       0.917206799559741     
  0.276000000000000       0.902968109291011     
  0.280000000000000       0.888966358724072     
  0.284000000000000       0.875199923119693     
  0.288000000000000       0.861666970784421     
  0.292000000000000       0.848365482503710     
  0.296000000000000       0.835293269829207     
  0.300000000000000       0.822447992259313     
  0.304000000000000       0.809827173353828     
  0.308000000000000       0.797428215824728     
  0.312000000000000       0.785248415645844     
  0.316000000000000       0.773284975224556     
  0.320000000000000       0.761535015678662     
  0.324000000000000       0.749995588261245     
  0.328000000000000       0.738663684975870     
  0.332000000000000       0.727536248423671     
  0.336000000000000       0.716610180922994     
  0.340000000000000       0.705882352941176     
  0.344000000000000       0.695349610876904     
  0.348000000000000       0.685008784230292     
  0.352000000000000       0.674856692196539     
  0.356000000000000       0.664890149717617     
  0.360000000000000       0.655105973025048     
  0.364000000000000       0.645500984705424     
  0.368000000000000       0.636072018318874     
  0.372000000000000       0.626815922599295     
  0.376000000000000       0.617729565263735     
  0.380000000000000       0.608809836456966     
  0.384000000000000       0.600053651855931     
  0.388000000000000       0.591457955457418     
  0.392000000000000       0.583019722071069     
  0.396000000000000       0.574735959538589     
  0.400000000000000       0.566603710698812     
  0.404000000000000       0.558620055117179     
  0.408000000000000       0.550782110597048     
  0.412000000000000       0.543087034489222     
  0.416000000000000       0.535532024815084     
  0.420000000000000       0.528114321217770     
  0.424000000000000       0.520831205754879     
  0.428000000000000       0.513680003545399     
  0.432000000000000       0.506658083282668     
  0.436000000000000       0.499762857624422     
  0.440000000000000       0.492991783470276     
  0.444000000000000       0.486342362136245     
  0.448000000000000       0.479812139435289     
  0.452000000000000       0.473398705672245     
  0.456000000000000       0.467099695560904     
  0.460000000000000       0.460912788070493     
  0.464000000000000       0.454835706208240     
  0.468000000000000       0.448866216744294     
  0.472000000000000       0.443002129884750     
  0.476000000000000       0.437241298898152     
  0.480000000000000       0.431581619700432     
  0.484000000000000       0.426021030402866     
  0.488000000000000       0.420557510827294     
  0.492000000000000       0.415189081992517     
  0.496000000000000       0.409913805575471     
  0.500000000000000       0.404729783350528     
  0.504000000000000       0.399635156609966     
  0.508000000000000       0.394628105568435     
  0.512000000000000       0.389706848754008     
  0.516000000000000       0.384869642388184     
  0.520000000000000       0.380114779757025     
  0.524000000000000       0.375440590575411     
  0.528000000000000       0.370845440346239     
  0.532000000000000       0.366327729716218     
  0.536000000000000       0.361885893829775     
  0.540000000000000       0.357518401682439     
  0.544000000000000       0.353223755474968     
  0.548000000000000       0.349000489969315     
  0.552000000000000       0.344847171847488     
  0.556000000000000       0.340762399074195     
  0.560000000000000       0.336744800264114     
  0.564000000000000       0.332793034054515     
  0.568000000000000       0.328905788483912     
  0.572000000000000       0.325081780377299     
  0.576000000000000       0.321319754738521     
  0.580000000000000       0.317618484150215     
  0.584000000000000       0.313976768181717     
  0.588000000000000       0.310393432805299     
  0.592000000000000       0.306867329821006     
  0.596000000000000       0.303397336290367     
  0.600000000000000       0.299982353979178     
  0.604000000000000       0.296621308809536     
  0.608000000000000       0.293313150321264     
  0.612000000000000       0.290056851142824     
  0.616000000000000       0.286851406471818     
  0.620000000000000       0.283695833565111     
  0.624000000000000       0.280589171238620     
  0.628000000000000       0.277530479376765     
  0.632000000000000       0.274518838451585     
  0.636000000000000       0.271553349051480     
  0.640000000000000       0.268633131419542     
  0.644000000000000       0.265757325001407     
  0.648000000000000       0.262925088002574     
  0.652000000000000       0.260135596955087     
  0.656000000000000       0.257388046293511     
  0.660000000000000       0.254681647940075     
  0.664000000000000       0.252015630898895     
  0.668000000000000       0.249389240859151     
  0.672000000000000       0.246801739807088     
  0.676000000000000       0.244252405646733     
  0.680000000000000       0.241740531829170     
  0.684000000000000       0.239265426990266     
  0.688000000000000       0.236826414596680     
  0.692000000000000       0.234422832600034     
  0.696000000000000       0.232054033099095     
  0.700000000000000       0.229719382009819     
  0.704000000000000       0.227418258743117     
  0.708000000000000       0.225150055890190     
  0.712000000000000       0.222914178915291     
  0.716000000000000       0.220710045855758     
  0.720000000000000       0.218537087029181     
  0.724000000000000       0.216394744747548     
  0.728000000000000       0.214282473038223     
  0.732000000000000       0.212199737371619     
  0.736000000000000       0.210146014395414     
  0.740000000000000       0.208120791675168     
  0.744000000000000       0.206123567441206     
  0.748000000000000       0.204153850341617     
  0.752000000000000       0.202211159201242     
  0.756000000000000       0.200295022786504     
  0.760000000000000       0.198404979575958     
  0.764000000000000       0.196540577536414     
  0.768000000000000       0.194701373904518     
  0.772000000000000       0.192886934973654     
  0.776000000000000       0.191096835886037     
  0.780000000000000       0.189330660429892     
  0.784000000000000       0.187588000841571     
  0.788000000000000       0.185868457612516     
  0.792000000000000       0.184171639300928     
  0.796000000000000       0.182497162348044     
  0.800000000000000       0.180844650898904     
  0.804000000000000       0.179213736627493     
  0.808000000000000       0.177604058566157     
  0.812000000000000       0.176015262939193     
  0.816000000000000       0.174447003000488     
  0.820000000000000       0.172898938875140     
  0.824000000000000       0.171370737404923     
  0.828000000000000       0.169862071997538     
  0.832000000000000       0.168372622479528     
  0.836000000000000       0.166902074952776     
  0.840000000000000       0.165450121654501     
  0.844000000000000       0.164016460820648     
  0.848000000000000       0.162600796552608     
  0.852000000000000       0.161202838687164     
  0.856000000000000       0.159822302669596     
  0.860000000000000       0.158458909429859     
  0.864000000000000       0.157112385261749     
  0.868000000000000       0.155782461705005     
  0.872000000000000       0.154468875430241     
  0.876000000000000       0.153171368126660     
  0.880000000000000       0.151889686392471     
  0.884000000000000       0.150623581627940     
  0.888000000000000       0.149372809931007     
  0.892000000000000       0.148137131995413     
  0.896000000000000       0.146916313011254     
  0.900000000000000       0.145710122567927     
  0.904000000000000       0.144518334559378     
  0.908000000000000       0.143340727091622     
  0.912000000000000       0.142177082392456     
  0.916000000000000       0.141027186723313     
  0.920000000000000       0.139890830293222     
  0.924000000000000       0.138767807174785     
  0.928000000000000       0.137657915222158     
  0.932000000000000       0.136560955990956     
  0.936000000000000       0.135476734660049     
  0.940000000000000       0.134405059955198     
  0.944000000000000       0.133345744074481     
  0.948000000000000       0.132298602615466     
  0.952000000000000       0.131263454504087     
  0.956000000000000       0.130240121925184     
  0.960000000000000       0.129228430254656     
  0.964000000000000       0.128228207993193     
  0.968000000000000       0.127239286701549     
  0.972000000000000       0.126261500937306     
  0.976000000000000       0.125294688193113     
  0.980000000000000       0.124338688836336     
  0.984000000000000       0.123393346050106     
  0.988000000000000       0.122458505775719     
  0.992000000000000       0.121534016656356     
  0.996000000000000       0.120619729982092     
