  -1.00000000000000       0.121768452603972     
 -0.996000000000000       0.122685954156978     
 -0.992000000000000       0.123613625644693     
 -0.988000000000000       0.124551614188920     
 -0.984000000000000       0.125500069507731     
 -0.980000000000000       0.126459143968872     
 -0.976000000000000       0.127428992644406     
 -0.972000000000000       0.128409773366628     
 -0.968000000000000       0.129401646785265     
 -0.964000000000000       0.130404776426026     
 -0.960000000000000       0.131419328750505     
 -0.956000000000000       0.132445473217488     
 -0.952000000000000       0.133483382345693     
 -0.948000000000000       0.134533231777991     
 -0.944000000000000       0.135595200347124     
 -0.940000000000000       0.136669470142977     
 -0.936000000000000       0.137756226581442     
 -0.932000000000000       0.138855658474895     
 -0.928000000000000       0.139967958104360     
 -0.924000000000000       0.141093321293370     
 -0.920000000000000       0.142231947483589     
 -0.916000000000000       0.143384039812233     
 -0.912000000000000       0.144549805191339     
 -0.908000000000000       0.145729454388923     
 -0.904000000000000       0.146923202112078     
 -0.900000000000000       0.148131267092069     
 -0.896000000000000       0.149353872171467     
 -0.892000000000000       0.150591244393372     
 -0.888000000000000       0.151843615092788     
 -0.884000000000000       0.153111219990201     
 -0.880000000000000       0.154394299287411     
 -0.876000000000000       0.155693097765684     
 -0.872000000000000       0.157007864886278     
 -0.868000000000000       0.158338854893401     
 -0.864000000000000       0.159686326919675     
 -0.860000000000000       0.161050545094153     
 -0.856000000000000       0.162431778652966     
 -0.852000000000000       0.163830302052668     
 -0.848000000000000       0.165246395086335     
 -0.844000000000000       0.166680343002503     
 -0.840000000000000       0.168132436627005     
 -0.836000000000000       0.169602972487789     
 -0.832000000000000       0.171092252942787     
 -0.828000000000000       0.172600586310915     
 -0.824000000000000       0.174128287006279     
 -0.820000000000000       0.175675675675676     
 -0.816000000000000       0.177243079339456     
 -0.812000000000000       0.178830831535854     
 -0.808000000000000       0.180439272468853     
 -0.804000000000000       0.182068749159683     
 -0.800000000000000       0.183719615602035     
 -0.796000000000000       0.185392232921097     
 -0.792000000000000       0.187086969536485     
 -0.788000000000000       0.188804201329182     
 -0.784000000000000       0.190544311812575     
 -0.780000000000000       0.192307692307692     
 -0.776000000000000       0.194094742122740     
 -0.772000000000000       0.195905868737040     
 -0.768000000000000       0.197741487989486     
 -0.764000000000000       0.199602024271606     
 -0.760000000000000       0.201487910725357     
 -0.756000000000000       0.203399589445752     
 -0.752000000000000       0.205337511688443     
 -0.748000000000000       0.207302138082360     
 -0.744000000000000       0.209293938847531     
 -0.740000000000000       0.211313394018206     
 -0.736000000000000       0.213360993671385     
 -0.732000000000000       0.215437238160895     
 -0.728000000000000       0.217542638357118     
 -0.724000000000000       0.219677715892500     
 -0.720000000000000       0.221843003412969     
 -0.716000000000000       0.224039044835383     
 -0.712000000000000       0.226266395611128     
 -0.708000000000000       0.228525622996006     
 -0.704000000000000       0.230817306326525     
 -0.700000000000000       0.233142037302726     
 -0.696000000000000       0.235500420277673     
 -0.692000000000000       0.237893072553727     
 -0.688000000000000       0.240320624685735     
 -0.684000000000000       0.242783720791251     
 -0.680000000000000       0.245283018867925     
 -0.676000000000000       0.247819191118160     
 -0.672000000000000       0.250392924281180     
 -0.668000000000000       0.253004919972598     
 -0.664000000000000       0.255655895031623     
 -0.660000000000000       0.258346581875994     
 -0.656000000000000       0.261077728864754     
 -0.652000000000000       0.263850100668961     
 -0.648000000000000       0.266664478650432     
 -0.644000000000000       0.269521661248590     
 -0.640000000000000       0.272422464375524     
 -0.636000000000000       0.275367721819291     
 -0.632000000000000       0.278358285655555     
 -0.628000000000000       0.281395026667590     
 -0.624000000000000       0.284478834774693     
 -0.620000000000000       0.287610619469027     
 -0.616000000000000       0.290791310260907     
 -0.612000000000000       0.294021857132518     
 -0.608000000000000       0.297303231000037     
 -0.604000000000000       0.300636424184119     
 -0.600000000000000       0.304022450888681     
 -0.596000000000000       0.307462347687883     
 -0.592000000000000       0.310957174021202     
 -0.588000000000000       0.314508012696446     
 -0.584000000000000       0.318115970400532     
 -0.580000000000000       0.321782178217822     
 -0.576000000000000       0.325507792155763     
 -0.572000000000000       0.329293993677555     
 -0.568000000000000       0.333141990241502     
 -0.564000000000000       0.337053015846677     
 -0.560000000000000       0.341028331584470     
 -0.556000000000000       0.345069226195532     
 -0.552000000000000       0.349177016631570     
 -0.548000000000000       0.353353048621379     
 -0.544000000000000       0.357598697240438     
 -0.540000000000000       0.361915367483296     
 -0.536000000000000       0.366304494837924     
 -0.532000000000000       0.370767545861093     
 -0.528000000000000       0.375306018753753     
 -0.524000000000000       0.379921443935285     
 -0.520000000000000       0.384615384615385     
 -0.516000000000000       0.389389437362216     
 -0.512000000000000       0.394245232665340     
 -0.508000000000000       0.399184435491795     
 -0.504000000000000       0.404208745833541     
 -0.500000000000000       0.409319899244332     
 -0.496000000000000       0.414519667363910     
 -0.492000000000000       0.419809858427198     
 -0.488000000000000       0.425192317756031     
 -0.484000000000000       0.430668928230679     
 -0.480000000000000       0.436241610738255     
 -0.476000000000000       0.441912324594800     
 -0.472000000000000       0.447683067937627     
 -0.468000000000000       0.453555878084180     
 -0.464000000000000       0.459532831853402     
 -0.460000000000000       0.465616045845272     
 -0.456000000000000       0.471807676673828     
 -0.452000000000000       0.478109921148641     
 -0.448000000000000       0.484525016399308     
 -0.444000000000000       0.491055239937145     
 -0.440000000000000       0.497702909647779     
 -0.436000000000000       0.504470383707935     
 -0.432000000000000       0.511360060419158     
 -0.428000000000000       0.518374377950746     
 -0.424000000000000       0.525515813983571     
 -0.420000000000000       0.532786885245901     
 -0.416000000000000       0.540190146931720     
 -0.412000000000000       0.547728191991371     
 -0.408000000000000       0.555403650283683     
 -0.404000000000000       0.563219187577984     
 -0.400000000000000       0.571177504393673     
 -0.396000000000000       0.579281334664195     
 -0.392000000000000       0.587533444211440     
 -0.388000000000000       0.595936629015696     
 -0.384000000000000       0.604493713265382     
 -0.380000000000000       0.613207547169811     
 -0.376000000000000       0.622081004517265     
 -0.372000000000000       0.631116979959608     
 -0.368000000000000       0.640318386003625     
 -0.364000000000000       0.649688149688150     
 -0.360000000000000       0.659229208924949     
 -0.356000000000000       0.668944508480158     
 -0.352000000000000       0.678836995571894     
 -0.348000000000000       0.688909615058504     
 -0.344000000000000       0.699165304190689     
 -0.340000000000000       0.709606986899563     
 -0.336000000000000       0.720237567591526     
 -0.332000000000000       0.731059924419651     
 -0.328000000000000       0.742076902000183     
 -0.324000000000000       0.753291303541628     
 -0.320000000000000       0.764705882352941     
 -0.316000000000000       0.776323332696350     
 -0.312000000000000       0.788146279949558     
 -0.308000000000000       0.800177270041363     
 -0.304000000000000       0.812418758124187     
 -0.300000000000000       0.824873096446700     
 -0.296000000000000       0.837542521389547     
 -0.292000000000000       0.850429139627381     
 -0.288000000000000       0.863534913380805     
 -0.284000000000000       0.876861644722642     
 -0.280000000000000       0.890410958904109     
 -0.276000000000000       0.904184286668150     
 -0.272000000000000       0.918182845519267     
 -0.268000000000000       0.932407619921964     
 -0.264000000000000       0.946859340403216     
 -0.260000000000000       0.961538461538461     
 -0.256000000000000       0.976445138805432     
 -0.252000000000000       0.991579204295826     
 -0.248000000000000        1.00694014128145     
 -0.244000000000000        1.02252705763906     
 -0.240000000000000        1.03833865814696     
 -0.236000000000000        1.05437321567610     
 -0.232000000000000        1.07062854130979     
 -0.228000000000000        1.08710195343859     
 -0.224000000000000        1.10379024589050     
 -0.220000000000000        1.12068965517241     
 -0.216000000000000        1.13779582691500     
 -0.212000000000000        1.15510378163207     
 -0.208000000000000        1.17260787992495     
 -0.204000000000000        1.19030178728391     
 -0.200000000000000        1.20817843866171     
 -0.196000000000000        1.22623000301841     
 -0.192000000000000        1.24444784806249     
 -0.188000000000000        1.26282250543985     
 -0.184000000000000        1.28134363665037     
 -0.180000000000000        1.30000000000000     
 -0.176000000000000        1.31877941892550     
 -0.172000000000000        1.33766875205795     
 -0.168000000000000        1.35665386541994     
 -0.164000000000000        1.37571960717914     
 -0.160000000000000        1.39484978540773     
 -0.156000000000000        1.41402714932127     
 -0.152000000000000        1.43323337449286     
 -0.148000000000000        1.45244905255631     
 -0.144000000000000        1.47165368592646     
 -0.140000000000000        1.49082568807339     
 -0.136000000000000        1.50994238989035     
 -0.132000000000000        1.52898005269100     
 -0.128000000000000        1.54791388835969     
 -0.124000000000000        1.56671808715773     
 -0.120000000000000        1.58536585365854     
 -0.116000000000000        1.60382945124358     
 -0.112000000000000        1.62208025554003     
 -0.108000000000000        1.64008881711748     
 -0.104000000000000        1.65782493368700     
 -0.100000000000000        1.67525773195876     
 -9.599999999999997E-002   1.69235575921683     
 -9.199999999999997E-002   1.70908708456037     
 -8.799999999999997E-002   1.72541940964111     
 -8.399999999999996E-002   1.74132018859837     
 -7.999999999999996E-002   1.75675675675676     
 -7.599999999999996E-002   1.77169646750981     
 -7.199999999999995E-002   1.78610683666740     
 -6.799999999999995E-002   1.79995569339832     
 -6.399999999999995E-002   1.81321133675519     
 -6.000000000000005E-002   1.82584269662921     
 -5.600000000000005E-002   1.83781949785116     
 -5.200000000000005E-002   1.84911242603550     
 -4.800000000000004E-002   1.85969329365988     
 -4.400000000000004E-002   1.86953520478601     
 -4.000000000000004E-002   1.87861271676301     
 -3.600000000000003E-002   1.88690199721319     
 -3.200000000000003E-002   1.89438097458615     
 -2.800000000000002E-002   1.90102948058025     
 -2.400000000000002E-002   1.90682938277400     
 -2.000000000000002E-002   1.91176470588235     
 -1.600000000000001E-002   1.91582174015562     
 -1.200000000000001E-002   1.91898913556920     
 -8.000000000000007E-003   1.92125798061007     
 -4.000000000000004E-003   1.92262186464742     
  0.000000000000000E+000   1.92307692307692     
  4.000000000000004E-003   1.92262186464742     
  8.000000000000007E-003   1.92125798061007     
  1.200000000000001E-002   1.91898913556920     
  1.600000000000001E-002   1.91582174015562     
  2.000000000000002E-002   1.91176470588235     
  2.400000000000002E-002   1.90682938277400     
  2.800000000000002E-002   1.90102948058025     
  3.200000000000003E-002   1.89438097458615     
  3.600000000000003E-002   1.88690199721319     
  4.000000000000004E-002   1.87861271676301     
  4.400000000000004E-002   1.86953520478601     
  4.800000000000004E-002   1.85969329365988     
  5.200000000000005E-002   1.84911242603550     
  5.600000000000005E-002   1.83781949785116     
  6.000000000000005E-002   1.82584269662921     
  6.400000000000006E-002   1.81321133675519     
  6.800000000000006E-002   1.79995569339832     
  7.200000000000006E-002   1.78610683666740     
  7.600000000000007E-002   1.77169646750981     
  8.000000000000007E-002   1.75675675675676     
  8.400000000000007E-002   1.74132018859837     
  8.800000000000008E-002   1.72541940964111     
  9.200000000000008E-002   1.70908708456037     
  9.600000000000009E-002   1.69235575921683     
  0.100000000000000        1.67525773195876     
  0.104000000000000        1.65782493368700     
  0.108000000000000        1.64008881711748     
  0.112000000000000        1.62208025554003     
  0.116000000000000        1.60382945124358     
  0.120000000000000        1.58536585365854     
  0.124000000000000        1.56671808715773     
  0.128000000000000        1.54791388835969     
  0.132000000000000        1.52898005269101     
  0.136000000000000        1.50994238989036     
  0.140000000000000        1.49082568807339     
  0.144000000000000        1.47165368592646     
  0.148000000000000        1.45244905255631     
  0.152000000000000        1.43323337449286     
  0.156000000000000        1.41402714932127     
  0.160000000000000        1.39484978540773     
  0.164000000000000        1.37571960717914     
  0.168000000000000        1.35665386541994     
  0.172000000000000        1.33766875205795     
  0.176000000000000        1.31877941892550     
  0.180000000000000        1.30000000000000     
  0.184000000000000        1.28134363665037     
  0.188000000000000        1.26282250543985     
  0.192000000000000        1.24444784806249     
  0.196000000000000        1.22623000301841     
  0.200000000000000        1.20817843866171     
  0.204000000000000        1.19030178728391     
  0.208000000000000        1.17260787992495     
  0.212000000000000        1.15510378163207     
  0.216000000000000        1.13779582691500     
  0.220000000000000        1.12068965517241     
  0.224000000000000        1.10379024589050     
  0.228000000000000        1.08710195343859     
  0.232000000000000        1.07062854130979     
  0.236000000000000        1.05437321567610     
  0.240000000000000        1.03833865814696     
  0.244000000000000        1.02252705763906     
  0.248000000000000        1.00694014128145     
  0.252000000000000       0.991579204295826     
  0.256000000000000       0.976445138805432     
  0.260000000000000       0.961538461538462     
  0.264000000000000       0.946859340403217     
  0.268000000000000       0.932407619921965     
  0.272000000000000       0.918182845519268     
  0.276000000000000       0.904184286668151     
  0.280000000000000       0.890410958904110     
  0.284000000000000       0.876861644722642     
  0.288000000000000       0.863534913380806     
  0.292000000000000       0.850429139627381     
  0.296000000000000       0.837542521389548     
  0.300000000000000       0.824873096446701     
  0.304000000000000       0.812418758124188     
  0.308000000000000       0.800177270041363     
  0.312000000000000       0.788146279949559     
  0.316000000000000       0.776323332696350     
  0.320000000000000       0.764705882352941     
  0.324000000000000       0.753291303541628     
  0.328000000000000       0.742076902000183     
  0.332000000000000       0.731059924419651     
  0.336000000000000       0.720237567591526     
  0.340000000000000       0.709606986899563     
  0.344000000000000       0.699165304190689     
  0.348000000000000       0.688909615058504     
  0.352000000000000       0.678836995571894     
  0.356000000000000       0.668944508480158     
  0.360000000000000       0.659229208924949     
  0.364000000000000       0.649688149688150     
  0.368000000000000       0.640318386003625     
  0.372000000000000       0.631116979959608     
  0.376000000000000       0.622081004517266     
  0.380000000000000       0.613207547169812     
  0.384000000000000       0.604493713265382     
  0.388000000000000       0.595936629015696     
  0.392000000000000       0.587533444211440     
  0.396000000000000       0.579281334664195     
  0.400000000000000       0.571177504393673     
  0.404000000000000       0.563219187577985     
  0.408000000000000       0.555403650283683     
  0.412000000000000       0.547728191991371     
  0.416000000000000       0.540190146931720     
  0.420000000000000       0.532786885245902     
  0.424000000000000       0.525515813983572     
  0.428000000000000       0.518374377950747     
  0.432000000000000       0.511360060419158     
  0.436000000000000       0.504470383707935     
  0.440000000000000       0.497702909647780     
  0.444000000000000       0.491055239937145     
  0.448000000000000       0.484525016399308     
  0.452000000000000       0.478109921148641     
  0.456000000000000       0.471807676673829     
  0.460000000000000       0.465616045845272     
  0.464000000000000       0.459532831853402     
  0.468000000000000       0.453555878084180     
  0.472000000000000       0.447683067937628     
  0.476000000000000       0.441912324594801     
  0.480000000000000       0.436241610738255     
  0.484000000000000       0.430668928230680     
  0.488000000000000       0.425192317756031     
  0.492000000000000       0.419809858427199     
  0.496000000000000       0.414519667363910     
  0.500000000000000       0.409319899244333     
  0.504000000000000       0.404208745833541     
  0.508000000000000       0.399184435491795     
  0.512000000000000       0.394245232665340     
  0.516000000000000       0.389389437362216     
  0.520000000000000       0.384615384615385     
  0.524000000000000       0.379921443935285     
  0.528000000000000       0.375306018753753     
  0.532000000000000       0.370767545861093     
  0.536000000000000       0.366304494837924     
  0.540000000000000       0.361915367483296     
  0.544000000000000       0.357598697240438     
  0.548000000000000       0.353353048621379     
  0.552000000000000       0.349177016631570     
  0.556000000000000       0.345069226195532     
  0.560000000000000       0.341028331584470     
  0.564000000000000       0.337053015846677     
  0.568000000000000       0.333141990241502     
  0.572000000000000       0.329293993677555     
  0.576000000000000       0.325507792155763     
  0.580000000000000       0.321782178217822     
  0.584000000000000       0.318115970400532     
  0.588000000000000       0.314508012696446     
  0.592000000000000       0.310957174021202     
  0.596000000000000       0.307462347687883     
  0.600000000000000       0.304022450888681     
  0.604000000000000       0.300636424184119     
  0.608000000000000       0.297303231000037     
  0.612000000000000       0.294021857132518     
  0.616000000000000       0.290791310260907     
  0.620000000000000       0.287610619469026     
  0.624000000000000       0.284478834774693     
  0.628000000000000       0.281395026667590     
  0.632000000000000       0.278358285655555     
  0.636000000000000       0.275367721819291     
  0.640000000000000       0.272422464375524     
  0.644000000000000       0.269521661248590     
  0.648000000000000       0.266664478650432     
  0.652000000000000       0.263850100668962     
  0.656000000000000       0.261077728864754     
  0.660000000000000       0.258346581875994     
  0.664000000000000       0.255655895031623     
  0.668000000000000       0.253004919972598     
  0.672000000000000       0.250392924281180     
  0.676000000000000       0.247819191118160     
  0.680000000000000       0.245283018867925     
  0.684000000000000       0.242783720791251     
  0.688000000000000       0.240320624685735     
  0.692000000000000       0.237893072553727     
  0.696000000000000       0.235500420277673     
  0.700000000000000       0.233142037302726     
  0.704000000000000       0.230817306326525     
  0.708000000000000       0.228525622996006     
  0.712000000000000       0.226266395611128     
  0.716000000000000       0.224039044835383     
  0.720000000000000       0.221843003412969     
  0.724000000000000       0.219677715892500     
  0.728000000000000       0.217542638357118     
  0.732000000000000       0.215437238160895     
  0.736000000000000       0.213360993671385     
  0.740000000000000       0.211313394018205     
  0.744000000000000       0.209293938847531     
  0.748000000000000       0.207302138082360     
  0.752000000000000       0.205337511688443     
  0.756000000000000       0.203399589445752     
  0.760000000000000       0.201487910725356     
  0.764000000000000       0.199602024271606     
  0.768000000000000       0.197741487989486     
  0.772000000000000       0.195905868737040     
  0.776000000000000       0.194094742122739     
  0.780000000000000       0.192307692307692     
  0.784000000000000       0.190544311812575     
  0.788000000000000       0.188804201329182     
  0.792000000000000       0.187086969536485     
  0.796000000000000       0.185392232921097     
  0.800000000000000       0.183719615602035     
  0.804000000000000       0.182068749159683     
  0.808000000000000       0.180439272468853     
  0.812000000000000       0.178830831535854     
  0.816000000000000       0.177243079339456     
  0.820000000000000       0.175675675675676     
  0.824000000000000       0.174128287006279     
  0.828000000000000       0.172600586310915     
  0.832000000000000       0.171092252942787     
  0.836000000000000       0.169602972487789     
  0.840000000000000       0.168132436627005     
  0.844000000000000       0.166680343002503     
  0.848000000000000       0.165246395086335     
  0.852000000000000       0.163830302052668     
  0.856000000000000       0.162431778652966     
  0.860000000000000       0.161050545094153     
  0.864000000000000       0.159686326919675     
  0.868000000000000       0.158338854893401     
  0.872000000000000       0.157007864886278     
  0.876000000000000       0.155693097765684     
  0.880000000000000       0.154394299287411     
  0.884000000000000       0.153111219990201     
  0.888000000000000       0.151843615092788     
  0.892000000000000       0.150591244393372     
  0.896000000000000       0.149353872171467     
  0.900000000000000       0.148131267092069     
  0.904000000000000       0.146923202112078     
  0.908000000000000       0.145729454388923     
  0.912000000000000       0.144549805191339     
  0.916000000000000       0.143384039812233     
  0.920000000000000       0.142231947483589     
  0.924000000000000       0.141093321293370     
  0.928000000000000       0.139967958104360     
  0.932000000000000       0.138855658474895     
  0.936000000000000       0.137756226581441     
  0.940000000000000       0.136669470142977     
  0.944000000000000       0.135595200347124     
  0.948000000000000       0.134533231777991     
  0.952000000000000       0.133483382345693     
  0.956000000000000       0.132445473217488     
  0.960000000000000       0.131419328750505     
  0.964000000000000       0.130404776426026     
  0.968000000000000       0.129401646785265     
  0.972000000000000       0.128409773366628     
  0.976000000000000       0.127428992644406     
  0.980000000000000       0.126459143968872     
  0.984000000000000       0.125500069507731     
  0.988000000000000       0.124551614188920     
  0.992000000000000       0.123613625644693     
  0.996000000000000       0.122685954156978     
