  -1.00000000000000       0.123805741783270     
 -0.996000000000000       0.124736288657659     
 -0.992000000000000       0.125677115098422     
 -0.988000000000000       0.126628369150845     
 -0.984000000000000       0.127590201457706     
 -0.980000000000000       0.128562765312311     
 -0.976000000000000       0.129546216712733     
 -0.972000000000000       0.130540714417311     
 -0.968000000000000       0.131546420001410     
 -0.964000000000000       0.132563497915502     
 -0.960000000000000       0.133592115544577     
 -0.956000000000000       0.134632443268937     
 -0.952000000000000       0.135684654526389     
 -0.948000000000000       0.136748925875890     
 -0.944000000000000       0.137825437062664     
 -0.940000000000000       0.138914371084843     
 -0.936000000000000       0.140015914261651     
 -0.932000000000000       0.141130256303197     
 -0.928000000000000       0.142257590381884     
 -0.924000000000000       0.143398113205505     
 -0.920000000000000       0.144552025092050     
 -0.916000000000000       0.145719530046267     
 -0.912000000000000       0.146900835838039     
 -0.908000000000000       0.148096154082592     
 -0.904000000000000       0.149305700322613     
 -0.900000000000000       0.150529694112301     
 -0.896000000000000       0.151768359103410     
 -0.892000000000000       0.153021923133335     
 -0.888000000000000       0.154290618315286     
 -0.884000000000000       0.155574681130611     
 -0.880000000000000       0.156874352523309     
 -0.876000000000000       0.158189877996803     
 -0.872000000000000       0.159521507713015     
 -0.868000000000000       0.160869496593816     
 -0.864000000000000       0.162234104424889     
 -0.860000000000000       0.163615595962091     
 -0.856000000000000       0.165014241040349     
 -0.852000000000000       0.166430314685183     
 -0.848000000000000       0.167864097226885     
 -0.844000000000000       0.169315874417458     
 -0.840000000000000       0.170785937550350     
 -0.836000000000000       0.172274583583077     
 -0.832000000000000       0.173782115262791     
 -0.828000000000000       0.175308841254867     
 -0.824000000000000       0.176855076274591     
 -0.820000000000000       0.178421141222016     
 -0.816000000000000       0.180007363320069     
 -0.812000000000000       0.181614076255981     
 -0.808000000000000       0.183241620326129     
 -0.804000000000000       0.184890342584362     
 -0.800000000000000       0.186560596993910     
 -0.796000000000000       0.188252744582939     
 -0.792000000000000       0.189967153603856     
 -0.788000000000000       0.191704199696456     
 -0.784000000000000       0.193464266054979     
 -0.780000000000000       0.195247743599190     
 -0.776000000000000       0.197055031149567     
 -0.772000000000000       0.198886535606694     
 -0.768000000000000       0.200742672134948     
 -0.764000000000000       0.202623864350587     
 -0.760000000000000       0.204530544514336     
 -0.756000000000000       0.206463153728569     
 -0.752000000000000       0.208422142139182     
 -0.748000000000000       0.210407969142282     
 -0.744000000000000       0.212421103595768     
 -0.740000000000000       0.214462024035933     
 -0.736000000000000       0.216531218899172     
 -0.732000000000000       0.218629186748926     
 -0.728000000000000       0.220756436507950     
 -0.724000000000000       0.222913487696017     
 -0.720000000000000       0.225100870673179     
 -0.716000000000000       0.227319126888679     
 -0.712000000000000       0.229568809135626     
 -0.708000000000000       0.231850481811548     
 -0.704000000000000       0.234164721184927     
 -0.700000000000000       0.236512115667812     
 -0.696000000000000       0.238893266094645     
 -0.692000000000000       0.241308786007369     
 -0.688000000000000       0.243759301946947     
 -0.684000000000000       0.246245453751387     
 -0.680000000000000       0.248767894860361     
 -0.676000000000000       0.251327292626531     
 -0.672000000000000       0.253924328633657     
 -0.668000000000000       0.256559699021588     
 -0.664000000000000       0.259234114818213     
 -0.660000000000000       0.261948302278456     
 -0.656000000000000       0.264703003230375     
 -0.652000000000000       0.267498975428453     
 -0.648000000000000       0.270336992914110     
 -0.644000000000000       0.273217846383524     
 -0.640000000000000       0.276142343562757     
 -0.636000000000000       0.279111309590265     
 -0.632000000000000       0.282125587406765     
 -0.628000000000000       0.285186038152511     
 -0.624000000000000       0.288293541571929     
 -0.620000000000000       0.291448996425626     
 -0.616000000000000       0.294653320909712     
 -0.612000000000000       0.297907453082387     
 -0.608000000000000       0.301212351297714     
 -0.604000000000000       0.304568994646482     
 -0.600000000000000       0.307978383404033     
 -0.596000000000000       0.311441539484911     
 -0.592000000000000       0.314959506904150     
 -0.588000000000000       0.318533352244999     
 -0.584000000000000       0.322164165132841     
 -0.580000000000000       0.325853058715032     
 -0.576000000000000       0.329601170146343     
 -0.572000000000000       0.333409661079643     
 -0.568000000000000       0.337279718161431     
 -0.564000000000000       0.341212553531743     
 -0.560000000000000       0.345209405327949     
 -0.556000000000000       0.349271538191854     
 -0.552000000000000       0.353400243779489     
 -0.548000000000000       0.357596841272883     
 -0.544000000000000       0.361862677893058     
 -0.540000000000000       0.366199129413390     
 -0.536000000000000       0.370607600672408     
 -0.532000000000000       0.375089526085000     
 -0.528000000000000       0.379646370150913     
 -0.524000000000000       0.384279627959316     
 -0.520000000000000       0.388990825688073     
 -0.516000000000000       0.393781521096288     
 -0.512000000000000       0.398653304008497     
 -0.508000000000000       0.403607796788805     
 -0.504000000000000       0.408646654803063     
 -0.500000000000000       0.413771566867047     
 -0.496000000000000       0.418984255678422     
 -0.492000000000000       0.424286478230101     
 -0.488000000000000       0.429680026202374     
 -0.484000000000000       0.435166726331035     
 -0.480000000000000       0.440748440748441     
 -0.476000000000000       0.446427067294248     
 -0.472000000000000       0.452204539792293     
 -0.468000000000000       0.458082828289813     
 -0.464000000000000       0.464063939254906     
 -0.460000000000000       0.470149915727845     
 -0.456000000000000       0.476342837421493     
 -0.452000000000000       0.482644820765748     
 -0.448000000000000       0.489058018890558     
 -0.444000000000000       0.495584621541661     
 -0.440000000000000       0.502226854922771     
 -0.436000000000000       0.508986981457508     
 -0.432000000000000       0.515867299463887     
 -0.428000000000000       0.522870142733683     
 -0.424000000000000       0.529997880008480     
 -0.420000000000000       0.537252914343639     
 -0.416000000000000       0.544637682350862     
 -0.412000000000000       0.552154653309386     
 -0.408000000000000       0.559806328135232     
 -0.404000000000000       0.567595238197232     
 -0.400000000000000       0.575523943967857     
 -0.396000000000000       0.583595033496152     
 -0.392000000000000       0.591811120689270     
 -0.388000000000000       0.600174843388338     
 -0.384000000000000       0.608688861223533     
 -0.380000000000000       0.617355853232382     
 -0.376000000000000       0.626178515224408     
 -0.372000000000000       0.635159556874344     
 -0.368000000000000       0.644301698525157     
 -0.364000000000000       0.653607667681197     
 -0.360000000000000       0.663080195170774     
 -0.356000000000000       0.672722010956484     
 -0.352000000000000       0.682535839570595     
 -0.348000000000000       0.692524395151807     
 -0.344000000000000       0.702690376058676     
 -0.340000000000000       0.713036459034037     
 -0.336000000000000       0.723565292893770     
 -0.332000000000000       0.734279491712340     
 -0.328000000000000       0.745181627476674     
 -0.324000000000000       0.756274222179097     
 -0.320000000000000       0.767559739319334     
 -0.316000000000000       0.779040574784955     
 -0.312000000000000       0.790719047079113     
 -0.308000000000000       0.802597386864055     
 -0.304000000000000       0.814677725788700     
 -0.300000000000000       0.826962084568575     
 -0.296000000000000       0.839452360286617     
 -0.292000000000000       0.852150312883869     
 -0.288000000000000       0.865057550809889     
 -0.284000000000000       0.878175515803845     
 -0.280000000000000       0.891505466778805     
 -0.276000000000000       0.905048462783724     
 -0.272000000000000       0.918805345020075     
 -0.268000000000000       0.932776717893121     
 -0.264000000000000       0.946962929081410     
 -0.260000000000000       0.961364048612371     
 -0.256000000000000       0.975979846936896     
 -0.252000000000000       0.990809772001585     
 -0.248000000000000        1.00585292532396     
 -0.244000000000000        1.02110803708356     
 -0.240000000000000        1.03657344025034     
 -0.236000000000000        1.05224704378142     
 -0.232000000000000        1.06812630492789     
 -0.228000000000000        1.08420820070535     
 -0.224000000000000        1.10048919859470     
 -0.220000000000000        1.11696522655427     
 -0.216000000000000        1.13363164243975     
 -0.212000000000000        1.15048320294524     
 -0.208000000000000        1.16751403219695     
 -0.204000000000000        1.18471759015030     
 -0.200000000000000        1.20208664096167     
 -0.196000000000000        1.21961322152778     
 -0.192000000000000        1.23728861040817     
 -0.188000000000000        1.25510329736949     
 -0.184000000000000        1.27304695381482     
 -0.180000000000000        1.29110840438490     
 -0.176000000000000        1.30927560004348     
 -0.172000000000000        1.32753559298260     
 -0.168000000000000        1.34587451370760     
 -0.164000000000000        1.36427755068420     
 -0.160000000000000        1.38272893295069     
 -0.156000000000000        1.40121191611764     
 -0.152000000000000        1.41970877219299     
 -0.148000000000000        1.43820078368375     
 -0.144000000000000        1.45666824243357     
 -0.140000000000000        1.47509045365989     
 -0.136000000000000        1.49344574565210     
 -0.132000000000000        1.51171148558455     
 -0.128000000000000        1.52986410188318     
 -0.124000000000000        1.54787911356176     
 -0.120000000000000        1.56573116691285     
 -0.116000000000000        1.58339407989866     
 -0.112000000000000        1.60084089453781     
 -0.108000000000000        1.61804393752519     
 -0.104000000000000        1.63497488925359     
 -0.100000000000000        1.65160486132752     
 -9.599999999999997E-002   1.66790448257197     
 -9.199999999999997E-002   1.68384399344254     
 -8.799999999999997E-002   1.69939334863856     
 -8.399999999999996E-002   1.71452232760963     
 -7.999999999999996E-002   1.72920065252855     
 -7.599999999999996E-002   1.74339811318272     
 -7.199999999999995E-002   1.75708469811296     
 -6.799999999999995E-002   1.77023073120549     
 -6.399999999999995E-002   1.78280701282276     
 -6.000000000000005E-002   1.79478496444294     
 -5.600000000000005E-002   1.80613677567100     
 -5.200000000000005E-002   1.81683555238657     
 -4.800000000000004E-002   1.82685546471067     
 -4.400000000000004E-002   1.83617189340502     
 -4.000000000000004E-002   1.84476157326836     
 -3.600000000000003E-002   1.85260273206471     
 -3.200000000000003E-002   1.85967522351191     
 -2.800000000000002E-002   1.86596065287499     
 -2.400000000000002E-002   1.87144249375009     
 -2.000000000000002E-002   1.87610619469027     
 -1.600000000000001E-002   1.87993927441438     
 -1.200000000000001E-002   1.88293140445367     
 -8.000000000000007E-003   1.88507447822561     
 -4.000000000000004E-003   1.88636266567959     
  0.000000000000000E+000   1.88679245283019     
  4.000000000000004E-003   1.88636266567959     
  8.000000000000007E-003   1.88507447822561     
  1.200000000000001E-002   1.88293140445367     
  1.600000000000001E-002   1.87993927441438     
  2.000000000000002E-002   1.87610619469027     
  2.400000000000002E-002   1.87144249375009     
  2.800000000000002E-002   1.86596065287499     
  3.200000000000003E-002   1.85967522351191     
  3.600000000000003E-002   1.85260273206471     
  4.000000000000004E-002   1.84476157326836     
  4.400000000000004E-002   1.83617189340502     
  4.800000000000004E-002   1.82685546471067     
  5.200000000000005E-002   1.81683555238657     
  5.600000000000005E-002   1.80613677567100     
  6.000000000000005E-002   1.79478496444294     
  6.400000000000006E-002   1.78280701282276     
  6.800000000000006E-002   1.77023073120549     
  7.200000000000006E-002   1.75708469811296     
  7.600000000000007E-002   1.74339811318272     
  8.000000000000007E-002   1.72920065252855     
  8.400000000000007E-002   1.71452232760963     
  8.800000000000008E-002   1.69939334863856     
  9.200000000000008E-002   1.68384399344254     
  9.600000000000009E-002   1.66790448257197     
  0.100000000000000        1.65160486132752     
  0.104000000000000        1.63497488925359     
  0.108000000000000        1.61804393752519     
  0.112000000000000        1.60084089453781     
  0.116000000000000        1.58339407989866     
  0.120000000000000        1.56573116691285     
  0.124000000000000        1.54787911356176     
  0.128000000000000        1.52986410188318     
  0.132000000000000        1.51171148558455     
  0.136000000000000        1.49344574565210     
  0.140000000000000        1.47509045365989     
  0.144000000000000        1.45666824243357     
  0.148000000000000        1.43820078368375     
  0.152000000000000        1.41970877219300     
  0.156000000000000        1.40121191611764     
  0.160000000000000        1.38272893295069     
  0.164000000000000        1.36427755068420     
  0.168000000000000        1.34587451370761     
  0.172000000000000        1.32753559298260     
  0.176000000000000        1.30927560004348     
  0.180000000000000        1.29110840438490     
  0.184000000000000        1.27304695381482     
  0.188000000000000        1.25510329736949     
  0.192000000000000        1.23728861040817     
  0.196000000000000        1.21961322152778     
  0.200000000000000        1.20208664096167     
  0.204000000000000        1.18471759015030     
  0.208000000000000        1.16751403219695     
  0.212000000000000        1.15048320294524     
  0.216000000000000        1.13363164243975     
  0.220000000000000        1.11696522655427     
  0.224000000000000        1.10048919859470     
  0.228000000000000        1.08420820070535     
  0.232000000000000        1.06812630492789     
  0.236000000000000        1.05224704378142     
  0.240000000000000        1.03657344025034     
  0.244000000000000        1.02110803708356     
  0.248000000000000        1.00585292532396     
  0.252000000000000       0.990809772001585     
  0.256000000000000       0.975979846936897     
  0.260000000000000       0.961364048612371     
  0.264000000000000       0.946962929081410     
  0.268000000000000       0.932776717893122     
  0.272000000000000       0.918805345020075     
  0.276000000000000       0.905048462783724     
  0.280000000000000       0.891505466778806     
  0.284000000000000       0.878175515803845     
  0.288000000000000       0.865057550809890     
  0.292000000000000       0.852150312883870     
  0.296000000000000       0.839452360286618     
  0.300000000000000       0.826962084568575     
  0.304000000000000       0.814677725788700     
  0.308000000000000       0.802597386864055     
  0.312000000000000       0.790719047079114     
  0.316000000000000       0.779040574784955     
  0.320000000000000       0.767559739319334     
  0.324000000000000       0.756274222179097     
  0.328000000000000       0.745181627476674     
  0.332000000000000       0.734279491712340     
  0.336000000000000       0.723565292893770     
  0.340000000000000       0.713036459034037     
  0.344000000000000       0.702690376058676     
  0.348000000000000       0.692524395151807     
  0.352000000000000       0.682535839570595     
  0.356000000000000       0.672722010956484     
  0.360000000000000       0.663080195170774     
  0.364000000000000       0.653607667681197     
  0.368000000000000       0.644301698525157     
  0.372000000000000       0.635159556874344     
  0.376000000000000       0.626178515224409     
  0.380000000000000       0.617355853232382     
  0.384000000000000       0.608688861223534     
  0.388000000000000       0.600174843388338     
  0.392000000000000       0.591811120689270     
  0.396000000000000       0.583595033496153     
  0.400000000000000       0.575523943967858     
  0.404000000000000       0.567595238197232     
  0.408000000000000       0.559806328135233     
  0.412000000000000       0.552154653309386     
  0.416000000000000       0.544637682350862     
  0.420000000000000       0.537252914343639     
  0.424000000000000       0.529997880008480     
  0.428000000000000       0.522870142733684     
  0.432000000000000       0.515867299463888     
  0.436000000000000       0.508986981457508     
  0.440000000000000       0.502226854922771     
  0.444000000000000       0.495584621541661     
  0.448000000000000       0.489058018890558     
  0.452000000000000       0.482644820765748     
  0.456000000000000       0.476342837421493     
  0.460000000000000       0.470149915727845     
  0.464000000000000       0.464063939254906     
  0.468000000000000       0.458082828289813     
  0.472000000000000       0.452204539792293     
  0.476000000000000       0.446427067294248     
  0.480000000000000       0.440748440748441     
  0.484000000000000       0.435166726331036     
  0.488000000000000       0.429680026202375     
  0.492000000000000       0.424286478230101     
  0.496000000000000       0.418984255678423     
  0.500000000000000       0.413771566867047     
  0.504000000000000       0.408646654803063     
  0.508000000000000       0.403607796788805     
  0.512000000000000       0.398653304008497     
  0.516000000000000       0.393781521096288     
  0.520000000000000       0.388990825688073     
  0.524000000000000       0.384279627959316     
  0.528000000000000       0.379646370150913     
  0.532000000000000       0.375089526085000     
  0.536000000000000       0.370607600672408     
  0.540000000000000       0.366199129413390     
  0.544000000000000       0.361862677893058     
  0.548000000000000       0.357596841272883     
  0.552000000000000       0.353400243779489     
  0.556000000000000       0.349271538191854     
  0.560000000000000       0.345209405327949     
  0.564000000000000       0.341212553531743     
  0.568000000000000       0.337279718161431     
  0.572000000000000       0.333409661079643     
  0.576000000000000       0.329601170146343     
  0.580000000000000       0.325853058715032     
  0.584000000000000       0.322164165132841     
  0.588000000000000       0.318533352244999     
  0.592000000000000       0.314959506904150     
  0.596000000000000       0.311441539484911     
  0.600000000000000       0.307978383404033     
  0.604000000000000       0.304568994646482     
  0.608000000000000       0.301212351297714     
  0.612000000000000       0.297907453082387     
  0.616000000000000       0.294653320909711     
  0.620000000000000       0.291448996425625     
  0.624000000000000       0.288293541571929     
  0.628000000000000       0.285186038152511     
  0.632000000000000       0.282125587406766     
  0.636000000000000       0.279111309590265     
  0.640000000000000       0.276142343562757     
  0.644000000000000       0.273217846383524     
  0.648000000000000       0.270336992914110     
  0.652000000000000       0.267498975428453     
  0.656000000000000       0.264703003230376     
  0.660000000000000       0.261948302278456     
  0.664000000000000       0.259234114818213     
  0.668000000000000       0.256559699021588     
  0.672000000000000       0.253924328633657     
  0.676000000000000       0.251327292626531     
  0.680000000000000       0.248767894860361     
  0.684000000000000       0.246245453751387     
  0.688000000000000       0.243759301946947     
  0.692000000000000       0.241308786007369     
  0.696000000000000       0.238893266094645     
  0.700000000000000       0.236512115667812     
  0.704000000000000       0.234164721184927     
  0.708000000000000       0.231850481811548     
  0.712000000000000       0.229568809135626     
  0.716000000000000       0.227319126888679     
  0.720000000000000       0.225100870673179     
  0.724000000000000       0.222913487696017     
  0.728000000000000       0.220756436507950     
  0.732000000000000       0.218629186748926     
  0.736000000000000       0.216531218899172     
  0.740000000000000       0.214462024035932     
  0.744000000000000       0.212421103595768     
  0.748000000000000       0.210407969142282     
  0.752000000000000       0.208422142139182     
  0.756000000000000       0.206463153728569     
  0.760000000000000       0.204530544514336     
  0.764000000000000       0.202623864350587     
  0.768000000000000       0.200742672134948     
  0.772000000000000       0.198886535606694     
  0.776000000000000       0.197055031149567     
  0.780000000000000       0.195247743599190     
  0.784000000000000       0.193464266054979     
  0.788000000000000       0.191704199696456     
  0.792000000000000       0.189967153603856     
  0.796000000000000       0.188252744582938     
  0.800000000000000       0.186560596993910     
  0.804000000000000       0.184890342584362     
  0.808000000000000       0.183241620326129     
  0.812000000000000       0.181614076255981     
  0.816000000000000       0.180007363320069     
  0.820000000000000       0.178421141222016     
  0.824000000000000       0.176855076274591     
  0.828000000000000       0.175308841254867     
  0.832000000000000       0.173782115262791     
  0.836000000000000       0.172274583583077     
  0.840000000000000       0.170785937550350     
  0.844000000000000       0.169315874417457     
  0.848000000000000       0.167864097226885     
  0.852000000000000       0.166430314685183     
  0.856000000000000       0.165014241040349     
  0.860000000000000       0.163615595962091     
  0.864000000000000       0.162234104424889     
  0.868000000000000       0.160869496593816     
  0.872000000000000       0.159521507713015     
  0.876000000000000       0.158189877996803     
  0.880000000000000       0.156874352523309     
  0.884000000000000       0.155574681130611     
  0.888000000000000       0.154290618315286     
  0.892000000000000       0.153021923133335     
  0.896000000000000       0.151768359103410     
  0.900000000000000       0.150529694112301     
  0.904000000000000       0.149305700322613     
  0.908000000000000       0.148096154082592     
  0.912000000000000       0.146900835838039     
  0.916000000000000       0.145719530046267     
  0.920000000000000       0.144552025092050     
  0.924000000000000       0.143398113205505     
  0.928000000000000       0.142257590381884     
  0.932000000000000       0.141130256303197     
  0.936000000000000       0.140015914261651     
  0.940000000000000       0.138914371084843     
  0.944000000000000       0.137825437062664     
  0.948000000000000       0.136748925875890     
  0.952000000000000       0.135684654526389     
  0.956000000000000       0.134632443268937     
  0.960000000000000       0.133592115544577     
  0.964000000000000       0.132563497915502     
  0.968000000000000       0.131546420001410     
  0.972000000000000       0.130540714417311     
  0.976000000000000       0.129546216712733     
  0.980000000000000       0.128562765312310     
  0.984000000000000       0.127590201457706     
  0.988000000000000       0.126628369150844     
  0.992000000000000       0.125677115098422     
  0.996000000000000       0.124736288657659     
