  -1.00000000000000       0.125827197315686     
 -0.996000000000000       0.126770562185186     
 -0.992000000000000       0.127724312275536     
 -0.988000000000000       0.128688596474504     
 -0.984000000000000       0.129663566266727     
 -0.980000000000000       0.130649375786316     
 -0.976000000000000       0.131646181870663     
 -0.972000000000000       0.132654144115462     
 -0.968000000000000       0.133673424930985     
 -0.964000000000000       0.134704189599639     
 -0.960000000000000       0.135746606334842     
 -0.956000000000000       0.136800846341236     
 -0.952000000000000       0.137867083876291     
 -0.948000000000000       0.138945496313313     
 -0.944000000000000       0.140036264205901     
 -0.940000000000000       0.141139571353894     
 -0.936000000000000       0.142255604870832     
 -0.932000000000000       0.143384555252973     
 -0.928000000000000       0.144526616449912     
 -0.924000000000000       0.145681985936832     
 -0.920000000000000       0.146850864788426     
 -0.916000000000000       0.148033457754541     
 -0.912000000000000       0.149229973337578     
 -0.908000000000000       0.150440623871695     
 -0.904000000000000       0.151665625603854     
 -0.900000000000000       0.152905198776758     
 -0.896000000000000       0.154159567713734     
 -0.892000000000000       0.155428960905587     
 -0.888000000000000       0.156713611099503     
 -0.884000000000000       0.158013755390025     
 -0.880000000000000       0.159329635312168     
 -0.876000000000000       0.160661496936721     
 -0.872000000000000       0.162009590967785     
 -0.868000000000000       0.163374172842614     
 -0.864000000000000       0.164755502833795     
 -0.860000000000000       0.166153846153846     
 -0.856000000000000       0.167569473062276     
 -0.852000000000000       0.169002658975168     
 -0.848000000000000       0.170453684577351     
 -0.844000000000000       0.171922835937221     
 -0.840000000000000       0.173410404624278     
 -0.836000000000000       0.174916687829426     
 -0.832000000000000       0.176441988488141     
 -0.828000000000000       0.177986615406521     
 -0.824000000000000       0.179550883390346     
 -0.820000000000000       0.181135113377164     
 -0.816000000000000       0.182739632571512     
 -0.812000000000000       0.184364774583336     
 -0.808000000000000       0.186010879569667     
 -0.804000000000000       0.187678294379661     
 -0.800000000000000       0.189367372703044     
 -0.796000000000000       0.191078475222076     
 -0.792000000000000       0.192811969767083     
 -0.788000000000000       0.194568231475663     
 -0.784000000000000       0.196347642955628     
 -0.780000000000000       0.198150594451783     
 -0.776000000000000       0.199977484016614     
 -0.772000000000000       0.201828717684980     
 -0.768000000000000       0.203704709652887     
 -0.764000000000000       0.205605882460448     
 -0.760000000000000       0.207532667179093     
 -0.756000000000000       0.209485503603151     
 -0.752000000000000       0.211464840445862     
 -0.748000000000000       0.213471135539940     
 -0.744000000000000       0.215504856042756     
 -0.740000000000000       0.217566478646253     
 -0.736000000000000       0.219656489791668     
 -0.732000000000000       0.221775385889172     
 -0.728000000000000       0.223923673542506     
 -0.724000000000000       0.226101869778722     
 -0.720000000000000       0.228310502283105     
 -0.716000000000000       0.230550109639386     
 -0.712000000000000       0.232821241575320     
 -0.708000000000000       0.235124459213744     
 -0.704000000000000       0.237460335329173     
 -0.700000000000000       0.239829454610055     
 -0.696000000000000       0.242232413926749     
 -0.692000000000000       0.244669822605317     
 -0.688000000000000       0.247142302707215     
 -0.684000000000000       0.249650489314959     
 -0.680000000000000       0.252195030823837     
 -0.676000000000000       0.254776589239747     
 -0.672000000000000       0.257395840483218     
 -0.668000000000000       0.260053474699686     
 -0.664000000000000       0.262750196576073     
 -0.660000000000000       0.265486725663717     
 -0.656000000000000       0.268263796707708     
 -0.652000000000000       0.271082159982651     
 -0.648000000000000       0.273942581634889     
 -0.644000000000000       0.276845844031204     
 -0.640000000000000       0.279792746113990     
 -0.636000000000000       0.282784103762914     
 -0.632000000000000       0.285820750163024     
 -0.628000000000000       0.288903536179283     
 -0.624000000000000       0.292033330737482     
 -0.620000000000000       0.295211021211459     
 -0.616000000000000       0.298437513816552     
 -0.612000000000000       0.301713734009172     
 -0.608000000000000       0.305040626892382     
 -0.604000000000000       0.308419157627320     
 -0.600000000000000       0.311850311850312     
 -0.596000000000000       0.315335096095451     
 -0.592000000000000       0.318874538222428     
 -0.588000000000000       0.322469687849342     
 -0.584000000000000       0.326121616790190     
 -0.580000000000000       0.329831419496702     
 -0.576000000000000       0.333600213504137     
 -0.572000000000000       0.337429139880625     
 -0.568000000000000       0.341319363679574     
 -0.564000000000000       0.345272074394623     
 -0.560000000000000       0.349288486416559     
 -0.556000000000000       0.353369839491566     
 -0.552000000000000       0.357517399180093     
 -0.548000000000000       0.361732457315570     
 -0.544000000000000       0.366016332462124     
 -0.540000000000000       0.370370370370370     
 -0.536000000000000       0.374795944430255     
 -0.532000000000000       0.379294456119846     
 -0.528000000000000       0.383867335448869     
 -0.524000000000000       0.388516041395665     
 -0.520000000000000       0.393242062336149     
 -0.516000000000000       0.398046916463220     
 -0.512000000000000       0.402932152194936     
 -0.508000000000000       0.407899348569633     
 -0.504000000000000       0.412950115626032     
 -0.500000000000000       0.418086094766181     
 -0.496000000000000       0.423308959098948     
 -0.492000000000000       0.428620413761573     
 -0.488000000000000       0.434022196216612     
 -0.484000000000000       0.439516076521377     
 -0.480000000000000       0.445103857566766     
 -0.476000000000000       0.450787375282159     
 -0.472000000000000       0.456568498802776     
 -0.468000000000000       0.462449130595634     
 -0.464000000000000       0.468431206539994     
 -0.460000000000000       0.474516695957821     
 -0.456000000000000       0.480707601589540     
 -0.452000000000000       0.487005959509964     
 -0.448000000000000       0.493413838978962     
 -0.444000000000000       0.499933342221037     
 -0.440000000000000       0.506566604127580     
 -0.436000000000000       0.513315791875161     
 -0.432000000000000       0.520183104452767     
 -0.428000000000000       0.527170772090408     
 -0.424000000000000       0.534281055581060     
 -0.420000000000000       0.541516245487364     
 -0.416000000000000       0.548878661223959     
 -0.412000000000000       0.556370650005770     
 -0.408000000000000       0.563994585651978     
 -0.404000000000000       0.571752867234749     
 -0.400000000000000       0.579647917561185     
 -0.396000000000000       0.587682181476258     
 -0.392000000000000       0.595858123973800     
 -0.388000000000000       0.604178228101896     
 -0.384000000000000       0.612644992648260     
 -0.380000000000000       0.621260929590428     
 -0.376000000000000       0.630028561294779     
 -0.372000000000000       0.638950417447606     
 -0.368000000000000       0.648029031700620     
 -0.364000000000000       0.657266938012425     
 -0.360000000000000       0.666666666666667     
 -0.356000000000000       0.676230739946703     
 -0.352000000000000       0.685961667445784     
 -0.348000000000000       0.695861940990907     
 -0.344000000000000       0.705934029157690     
 -0.340000000000000       0.716180371352785     
 -0.336000000000000       0.726603371439643     
 -0.332000000000000       0.737205390882681     
 -0.328000000000000       0.747988741384278     
 -0.324000000000000       0.758955676988464     
 -0.320000000000000       0.770108385624643     
 -0.316000000000000       0.781448980064368     
 -0.312000000000000       0.792979488263903     
 -0.308000000000000       0.804701843065258     
 -0.304000000000000       0.816617871228435     
 -0.300000000000000       0.828729281767955     
 -0.296000000000000       0.841037653567245     
 -0.292000000000000       0.853544422245264     
 -0.288000000000000       0.866250866250866     
 -0.284000000000000       0.879158092161817     
 -0.280000000000000       0.892267019167217     
 -0.276000000000000       0.905578362714320     
 -0.272000000000000       0.919092617303450     
 -0.268000000000000       0.932810038417954     
 -0.264000000000000       0.946730623579904     
 -0.260000000000000       0.960854092526690     
 -0.256000000000000       0.975179866508711     
 -0.252000000000000       0.989707046714172     
 -0.248000000000000        1.00443439183358     
 -0.244000000000000        1.01936029478390     
 -0.240000000000000        1.03448275862069     
 -0.236000000000000        1.04979937167564     
 -0.232000000000000        1.06530728196711     
 -0.228000000000000        1.08100317094263     
 -0.224000000000000        1.09688322662420     
 -0.220000000000000        1.11294311624073     
 -0.216000000000000        1.12917795844625     
 -0.212000000000000        1.14558229523777     
 -0.208000000000000        1.16215006370304     
 -0.204000000000000        1.17887456774599     
 -0.200000000000000        1.19574844995571     
 -0.196000000000000        1.21276366380395     
 -0.192000000000000        1.22991144637586     
 -0.188000000000000        1.24718229185913     
 -0.184000000000000        1.26456592603694     
 -0.180000000000000        1.28205128205128     
 -0.176000000000000        1.29962647772344     
 -0.172000000000000        1.31727879473869     
 -0.168000000000000        1.33499466002136     
 -0.164000000000000        1.35275962964447     
 -0.160000000000000        1.37055837563452     
 -0.156000000000000        1.38837467604591     
 -0.152000000000000        1.40619140869130     
 -0.148000000000000        1.42399054892199     
 -0.144000000000000        1.44175317185698     
 -0.140000000000000        1.45945945945946     
 -0.136000000000000        1.47708871285395     
 -0.132000000000000        1.49461937026704     
 -0.128000000000000        1.51202903095739     
 -0.124000000000000        1.52929448547737     
 -0.120000000000000        1.54639175257732     
 -0.116000000000000        1.56329612302561     
 -0.112000000000000        1.57998221057067     
 -0.108000000000000        1.59642401021711     
 -0.104000000000000        1.61259496392565     
 -0.100000000000000        1.62846803377563     
 -9.599999999999997E-002   1.64401578255151     
 -9.199999999999997E-002   1.65921046162922     
 -8.799999999999997E-002   1.67402410594713     
 -8.399999999999996E-002   1.68842863574966     
 -7.999999999999996E-002   1.70239596469105     
 -7.599999999999996E-002   1.71589811378311     
 -7.199999999999995E-002   1.72890733056708     
 -6.799999999999995E-002   1.74139621278572     
 -6.399999999999995E-002   1.75333783573173     
 -6.000000000000005E-002   1.76470588235294     
 -5.600000000000005E-002   1.77547477510653     
 -5.200000000000005E-002   1.78561980847574     
 -4.800000000000004E-002   1.79511728099569     
 -4.400000000000004E-002   1.80394462558127     
 -4.000000000000004E-002   1.81208053691275     
 -3.600000000000003E-002   1.81950509461426     
 -3.200000000000003E-002   1.82619988095882     
 -2.800000000000002E-002   1.83214809185169     
 -2.400000000000002E-002   1.83733463988241     
 -2.000000000000002E-002   1.84174624829468     
 -1.600000000000001E-002   1.84537153480234     
 -1.200000000000001E-002   1.84820108427797     
 -8.000000000000007E-003   1.85022750945672     
 -4.000000000000004E-003   1.85144549893028     
  0.000000000000000E+000   1.85185185185185     
  4.000000000000004E-003   1.85144549893028     
  8.000000000000007E-003   1.85022750945672     
  1.200000000000001E-002   1.84820108427797     
  1.600000000000001E-002   1.84537153480234     
  2.000000000000002E-002   1.84174624829468     
  2.400000000000002E-002   1.83733463988241     
  2.800000000000002E-002   1.83214809185169     
  3.200000000000003E-002   1.82619988095882     
  3.600000000000003E-002   1.81950509461426     
  4.000000000000004E-002   1.81208053691275     
  4.400000000000004E-002   1.80394462558127     
  4.800000000000004E-002   1.79511728099569     
  5.200000000000005E-002   1.78561980847574     
  5.600000000000005E-002   1.77547477510653     
  6.000000000000005E-002   1.76470588235294     
  6.400000000000006E-002   1.75333783573173     
  6.800000000000006E-002   1.74139621278572     
  7.200000000000006E-002   1.72890733056708     
  7.600000000000007E-002   1.71589811378311     
  8.000000000000007E-002   1.70239596469105     
  8.400000000000007E-002   1.68842863574966     
  8.800000000000008E-002   1.67402410594713     
  9.200000000000008E-002   1.65921046162922     
  9.600000000000009E-002   1.64401578255151     
  0.100000000000000        1.62846803377563     
  0.104000000000000        1.61259496392565     
  0.108000000000000        1.59642401021711     
  0.112000000000000        1.57998221057067     
  0.116000000000000        1.56329612302561     
  0.120000000000000        1.54639175257732     
  0.124000000000000        1.52929448547737     
  0.128000000000000        1.51202903095739     
  0.132000000000000        1.49461937026704     
  0.136000000000000        1.47708871285395     
  0.140000000000000        1.45945945945946     
  0.144000000000000        1.44175317185698     
  0.148000000000000        1.42399054892199     
  0.152000000000000        1.40619140869130     
  0.156000000000000        1.38837467604591     
  0.160000000000000        1.37055837563452     
  0.164000000000000        1.35275962964448     
  0.168000000000000        1.33499466002136     
  0.172000000000000        1.31727879473869     
  0.176000000000000        1.29962647772344     
  0.180000000000000        1.28205128205128     
  0.184000000000000        1.26456592603694     
  0.188000000000000        1.24718229185913     
  0.192000000000000        1.22991144637586     
  0.196000000000000        1.21276366380395     
  0.200000000000000        1.19574844995571     
  0.204000000000000        1.17887456774599     
  0.208000000000000        1.16215006370304     
  0.212000000000000        1.14558229523777     
  0.216000000000000        1.12917795844625     
  0.220000000000000        1.11294311624073     
  0.224000000000000        1.09688322662420     
  0.228000000000000        1.08100317094263     
  0.232000000000000        1.06530728196711     
  0.236000000000000        1.04979937167564     
  0.240000000000000        1.03448275862069     
  0.244000000000000        1.01936029478390     
  0.248000000000000        1.00443439183358     
  0.252000000000000       0.989707046714173     
  0.256000000000000       0.975179866508712     
  0.260000000000000       0.960854092526691     
  0.264000000000000       0.946730623579904     
  0.268000000000000       0.932810038417954     
  0.272000000000000       0.919092617303450     
  0.276000000000000       0.905578362714320     
  0.280000000000000       0.892267019167218     
  0.284000000000000       0.879158092161817     
  0.288000000000000       0.866250866250866     
  0.292000000000000       0.853544422245265     
  0.296000000000000       0.841037653567246     
  0.300000000000000       0.828729281767956     
  0.304000000000000       0.816617871228435     
  0.308000000000000       0.804701843065258     
  0.312000000000000       0.792979488263904     
  0.316000000000000       0.781448980064368     
  0.320000000000000       0.770108385624643     
  0.324000000000000       0.758955676988464     
  0.328000000000000       0.747988741384278     
  0.332000000000000       0.737205390882681     
  0.336000000000000       0.726603371439643     
  0.340000000000000       0.716180371352785     
  0.344000000000000       0.705934029157690     
  0.348000000000000       0.695861940990907     
  0.352000000000000       0.685961667445784     
  0.356000000000000       0.676230739946703     
  0.360000000000000       0.666666666666667     
  0.364000000000000       0.657266938012425     
  0.368000000000000       0.648029031700620     
  0.372000000000000       0.638950417447606     
  0.376000000000000       0.630028561294779     
  0.380000000000000       0.621260929590428     
  0.384000000000000       0.612644992648260     
  0.388000000000000       0.604178228101896     
  0.392000000000000       0.595858123973800     
  0.396000000000000       0.587682181476258     
  0.400000000000000       0.579647917561185     
  0.404000000000000       0.571752867234749     
  0.408000000000000       0.563994585651978     
  0.412000000000000       0.556370650005770     
  0.416000000000000       0.548878661223959     
  0.420000000000000       0.541516245487365     
  0.424000000000000       0.534281055581061     
  0.428000000000000       0.527170772090408     
  0.432000000000000       0.520183104452768     
  0.436000000000000       0.513315791875162     
  0.440000000000000       0.506566604127580     
  0.444000000000000       0.499933342221037     
  0.448000000000000       0.493413838978962     
  0.452000000000000       0.487005959509964     
  0.456000000000000       0.480707601589540     
  0.460000000000000       0.474516695957821     
  0.464000000000000       0.468431206539994     
  0.468000000000000       0.462449130595635     
  0.472000000000000       0.456568498802776     
  0.476000000000000       0.450787375282160     
  0.480000000000000       0.445103857566766     
  0.484000000000000       0.439516076521377     
  0.488000000000000       0.434022196216613     
  0.492000000000000       0.428620413761573     
  0.496000000000000       0.423308959098948     
  0.500000000000000       0.418086094766182     
  0.504000000000000       0.412950115626032     
  0.508000000000000       0.407899348569633     
  0.512000000000000       0.402932152194936     
  0.516000000000000       0.398046916463220     
  0.520000000000000       0.393242062336149     
  0.524000000000000       0.388516041395665     
  0.528000000000000       0.383867335448869     
  0.532000000000000       0.379294456119846     
  0.536000000000000       0.374795944430255     
  0.540000000000000       0.370370370370370     
  0.544000000000000       0.366016332462124     
  0.548000000000000       0.361732457315570     
  0.552000000000000       0.357517399180093     
  0.556000000000000       0.353369839491566     
  0.560000000000000       0.349288486416559     
  0.564000000000000       0.345272074394623     
  0.568000000000000       0.341319363679574     
  0.572000000000000       0.337429139880625     
  0.576000000000000       0.333600213504137     
  0.580000000000000       0.329831419496702     
  0.584000000000000       0.326121616790190     
  0.588000000000000       0.322469687849342     
  0.592000000000000       0.318874538222428     
  0.596000000000000       0.315335096095451     
  0.600000000000000       0.311850311850312     
  0.604000000000000       0.308419157627320     
  0.608000000000000       0.305040626892382     
  0.612000000000000       0.301713734009172     
  0.616000000000000       0.298437513816551     
  0.620000000000000       0.295211021211458     
  0.624000000000000       0.292033330737481     
  0.628000000000000       0.288903536179283     
  0.632000000000000       0.285820750163024     
  0.636000000000000       0.282784103762914     
  0.640000000000000       0.279792746113990     
  0.644000000000000       0.276845844031204     
  0.648000000000000       0.273942581634889     
  0.652000000000000       0.271082159982651     
  0.656000000000000       0.268263796707708     
  0.660000000000000       0.265486725663717     
  0.664000000000000       0.262750196576073     
  0.668000000000000       0.260053474699686     
  0.672000000000000       0.257395840483218     
  0.676000000000000       0.254776589239747     
  0.680000000000000       0.252195030823837     
  0.684000000000000       0.249650489314959     
  0.688000000000000       0.247142302707215     
  0.692000000000000       0.244669822605317     
  0.696000000000000       0.242232413926749     
  0.700000000000000       0.239829454610055     
  0.704000000000000       0.237460335329173     
  0.708000000000000       0.235124459213744     
  0.712000000000000       0.232821241575320     
  0.716000000000000       0.230550109639385     
  0.720000000000000       0.228310502283105     
  0.724000000000000       0.226101869778722     
  0.728000000000000       0.223923673542506     
  0.732000000000000       0.221775385889171     
  0.736000000000000       0.219656489791668     
  0.740000000000000       0.217566478646253     
  0.744000000000000       0.215504856042756     
  0.748000000000000       0.213471135539940     
  0.752000000000000       0.211464840445862     
  0.756000000000000       0.209485503603151     
  0.760000000000000       0.207532667179093     
  0.764000000000000       0.205605882460448     
  0.768000000000000       0.203704709652887     
  0.772000000000000       0.201828717684980     
  0.776000000000000       0.199977484016614     
  0.780000000000000       0.198150594451783     
  0.784000000000000       0.196347642955628     
  0.788000000000000       0.194568231475663     
  0.792000000000000       0.192811969767083     
  0.796000000000000       0.191078475222076     
  0.800000000000000       0.189367372703044     
  0.804000000000000       0.187678294379661     
  0.808000000000000       0.186010879569667     
  0.812000000000000       0.184364774583336     
  0.816000000000000       0.182739632571512     
  0.820000000000000       0.181135113377164     
  0.824000000000000       0.179550883390346     
  0.828000000000000       0.177986615406521     
  0.832000000000000       0.176441988488140     
  0.836000000000000       0.174916687829426     
  0.840000000000000       0.173410404624277     
  0.844000000000000       0.171922835937221     
  0.848000000000000       0.170453684577351     
  0.852000000000000       0.169002658975168     
  0.856000000000000       0.167569473062276     
  0.860000000000000       0.166153846153846     
  0.864000000000000       0.164755502833795     
  0.868000000000000       0.163374172842614     
  0.872000000000000       0.162009590967785     
  0.876000000000000       0.160661496936721     
  0.880000000000000       0.159329635312168     
  0.884000000000000       0.158013755390025     
  0.888000000000000       0.156713611099503     
  0.892000000000000       0.155428960905587     
  0.896000000000000       0.154159567713734     
  0.900000000000000       0.152905198776758     
  0.904000000000000       0.151665625603854     
  0.908000000000000       0.150440623871695     
  0.912000000000000       0.149229973337578     
  0.916000000000000       0.148033457754541     
  0.920000000000000       0.146850864788426     
  0.924000000000000       0.145681985936832     
  0.928000000000000       0.144526616449912     
  0.932000000000000       0.143384555252973     
  0.936000000000000       0.142255604870832     
  0.940000000000000       0.141139571353894     
  0.944000000000000       0.140036264205901     
  0.948000000000000       0.138945496313313     
  0.952000000000000       0.137867083876291     
  0.956000000000000       0.136800846341236     
  0.960000000000000       0.135746606334842     
  0.964000000000000       0.134704189599639     
  0.968000000000000       0.133673424930985     
  0.972000000000000       0.132654144115462     
  0.976000000000000       0.131646181870663     
  0.980000000000000       0.130649375786316     
  0.984000000000000       0.129663566266727     
  0.988000000000000       0.128688596474504     
  0.992000000000000       0.127724312275536     
  0.996000000000000       0.126770562185186     
