  -1.00000000000000       0.127832655432888     
 -0.996000000000000       0.128788609654369     
 -0.992000000000000       0.129755050774331     
 -0.988000000000000       0.130732128442652     
 -0.984000000000000       0.131719994903634     
 -0.980000000000000       0.132718805048141     
 -0.976000000000000       0.133728716466917     
 -0.972000000000000       0.134749889505091     
 -0.968000000000000       0.135782487317916     
 -0.964000000000000       0.136826675927760     
 -0.960000000000000       0.137882624282384     
 -0.956000000000000       0.138950504314540     
 -0.952000000000000       0.140030491002914     
 -0.948000000000000       0.141122762434455     
 -0.944000000000000       0.142227499868116     
 -0.940000000000000       0.143344887800047     
 -0.936000000000000       0.144475114030267     
 -0.932000000000000       0.145618369730866     
 -0.928000000000000       0.146774849515750     
 -0.924000000000000       0.147944751511995     
 -0.920000000000000       0.149128277432825     
 -0.916000000000000       0.150325632652258     
 -0.912000000000000       0.151537026281480     
 -0.908000000000000       0.152762671246955     
 -0.904000000000000       0.154002784370341     
 -0.900000000000000       0.155257586450247     
 -0.896000000000000       0.156527302345860     
 -0.892000000000000       0.157812161062518     
 -0.888000000000000       0.159112395839240     
 -0.884000000000000       0.160428244238293     
 -0.880000000000000       0.161759948236817     
 -0.876000000000000       0.163107754320576     
 -0.872000000000000       0.164471913579878     
 -0.868000000000000       0.165852681807710     
 -0.864000000000000       0.167250319600156     
 -0.860000000000000       0.168665092459137     
 -0.856000000000000       0.170097270897532     
 -0.852000000000000       0.171547130546743     
 -0.848000000000000       0.173014952266748     
 -0.844000000000000       0.174501022258716     
 -0.840000000000000       0.176005632180230     
 -0.836000000000000       0.177529079263183     
 -0.832000000000000       0.179071666434416     
 -0.828000000000000       0.180633702439146     
 -0.824000000000000       0.182215501967265     
 -0.820000000000000       0.183817385782561     
 -0.816000000000000       0.185439680854938     
 -0.812000000000000       0.187082720495694     
 -0.808000000000000       0.188746844495936     
 -0.804000000000000       0.190432399268186     
 -0.800000000000000       0.192139737991266     
 -0.796000000000000       0.193869220758529     
 -0.792000000000000       0.195621214729495     
 -0.788000000000000       0.197396094284988     
 -0.784000000000000       0.199194241185836     
 -0.780000000000000       0.201016044735207     
 -0.776000000000000       0.202861901944671     
 -0.772000000000000       0.204732217704051     
 -0.768000000000000       0.206627404955151     
 -0.764000000000000       0.208547884869434     
 -0.760000000000000       0.210494087029737     
 -0.756000000000000       0.212466449616092     
 -0.752000000000000       0.214465419595744     
 -0.748000000000000       0.216491452917439     
 -0.744000000000000       0.218545014710066     
 -0.740000000000000       0.220626579485740     
 -0.736000000000000       0.222736631347387     
 -0.732000000000000       0.224875664200939     
 -0.728000000000000       0.227044181972197     
 -0.724000000000000       0.229242698828445     
 -0.720000000000000       0.231471739404907     
 -0.716000000000000       0.233731839036107     
 -0.712000000000000       0.236023543992214     
 -0.708000000000000       0.238347411720452     
 -0.704000000000000       0.240704011091641     
 -0.700000000000000       0.243093922651934     
 -0.696000000000000       0.245517738879832     
 -0.692000000000000       0.247976064448528     
 -0.688000000000000       0.250469516493645     
 -0.684000000000000       0.252998724886427     
 -0.680000000000000       0.255564332512430     
 -0.676000000000000       0.258166995555773     
 -0.672000000000000       0.260807383788972     
 -0.668000000000000       0.263486180868412     
 -0.664000000000000       0.266204084635475     
 -0.660000000000000       0.268961807423346     
 -0.656000000000000       0.271760076369523     
 -0.652000000000000       0.274599633734016     
 -0.648000000000000       0.277481237223250     
 -0.644000000000000       0.280405660319642     
 -0.640000000000000       0.283373692616827     
 -0.636000000000000       0.286386140160501     
 -0.632000000000000       0.289443825794813     
 -0.628000000000000       0.292547589514243     
 -0.624000000000000       0.295698288820884     
 -0.620000000000000       0.298896799087006     
 -0.616000000000000       0.302144013922796     
 -0.612000000000000       0.305440845549116     
 -0.608000000000000       0.308788225175111     
 -0.604000000000000       0.312187103380476     
 -0.600000000000000       0.315638450502152     
 -0.596000000000000       0.319143257025214     
 -0.592000000000000       0.322702533977643     
 -0.588000000000000       0.326317313328698     
 -0.584000000000000       0.329988648390495     
 -0.580000000000000       0.333717614222438     
 -0.576000000000000       0.337505308038026     
 -0.572000000000000       0.341352849613589     
 -0.568000000000000       0.345261381698385     
 -0.564000000000000       0.349232070425504     
 -0.560000000000000       0.353266105722911     
 -0.556000000000000       0.357364701723927     
 -0.552000000000000       0.361529097176392     
 -0.548000000000000       0.365760555849642     
 -0.544000000000000       0.370060366938403     
 -0.540000000000000       0.374429845462591     
 -0.536000000000000       0.378870332661929     
 -0.532000000000000       0.383383196384208     
 -0.528000000000000       0.387969831465905     
 -0.524000000000000       0.392631660103769     
 -0.520000000000000       0.397370132215880     
 -0.516000000000000       0.402186725790553     
 -0.512000000000000       0.407082947221326     
 -0.508000000000000       0.412060331626155     
 -0.504000000000000       0.417120443148759     
 -0.500000000000000       0.422264875239923     
 -0.496000000000000       0.427495250916394     
 -0.492000000000000       0.432813222994816     
 -0.488000000000000       0.438220474297971     
 -0.484000000000000       0.443718717830393     
 -0.480000000000000       0.449309696920186     
 -0.476000000000000       0.454995185323675     
 -0.472000000000000       0.460776987289257     
 -0.468000000000000       0.466656937576574     
 -0.464000000000000       0.472636901426848     
 -0.460000000000000       0.478718774479937     
 -0.456000000000000       0.484904482633366     
 -0.452000000000000       0.491195981838252     
 -0.448000000000000       0.497595257826721     
 -0.444000000000000       0.504104325765047     
 -0.440000000000000       0.510725229826353     
 -0.436000000000000       0.517460042676341     
 -0.432000000000000       0.524310864865071     
 -0.428000000000000       0.531279824117399     
 -0.424000000000000       0.538369074514195     
 -0.420000000000000       0.545580795555996     
 -0.416000000000000       0.552917191100245     
 -0.412000000000000       0.560380488162726     
 -0.408000000000000       0.567972935573281     
 -0.404000000000000       0.575696802475287     
 -0.400000000000000       0.583554376657825     
 -0.396000000000000       0.591547962708816     
 -0.392000000000000       0.599679879976798     
 -0.388000000000000       0.607952460328338     
 -0.384000000000000       0.616368045687441     
 -0.380000000000000       0.624928985342575     
 -0.376000000000000       0.633637633006299     
 -0.372000000000000       0.642496343611717     
 -0.368000000000000       0.651507469829281     
 -0.364000000000000       0.660673358286766     
 -0.360000000000000       0.669996345474479     
 -0.356000000000000       0.679478753317092     
 -0.352000000000000       0.689122884392745     
 -0.348000000000000       0.698931016779427     
 -0.344000000000000       0.708905398507947     
 -0.340000000000000       0.719048241600209     
 -0.336000000000000       0.729361715670933     
 -0.332000000000000       0.739847941070439     
 -0.328000000000000       0.750508981545666     
 -0.324000000000000       0.761346836396255     
 -0.320000000000000       0.772363432102233     
 -0.316000000000000       0.783560613399741     
 -0.312000000000000       0.794940133781197     
 -0.308000000000000       0.806503645396477     
 -0.304000000000000       0.818252688332014     
 -0.300000000000000       0.830188679245283     
 -0.296000000000000       0.842312899332888     
 -0.292000000000000       0.854626481611546     
 -0.288000000000000       0.867130397492574     
 -0.284000000000000       0.879825442632182     
 -0.280000000000000       0.892712222041876     
 -0.276000000000000       0.905791134445754     
 -0.272000000000000       0.919062355874312     
 -0.268000000000000       0.932525822487775     
 -0.264000000000000       0.946181212625842     
 -0.260000000000000       0.960027928085180     
 -0.256000000000000       0.974065074631095     
 -0.252000000000000       0.988291441755493     
 -0.248000000000000        1.00270548169971     
 -0.244000000000000        1.01730528776792     
 -0.240000000000000        1.03208857196472     
 -0.236000000000000        1.04705264199938     
 -0.232000000000000        1.06219437770860     
 -0.228000000000000        1.07751020696032     
 -0.224000000000000        1.09299608111223     
 -0.220000000000000        1.10864745011086     
 -0.216000000000000        1.12445923733041     
 -0.212000000000000        1.14042581426403     
 -0.208000000000000        1.15654097519535     
 -0.204000000000000        1.17279791199324     
 -0.200000000000000        1.18918918918919     
 -0.196000000000000        1.20570671951316     
 -0.192000000000000        1.22234174008125     
 -0.188000000000000        1.23908478944570     
 -0.184000000000000        1.25592568573542     
 -0.180000000000000        1.27285350613284     
 -0.176000000000000        1.28985656794964     
 -0.172000000000000        1.30692241158076     
 -0.168000000000000        1.32403778563106     
 -0.164000000000000        1.34118863452366     
 -0.160000000000000        1.35836008891084     
 -0.156000000000000        1.37553645921910     
 -0.152000000000000        1.39270123266720     
 -0.148000000000000        1.40983707410104     
 -0.144000000000000        1.42692583098972     
 -0.140000000000000        1.44394854292465     
 -0.136000000000000        1.46088545595563     
 -0.132000000000000        1.47771604208535     
 -0.128000000000000        1.49441902422589     
 -0.124000000000000        1.51097240689663     
 -0.120000000000000        1.52735351291308     
 -0.116000000000000        1.54353902627945     
 -0.112000000000000        1.55950504145448     
 -0.108000000000000        1.57522711911008     
 -0.104000000000000        1.59068034844576     
 -0.100000000000000        1.60583941605839     
 -9.599999999999997E-002   1.62067868129796     
 -9.199999999999997E-002   1.63517225796478     
 -8.799999999999997E-002   1.64929410212429     
 -8.399999999999996E-002   1.66301810573167     
 -7.999999999999996E-002   1.67631819567205     
 -7.599999999999996E-002   1.68916843773418     
 -7.199999999999995E-002   1.70154314494673     
 -6.799999999999995E-002   1.71341698961981     
 -6.399999999999995E-002   1.72476511835025     
 -6.000000000000005E-002   1.73556326917008     
 -5.600000000000005E-002   1.74578788994553     
 -5.200000000000005E-002   1.75541625706954     
 -4.800000000000004E-002   1.76442659343762     
 -4.400000000000004E-002   1.77279818465466     
 -4.000000000000004E-002   1.78051149239236     
 -3.600000000000003E-002   1.78754826380312     
 -3.200000000000003E-002   1.79389163589871     
 -2.800000000000002E-002   1.79952623382062     
 -2.400000000000002E-002   1.80443826196507     
 -2.000000000000002E-002   1.80861558697797     
 -1.600000000000001E-002   1.81204781170517     
 -1.200000000000001E-002   1.81472633926804     
 -8.000000000000007E-003   1.81664442653490     
 -4.000000000000004E-003   1.81779722637194     
  0.000000000000000E+000   1.81818181818182     
  4.000000000000004E-003   1.81779722637194     
  8.000000000000007E-003   1.81664442653490     
  1.200000000000001E-002   1.81472633926804     
  1.600000000000001E-002   1.81204781170517     
  2.000000000000002E-002   1.80861558697797     
  2.400000000000002E-002   1.80443826196507     
  2.800000000000002E-002   1.79952623382062     
  3.200000000000003E-002   1.79389163589871     
  3.600000000000003E-002   1.78754826380312     
  4.000000000000004E-002   1.78051149239236     
  4.400000000000004E-002   1.77279818465466     
  4.800000000000004E-002   1.76442659343762     
  5.200000000000005E-002   1.75541625706954     
  5.600000000000005E-002   1.74578788994553     
  6.000000000000005E-002   1.73556326917009     
  6.400000000000006E-002   1.72476511835025     
  6.800000000000006E-002   1.71341698961981     
  7.200000000000006E-002   1.70154314494673     
  7.600000000000007E-002   1.68916843773418     
  8.000000000000007E-002   1.67631819567205     
  8.400000000000007E-002   1.66301810573167     
  8.800000000000008E-002   1.64929410212429     
  9.200000000000008E-002   1.63517225796478     
  9.600000000000009E-002   1.62067868129796     
  0.100000000000000        1.60583941605839     
  0.104000000000000        1.59068034844576     
  0.108000000000000        1.57522711911008     
  0.112000000000000        1.55950504145448     
  0.116000000000000        1.54353902627945     
  0.120000000000000        1.52735351291308     
  0.124000000000000        1.51097240689663     
  0.128000000000000        1.49441902422589     
  0.132000000000000        1.47771604208535     
  0.136000000000000        1.46088545595563     
  0.140000000000000        1.44394854292465     
  0.144000000000000        1.42692583098972     
  0.148000000000000        1.40983707410104     
  0.152000000000000        1.39270123266720     
  0.156000000000000        1.37553645921910     
  0.160000000000000        1.35836008891084     
  0.164000000000000        1.34118863452366     
  0.168000000000000        1.32403778563106     
  0.172000000000000        1.30692241158076     
  0.176000000000000        1.28985656794964     
  0.180000000000000        1.27285350613284     
  0.184000000000000        1.25592568573542     
  0.188000000000000        1.23908478944570     
  0.192000000000000        1.22234174008125     
  0.196000000000000        1.20570671951316     
  0.200000000000000        1.18918918918919     
  0.204000000000000        1.17279791199325     
  0.208000000000000        1.15654097519535     
  0.212000000000000        1.14042581426403     
  0.216000000000000        1.12445923733041     
  0.220000000000000        1.10864745011086     
  0.224000000000000        1.09299608111223     
  0.228000000000000        1.07751020696032     
  0.232000000000000        1.06219437770860     
  0.236000000000000        1.04705264199938     
  0.240000000000000        1.03208857196472     
  0.244000000000000        1.01730528776792     
  0.248000000000000        1.00270548169971     
  0.252000000000000       0.988291441755493     
  0.256000000000000       0.974065074631095     
  0.260000000000000       0.960027928085181     
  0.264000000000000       0.946181212625842     
  0.268000000000000       0.932525822487776     
  0.272000000000000       0.919062355874313     
  0.276000000000000       0.905791134445755     
  0.280000000000000       0.892712222041876     
  0.284000000000000       0.879825442632182     
  0.288000000000000       0.867130397492574     
  0.292000000000000       0.854626481611546     
  0.296000000000000       0.842312899332888     
  0.300000000000000       0.830188679245283     
  0.304000000000000       0.818252688332014     
  0.308000000000000       0.806503645396477     
  0.312000000000000       0.794940133781198     
  0.316000000000000       0.783560613399741     
  0.320000000000000       0.772363432102233     
  0.324000000000000       0.761346836396255     
  0.328000000000000       0.750508981545666     
  0.332000000000000       0.739847941070439     
  0.336000000000000       0.729361715670933     
  0.340000000000000       0.719048241600209     
  0.344000000000000       0.708905398507947     
  0.348000000000000       0.698931016779427     
  0.352000000000000       0.689122884392745     
  0.356000000000000       0.679478753317092     
  0.360000000000000       0.669996345474479     
  0.364000000000000       0.660673358286766     
  0.368000000000000       0.651507469829281     
  0.372000000000000       0.642496343611717     
  0.376000000000000       0.633637633006300     
  0.380000000000000       0.624928985342575     
  0.384000000000000       0.616368045687441     
  0.388000000000000       0.607952460328339     
  0.392000000000000       0.599679879976798     
  0.396000000000000       0.591547962708817     
  0.400000000000000       0.583554376657825     
  0.404000000000000       0.575696802475287     
  0.408000000000000       0.567972935573281     
  0.412000000000000       0.560380488162727     
  0.416000000000000       0.552917191100245     
  0.420000000000000       0.545580795555997     
  0.424000000000000       0.538369074514196     
  0.428000000000000       0.531279824117399     
  0.432000000000000       0.524310864865071     
  0.436000000000000       0.517460042676341     
  0.440000000000000       0.510725229826354     
  0.444000000000000       0.504104325765047     
  0.448000000000000       0.497595257826721     
  0.452000000000000       0.491195981838252     
  0.456000000000000       0.484904482633367     
  0.460000000000000       0.478718774479937     
  0.464000000000000       0.472636901426848     
  0.468000000000000       0.466656937576574     
  0.472000000000000       0.460776987289257     
  0.476000000000000       0.454995185323675     
  0.480000000000000       0.449309696920186     
  0.484000000000000       0.443718717830393     
  0.488000000000000       0.438220474297971     
  0.492000000000000       0.432813222994816     
  0.496000000000000       0.427495250916394     
  0.500000000000000       0.422264875239923     
  0.504000000000000       0.417120443148759     
  0.508000000000000       0.412060331626155     
  0.512000000000000       0.407082947221326     
  0.516000000000000       0.402186725790553     
  0.520000000000000       0.397370132215880     
  0.524000000000000       0.392631660103769     
  0.528000000000000       0.387969831465905     
  0.532000000000000       0.383383196384208     
  0.536000000000000       0.378870332661929     
  0.540000000000000       0.374429845462591     
  0.544000000000000       0.370060366938403     
  0.548000000000000       0.365760555849642     
  0.552000000000000       0.361529097176392     
  0.556000000000000       0.357364701723927     
  0.560000000000000       0.353266105722911     
  0.564000000000000       0.349232070425504     
  0.568000000000000       0.345261381698385     
  0.572000000000000       0.341352849613589     
  0.576000000000000       0.337505308038026     
  0.580000000000000       0.333717614222438     
  0.584000000000000       0.329988648390495     
  0.588000000000000       0.326317313328698     
  0.592000000000000       0.322702533977643     
  0.596000000000000       0.319143257025213     
  0.600000000000000       0.315638450502152     
  0.604000000000000       0.312187103380475     
  0.608000000000000       0.308788225175111     
  0.612000000000000       0.305440845549116     
  0.616000000000000       0.302144013922796     
  0.620000000000000       0.298896799087006     
  0.624000000000000       0.295698288820884     
  0.628000000000000       0.292547589514243     
  0.632000000000000       0.289443825794813     
  0.636000000000000       0.286386140160501     
  0.640000000000000       0.283373692616827     
  0.644000000000000       0.280405660319642     
  0.648000000000000       0.277481237223250     
  0.652000000000000       0.274599633734016     
  0.656000000000000       0.271760076369523     
  0.660000000000000       0.268961807423346     
  0.664000000000000       0.266204084635475     
  0.668000000000000       0.263486180868412     
  0.672000000000000       0.260807383788972     
  0.676000000000000       0.258166995555773     
  0.680000000000000       0.255564332512430     
  0.684000000000000       0.252998724886427     
  0.688000000000000       0.250469516493645     
  0.692000000000000       0.247976064448528     
  0.696000000000000       0.245517738879832     
  0.700000000000000       0.243093922651934     
  0.704000000000000       0.240704011091641     
  0.708000000000000       0.238347411720452     
  0.712000000000000       0.236023543992214     
  0.716000000000000       0.233731839036107     
  0.720000000000000       0.231471739404907     
  0.724000000000000       0.229242698828445     
  0.728000000000000       0.227044181972197     
  0.732000000000000       0.224875664200939     
  0.736000000000000       0.222736631347387     
  0.740000000000000       0.220626579485739     
  0.744000000000000       0.218545014710066     
  0.748000000000000       0.216491452917439     
  0.752000000000000       0.214465419595744     
  0.756000000000000       0.212466449616092     
  0.760000000000000       0.210494087029737     
  0.764000000000000       0.208547884869434     
  0.768000000000000       0.206627404955151     
  0.772000000000000       0.204732217704051     
  0.776000000000000       0.202861901944671     
  0.780000000000000       0.201016044735207     
  0.784000000000000       0.199194241185836     
  0.788000000000000       0.197396094284988     
  0.792000000000000       0.195621214729495     
  0.796000000000000       0.193869220758529     
  0.800000000000000       0.192139737991266     
  0.804000000000000       0.190432399268186     
  0.808000000000000       0.188746844495936     
  0.812000000000000       0.187082720495694     
  0.816000000000000       0.185439680854938     
  0.820000000000000       0.183817385782561     
  0.824000000000000       0.182215501967265     
  0.828000000000000       0.180633702439146     
  0.832000000000000       0.179071666434416     
  0.836000000000000       0.177529079263183     
  0.840000000000000       0.176005632180230     
  0.844000000000000       0.174501022258716     
  0.848000000000000       0.173014952266747     
  0.852000000000000       0.171547130546742     
  0.856000000000000       0.170097270897532     
  0.860000000000000       0.168665092459137     
  0.864000000000000       0.167250319600156     
  0.868000000000000       0.165852681807710     
  0.872000000000000       0.164471913579878     
  0.876000000000000       0.163107754320576     
  0.880000000000000       0.161759948236817     
  0.884000000000000       0.160428244238293     
  0.888000000000000       0.159112395839240     
  0.892000000000000       0.157812161062518     
  0.896000000000000       0.156527302345860     
  0.900000000000000       0.155257586450247     
  0.904000000000000       0.154002784370341     
  0.908000000000000       0.152762671246954     
  0.912000000000000       0.151537026281480     
  0.916000000000000       0.150325632652258     
  0.920000000000000       0.149128277432825     
  0.924000000000000       0.147944751511995     
  0.928000000000000       0.146774849515750     
  0.932000000000000       0.145618369730865     
  0.936000000000000       0.144475114030267     
  0.940000000000000       0.143344887800047     
  0.944000000000000       0.142227499868116     
  0.948000000000000       0.141122762434455     
  0.952000000000000       0.140030491002914     
  0.956000000000000       0.138950504314539     
  0.960000000000000       0.137882624282384     
  0.964000000000000       0.136826675927759     
  0.968000000000000       0.135782487317916     
  0.972000000000000       0.134749889505091     
  0.976000000000000       0.133728716466916     
  0.980000000000000       0.132718805048141     
  0.984000000000000       0.131719994903634     
  0.988000000000000       0.130732128442652     
  0.992000000000000       0.129755050774331     
  0.996000000000000       0.128788609654369     
