  -1.00000000000000       0.129821958456973     
 -0.996000000000000       0.130790272193241     
 -0.992000000000000       0.131769170531896     
 -0.988000000000000       0.132758803805247     
 -0.984000000000000       0.133759324935796     
 -0.980000000000000       0.134770889487871     
 -0.976000000000000       0.135793655720405     
 -0.972000000000000       0.136827784640886     
 -0.968000000000000       0.137873440060507     
 -0.964000000000000       0.138930788650545     
 -0.960000000000000       0.140000000000000     
 -0.956000000000000       0.141081246674514     
 -0.952000000000000       0.142174704276615     
 -0.948000000000000       0.143280551507311     
 -0.944000000000000       0.144398970229058     
 -0.940000000000000       0.145530145530146     
 -0.936000000000000       0.146674265790532     
 -0.932000000000000       0.147831522749160     
 -0.928000000000000       0.149002111572781     
 -0.924000000000000       0.150186230926349     
 -0.920000000000000       0.151384083044983     
 -0.916000000000000       0.152595873807572     
 -0.912000000000000       0.153821812812039     
 -0.908000000000000       0.155062113452303     
 -0.904000000000000       0.156316992996999     
 -0.900000000000000       0.157586672669969     
 -0.896000000000000       0.158871377732588     
 -0.892000000000000       0.160171337567958     
 -0.888000000000000       0.161486785767016     
 -0.884000000000000       0.162817960216594     
 -0.880000000000000       0.164165103189493     
 -0.876000000000000       0.165528461436598     
 -0.872000000000000       0.166908286281093     
 -0.868000000000000       0.168304833714824     
 -0.864000000000000       0.169718364496858     
 -0.860000000000000       0.171149144254279     
 -0.856000000000000       0.172597443585293     
 -0.852000000000000       0.174063538164674     
 -0.848000000000000       0.175547708851617     
 -0.844000000000000       0.177050241800045     
 -0.840000000000000       0.178571428571429     
 -0.836000000000000       0.180111566250180     
 -0.832000000000000       0.181670957561664     
 -0.828000000000000       0.183249910992900     
 -0.824000000000000       0.184848740916005     
 -0.820000000000000       0.186467767714438     
 -0.816000000000000       0.188107317912116     
 -0.812000000000000       0.189767724305450     
 -0.808000000000000       0.191449326098372     
 -0.804000000000000       0.193152469040419     
 -0.800000000000000       0.194877505567929     
 -0.796000000000000       0.196624794948428     
 -0.792000000000000       0.198394703428260     
 -0.788000000000000       0.200187604383537     
 -0.784000000000000       0.202003878474467     
 -0.780000000000000       0.203843913803145     
 -0.776000000000000       0.205708106074854     
 -0.772000000000000       0.207596858762960     
 -0.768000000000000       0.209510583277464     
 -0.764000000000000       0.211449699137285     
 -0.760000000000000       0.213414634146342     
 -0.756000000000000       0.215405824573496     
 -0.752000000000000       0.217423715336448     
 -0.748000000000000       0.219468760189621     
 -0.744000000000000       0.221541421916143     
 -0.740000000000000       0.223642172523962     
 -0.736000000000000       0.225771493446176     
 -0.732000000000000       0.227929875745656     
 -0.728000000000000       0.230117820324006     
 -0.724000000000000       0.232335838134941     
 -0.720000000000000       0.234584450402145     
 -0.716000000000000       0.236864188841666     
 -0.712000000000000       0.239175595888913     
 -0.708000000000000       0.241519224930305     
 -0.704000000000000       0.243895640539637     
 -0.700000000000000       0.246305418719212     
 -0.696000000000000       0.248749147145781     
 -0.692000000000000       0.251227425421344     
 -0.688000000000000       0.253740865328848     
 -0.684000000000000       0.256290091092821     
 -0.680000000000000       0.258875739644970     
 -0.676000000000000       0.261498460894773     
 -0.672000000000000       0.264158918005072     
 -0.668000000000000       0.266857787672695     
 -0.664000000000000       0.269595760414099     
 -0.660000000000000       0.272373540856031     
 -0.656000000000000       0.275191848031199     
 -0.652000000000000       0.278051415678922     
 -0.648000000000000       0.280952992550732     
 -0.644000000000000       0.283897342720872     
 -0.640000000000000       0.286885245901639     
 -0.636000000000000       0.289917497763494     
 -0.632000000000000       0.292994910259845     
 -0.628000000000000       0.296118311956411     
 -0.624000000000000       0.299288548365029     
 -0.620000000000000       0.302506482281763     
 -0.616000000000000       0.305772994129159     
 -0.612000000000000       0.309088982302448     
 -0.608000000000000       0.312455363519497     
 -0.604000000000000       0.315873073174254     
 -0.600000000000000       0.319343065693431     
 -0.596000000000000       0.322866314896129     
 -0.592000000000000       0.326443814356066     
 -0.588000000000000       0.330076577766042     
 -0.584000000000000       0.333765639304242     
 -0.580000000000000       0.337512054001929     
 -0.576000000000000       0.341316898112030     
 -0.572000000000000       0.345181269478086     
 -0.568000000000000       0.349106287902968     
 -0.564000000000000       0.353093095516726     
 -0.560000000000000       0.357142857142857     
 -0.556000000000000       0.361256760662235     
 -0.552000000000000       0.365436017373872     
 -0.548000000000000       0.369681862351599     
 -0.544000000000000       0.373995554795692     
 -0.540000000000000       0.378378378378378     
 -0.536000000000000       0.382831641582079     
 -0.532000000000000       0.387356678029129     
 -0.528000000000000       0.391954846801648     
 -0.524000000000000       0.396627532750102     
 -0.520000000000000       0.401376146788991     
 -0.516000000000000       0.406202126177986     
 -0.512000000000000       0.411106934786694     
 -0.508000000000000       0.416092063341100     
 -0.504000000000000       0.421159029649596     
 -0.500000000000000       0.426309378806334     
 -0.496000000000000       0.431544683369501     
 -0.492000000000000       0.436866543511908     
 -0.488000000000000       0.442276587141124     
 -0.484000000000000       0.447776469986183     
 -0.480000000000000       0.453367875647668     
 -0.476000000000000       0.459052515607785     
 -0.472000000000000       0.464832129196770     
 -0.468000000000000       0.470708483511754     
 -0.464000000000000       0.476683373283940     
 -0.460000000000000       0.482758620689655     
 -0.456000000000000       0.488936075100581     
 -0.452000000000000       0.495217612768125     
 -0.448000000000000       0.501605136436597     
 -0.444000000000000       0.508100574879508     
 -0.440000000000000       0.514705882352941     
 -0.436000000000000       0.521423037959597     
 -0.432000000000000       0.528254044916687     
 -0.428000000000000       0.535200929720472     
 -0.424000000000000       0.542265741199802     
 -0.420000000000000       0.549450549450549     
 -0.416000000000000       0.556757444642403     
 -0.412000000000000       0.564188535688955     
 -0.408000000000000       0.571745948771563     
 -0.404000000000000       0.579431825706907     
 -0.400000000000000       0.587248322147651     
 -0.396000000000000       0.595197605605061     
 -0.392000000000000       0.603281853281853     
 -0.388000000000000       0.611503249702984     
 -0.384000000000000       0.619863984131482     
 -0.380000000000000       0.628366247755835     
 -0.376000000000000       0.637012230634828     
 -0.372000000000000       0.645804118385121     
 -0.368000000000000       0.654744088596229     
 -0.364000000000000       0.663834306956983     
 -0.360000000000000       0.673076923076923     
 -0.356000000000000       0.682474065985492     
 -0.352000000000000       0.692027839291363     
 -0.348000000000000       0.701740315983639     
 -0.344000000000000       0.711613532856213     
 -0.340000000000000       0.721649484536082     
 -0.336000000000000       0.731850117096019     
 -0.332000000000000       0.742217321231657     
 -0.328000000000000       0.752752924982794     
 -0.324000000000000       0.763458685978536     
 -0.320000000000000       0.774336283185841     
 -0.316000000000000       0.785387308141100     
 -0.312000000000000       0.796613255644574     
 -0.308000000000000       0.808015513897867     
 -0.304000000000000       0.819595354065193     
 -0.300000000000000       0.831353919239905     
 -0.296000000000000       0.843292212798766     
 -0.292000000000000       0.855411086127676     
 -0.288000000000000       0.867711225704085     
 -0.284000000000000       0.880193139523187     
 -0.280000000000000       0.892857142857143     
 -0.276000000000000       0.905703343339199     
 -0.272000000000000       0.918731625367492     
 -0.268000000000000       0.931941633826818     
 -0.264000000000000       0.945332757130510     
 -0.260000000000000       0.958904109589041     
 -0.256000000000000       0.972654513116941     
 -0.252000000000000       0.986582478295185     
 -0.248000000000000        1.00068618481244     
 -0.244000000000000        1.01496346131539     
 -0.240000000000000        1.02941176470588     
 -0.236000000000000        1.04402815893092     
 -0.232000000000000        1.05880929332043     
 -0.228000000000000        1.07375138053749     
 -0.224000000000000        1.08885017421603     
 -0.220000000000000        1.10410094637224     
 -0.216000000000000        1.11949846468782     
 -0.212000000000000        1.13503696977559     
 -0.208000000000000        1.15071015255129     
 -0.204000000000000        1.16651113184909     
 -0.200000000000000        1.18243243243243     
 -0.196000000000000        1.19846596356663     
 -0.192000000000000        1.21460299833426     
 -0.188000000000000        1.23083415388944     
 -0.184000000000000        1.24714937286203     
 -0.180000000000000        1.26353790613718     
 -0.176000000000000        1.27998829724985     
 -0.172000000000000        1.29648836864721     
 -0.168000000000000        1.31302521008403     
 -0.164000000000000        1.32958516942714     
 -0.160000000000000        1.34615384615385     
 -0.156000000000000        1.36271608783679     
 -0.152000000000000        1.37925598991173     
 -0.148000000000000        1.39575689902696     
 -0.144000000000000        1.41220142027114     
 -0.140000000000000        1.42857142857143     
 -0.136000000000000        1.44484808454425     
 -0.132000000000000        1.46101185506762     
 -0.128000000000000        1.47704253882512     
 -0.124000000000000        1.49291929704828     
 -0.120000000000000        1.50862068965517     
 -0.116000000000000        1.52412471694827     
 -0.112000000000000        1.53940886699507     
 -0.108000000000000        1.55445016876888     
 -0.104000000000000        1.56922525107604     
 -0.100000000000000        1.58371040723982     
 -9.599999999999997E-002   1.59788166544923     
 -9.199999999999997E-002   1.61171486461595     
 -8.799999999999997E-002   1.62518573551263     
 -8.399999999999996E-002   1.63826998689384     
 -7.999999999999996E-002   1.65094339622642     
 -7.599999999999996E-002   1.66318190458088     
 -7.199999999999995E-002   1.67496171516080     
 -6.799999999999995E-002   1.68625939487377     
 -6.399999999999995E-002   1.69705197827773     
 -6.000000000000005E-002   1.70731707317073     
 -5.600000000000005E-002   1.71703296703297     
 -5.200000000000005E-002   1.72617873347800     
 -4.800000000000004E-002   1.73473433782712     
 -4.400000000000004E-002   1.74268074088827     
 -4.000000000000004E-002   1.75000000000000     
 -3.600000000000003E-002   1.75667536639229     
 -3.200000000000003E-002   1.76269137792103     
 -2.800000000000002E-002   1.76803394625177     
 -2.400000000000002E-002   1.77269043760130     
 -2.000000000000002E-002   1.77664974619289     
 -1.600000000000001E-002   1.77990235964199     
 -1.200000000000001E-002   1.78244041556325     
 -8.000000000000007E-003   1.78425774877651     
 -4.000000000000004E-003   1.78534992858600     
  0.000000000000000E+000   1.78571428571429     
  4.000000000000004E-003   1.78534992858600     
  8.000000000000007E-003   1.78425774877651     
  1.200000000000001E-002   1.78244041556325     
  1.600000000000001E-002   1.77990235964199     
  2.000000000000002E-002   1.77664974619289     
  2.400000000000002E-002   1.77269043760130     
  2.800000000000002E-002   1.76803394625177     
  3.200000000000003E-002   1.76269137792103     
  3.600000000000003E-002   1.75667536639229     
  4.000000000000004E-002   1.75000000000000     
  4.400000000000004E-002   1.74268074088827     
  4.800000000000004E-002   1.73473433782712     
  5.200000000000005E-002   1.72617873347800     
  5.600000000000005E-002   1.71703296703297     
  6.000000000000005E-002   1.70731707317073     
  6.400000000000006E-002   1.69705197827773     
  6.800000000000006E-002   1.68625939487377     
  7.200000000000006E-002   1.67496171516080     
  7.600000000000007E-002   1.66318190458088     
  8.000000000000007E-002   1.65094339622641     
  8.400000000000007E-002   1.63826998689384     
  8.800000000000008E-002   1.62518573551263     
  9.200000000000008E-002   1.61171486461595     
  9.600000000000009E-002   1.59788166544923     
  0.100000000000000        1.58371040723982     
  0.104000000000000        1.56922525107604     
  0.108000000000000        1.55445016876888     
  0.112000000000000        1.53940886699507     
  0.116000000000000        1.52412471694827     
  0.120000000000000        1.50862068965517     
  0.124000000000000        1.49291929704828     
  0.128000000000000        1.47704253882512     
  0.132000000000000        1.46101185506762     
  0.136000000000000        1.44484808454425     
  0.140000000000000        1.42857142857143     
  0.144000000000000        1.41220142027114     
  0.148000000000000        1.39575689902696     
  0.152000000000000        1.37925598991173     
  0.156000000000000        1.36271608783679     
  0.160000000000000        1.34615384615385     
  0.164000000000000        1.32958516942714     
  0.168000000000000        1.31302521008403     
  0.172000000000000        1.29648836864721     
  0.176000000000000        1.27998829724985     
  0.180000000000000        1.26353790613718     
  0.184000000000000        1.24714937286203     
  0.188000000000000        1.23083415388944     
  0.192000000000000        1.21460299833426     
  0.196000000000000        1.19846596356664     
  0.200000000000000        1.18243243243243     
  0.204000000000000        1.16651113184909     
  0.208000000000000        1.15071015255129     
  0.212000000000000        1.13503696977559     
  0.216000000000000        1.11949846468782     
  0.220000000000000        1.10410094637224     
  0.224000000000000        1.08885017421603     
  0.228000000000000        1.07375138053749     
  0.232000000000000        1.05880929332043     
  0.236000000000000        1.04402815893092     
  0.240000000000000        1.02941176470588     
  0.244000000000000        1.01496346131539     
  0.248000000000000        1.00068618481244     
  0.252000000000000       0.986582478295186     
  0.256000000000000       0.972654513116941     
  0.260000000000000       0.958904109589041     
  0.264000000000000       0.945332757130510     
  0.268000000000000       0.931941633826819     
  0.272000000000000       0.918731625367493     
  0.276000000000000       0.905703343339199     
  0.280000000000000       0.892857142857143     
  0.284000000000000       0.880193139523187     
  0.288000000000000       0.867711225704086     
  0.292000000000000       0.855411086127676     
  0.296000000000000       0.843292212798766     
  0.300000000000000       0.831353919239905     
  0.304000000000000       0.819595354065193     
  0.308000000000000       0.808015513897867     
  0.312000000000000       0.796613255644574     
  0.316000000000000       0.785387308141100     
  0.320000000000000       0.774336283185841     
  0.324000000000000       0.763458685978536     
  0.328000000000000       0.752752924982794     
  0.332000000000000       0.742217321231657     
  0.336000000000000       0.731850117096019     
  0.340000000000000       0.721649484536082     
  0.344000000000000       0.711613532856213     
  0.348000000000000       0.701740315983639     
  0.352000000000000       0.692027839291363     
  0.356000000000000       0.682474065985492     
  0.360000000000000       0.673076923076923     
  0.364000000000000       0.663834306956983     
  0.368000000000000       0.654744088596229     
  0.372000000000000       0.645804118385121     
  0.376000000000000       0.637012230634829     
  0.380000000000000       0.628366247755835     
  0.384000000000000       0.619863984131482     
  0.388000000000000       0.611503249702985     
  0.392000000000000       0.603281853281854     
  0.396000000000000       0.595197605605061     
  0.400000000000000       0.587248322147651     
  0.404000000000000       0.579431825706907     
  0.408000000000000       0.571745948771563     
  0.412000000000000       0.564188535688955     
  0.416000000000000       0.556757444642403     
  0.420000000000000       0.549450549450550     
  0.424000000000000       0.542265741199802     
  0.428000000000000       0.535200929720472     
  0.432000000000000       0.528254044916687     
  0.436000000000000       0.521423037959597     
  0.440000000000000       0.514705882352941     
  0.444000000000000       0.508100574879508     
  0.448000000000000       0.501605136436597     
  0.452000000000000       0.495217612768125     
  0.456000000000000       0.488936075100581     
  0.460000000000000       0.482758620689655     
  0.464000000000000       0.476683373283940     
  0.468000000000000       0.470708483511754     
  0.472000000000000       0.464832129196770     
  0.476000000000000       0.459052515607786     
  0.480000000000000       0.453367875647669     
  0.484000000000000       0.447776469986183     
  0.488000000000000       0.442276587141124     
  0.492000000000000       0.436866543511908     
  0.496000000000000       0.431544683369501     
  0.500000000000000       0.426309378806334     
  0.504000000000000       0.421159029649596     
  0.508000000000000       0.416092063341100     
  0.512000000000000       0.411106934786694     
  0.516000000000000       0.406202126177986     
  0.520000000000000       0.401376146788991     
  0.524000000000000       0.396627532750102     
  0.528000000000000       0.391954846801648     
  0.532000000000000       0.387356678029129     
  0.536000000000000       0.382831641582079     
  0.540000000000000       0.378378378378378     
  0.544000000000000       0.373995554795692     
  0.548000000000000       0.369681862351599     
  0.552000000000000       0.365436017373872     
  0.556000000000000       0.361256760662235     
  0.560000000000000       0.357142857142857     
  0.564000000000000       0.353093095516726     
  0.568000000000000       0.349106287902968     
  0.572000000000000       0.345181269478086     
  0.576000000000000       0.341316898112030     
  0.580000000000000       0.337512054001929     
  0.584000000000000       0.333765639304242     
  0.588000000000000       0.330076577766042     
  0.592000000000000       0.326443814356066     
  0.596000000000000       0.322866314896129     
  0.600000000000000       0.319343065693431     
  0.604000000000000       0.315873073174254     
  0.608000000000000       0.312455363519497     
  0.612000000000000       0.309088982302448     
  0.616000000000000       0.305772994129158     
  0.620000000000000       0.302506482281763     
  0.624000000000000       0.299288548365029     
  0.628000000000000       0.296118311956411     
  0.632000000000000       0.292994910259845     
  0.636000000000000       0.289917497763494     
  0.640000000000000       0.286885245901639     
  0.644000000000000       0.283897342720872     
  0.648000000000000       0.280952992550732     
  0.652000000000000       0.278051415678922     
  0.656000000000000       0.275191848031199     
  0.660000000000000       0.272373540856031     
  0.664000000000000       0.269595760414099     
  0.668000000000000       0.266857787672695     
  0.672000000000000       0.264158918005072     
  0.676000000000000       0.261498460894773     
  0.680000000000000       0.258875739644970     
  0.684000000000000       0.256290091092821     
  0.688000000000000       0.253740865328848     
  0.692000000000000       0.251227425421344     
  0.696000000000000       0.248749147145781     
  0.700000000000000       0.246305418719212     
  0.704000000000000       0.243895640539637     
  0.708000000000000       0.241519224930304     
  0.712000000000000       0.239175595888913     
  0.716000000000000       0.236864188841666     
  0.720000000000000       0.234584450402145     
  0.724000000000000       0.232335838134941     
  0.728000000000000       0.230117820324006     
  0.732000000000000       0.227929875745656     
  0.736000000000000       0.225771493446176     
  0.740000000000000       0.223642172523962     
  0.744000000000000       0.221541421916143     
  0.748000000000000       0.219468760189621     
  0.752000000000000       0.217423715336448     
  0.756000000000000       0.215405824573496     
  0.760000000000000       0.213414634146341     
  0.764000000000000       0.211449699137285     
  0.768000000000000       0.209510583277464     
  0.772000000000000       0.207596858762960     
  0.776000000000000       0.205708106074854     
  0.780000000000000       0.203843913803145     
  0.784000000000000       0.202003878474467     
  0.788000000000000       0.200187604383537     
  0.792000000000000       0.198394703428260     
  0.796000000000000       0.196624794948428     
  0.800000000000000       0.194877505567929     
  0.804000000000000       0.193152469040418     
  0.808000000000000       0.191449326098372     
  0.812000000000000       0.189767724305450     
  0.816000000000000       0.188107317912116     
  0.820000000000000       0.186467767714438     
  0.824000000000000       0.184848740916005     
  0.828000000000000       0.183249910992900     
  0.832000000000000       0.181670957561664     
  0.836000000000000       0.180111566250180     
  0.840000000000000       0.178571428571429     
  0.844000000000000       0.177050241800044     
  0.848000000000000       0.175547708851617     
  0.852000000000000       0.174063538164674     
  0.856000000000000       0.172597443585293     
  0.860000000000000       0.171149144254279     
  0.864000000000000       0.169718364496858     
  0.868000000000000       0.168304833714824     
  0.872000000000000       0.166908286281093     
  0.876000000000000       0.165528461436598     
  0.880000000000000       0.164165103189493     
  0.884000000000000       0.162817960216594     
  0.888000000000000       0.161486785767016     
  0.892000000000000       0.160171337567958     
  0.896000000000000       0.158871377732588     
  0.900000000000000       0.157586672669969     
  0.904000000000000       0.156316992996999     
  0.908000000000000       0.155062113452303     
  0.912000000000000       0.153821812812039     
  0.916000000000000       0.152595873807572     
  0.920000000000000       0.151384083044983     
  0.924000000000000       0.150186230926349     
  0.928000000000000       0.149002111572781     
  0.932000000000000       0.147831522749159     
  0.936000000000000       0.146674265790532     
  0.940000000000000       0.145530145530146     
  0.944000000000000       0.144398970229058     
  0.948000000000000       0.143280551507311     
  0.952000000000000       0.142174704276615     
  0.956000000000000       0.141081246674513     
  0.960000000000000       0.140000000000000     
  0.964000000000000       0.138930788650545     
  0.968000000000000       0.137873440060507     
  0.972000000000000       0.136827784640886     
  0.976000000000000       0.135793655720405     
  0.980000000000000       0.134770889487871     
  0.984000000000000       0.133759324935796     
  0.988000000000000       0.132758803805247     
  0.992000000000000       0.131769170531896     
  0.996000000000000       0.130790272193241     
