  -1.00000000000000       0.131794954796643     
 -0.996000000000000       0.132775397138201     
 -0.992000000000000       0.133766517818170     
 -0.988000000000000       0.134768467772367     
 -0.984000000000000       0.135781400520829     
 -0.980000000000000       0.136805472218889     
 -0.976000000000000       0.137840841709381     
 -0.972000000000000       0.138887670575989     
 -0.968000000000000       0.139946123197764     
 -0.964000000000000       0.141016366804846     
 -0.960000000000000       0.142098571535412     
 -0.956000000000000       0.143192910493880     
 -0.952000000000000       0.144299559810395     
 -0.948000000000000       0.145418698701641     
 -0.944000000000000       0.146550509532982     
 -0.940000000000000       0.147695177881999     
 -0.936000000000000       0.148852892603421     
 -0.932000000000000       0.150023845895506     
 -0.928000000000000       0.151208233367890     
 -0.924000000000000       0.152406254110958     
 -0.920000000000000       0.153618110766743     
 -0.916000000000000       0.154844009601415     
 -0.912000000000000       0.156084160579384     
 -0.908000000000000       0.157338777439055     
 -0.904000000000000       0.158608077770271     
 -0.900000000000000       0.159892283093495     
 -0.896000000000000       0.161191618940751     
 -0.892000000000000       0.162506314938379     
 -0.888000000000000       0.163836604891644     
 -0.884000000000000       0.165182726871231     
 -0.880000000000000       0.166544923301680     
 -0.876000000000000       0.167923441051802     
 -0.872000000000000       0.169318531527111     
 -0.868000000000000       0.170730450764333     
 -0.864000000000000       0.172159459528029     
 -0.860000000000000       0.173605823409375     
 -0.856000000000000       0.175069812927155     
 -0.852000000000000       0.176551703631018     
 -0.848000000000000       0.178051776207035     
 -0.844000000000000       0.179570316585619     
 -0.840000000000000       0.181107616051854     
 -0.836000000000000       0.182663971358289     
 -0.832000000000000       0.184239684840242     
 -0.828000000000000       0.185835064533671     
 -0.824000000000000       0.187450424295680     
 -0.820000000000000       0.189086083927683     
 -0.816000000000000       0.190742369301321     
 -0.812000000000000       0.192419612487155     
 -0.808000000000000       0.194118151886215     
 -0.804000000000000       0.195838332364449     
 -0.800000000000000       0.197580505390135     
 -0.796000000000000       0.199345029174320     
 -0.792000000000000       0.201132268814336     
 -0.788000000000000       0.202942596440458     
 -0.784000000000000       0.204776391365765     
 -0.780000000000000       0.206634040239260     
 -0.776000000000000       0.208515937202316     
 -0.772000000000000       0.210422484048499     
 -0.768000000000000       0.212354090386842     
 -0.764000000000000       0.214311173808618     
 -0.760000000000000       0.216294160057678     
 -0.756000000000000       0.218303483204419     
 -0.752000000000000       0.220339585823428     
 -0.748000000000000       0.222402919174877     
 -0.744000000000000       0.224493943389717     
 -0.740000000000000       0.226613127658729     
 -0.736000000000000       0.228760950425495     
 -0.732000000000000       0.230937899583339     
 -0.728000000000000       0.233144472676286     
 -0.724000000000000       0.235381177104101     
 -0.720000000000000       0.237648530331457     
 -0.716000000000000       0.239947060101266     
 -0.712000000000000       0.242277304652234     
 -0.708000000000000       0.244639812940674     
 -0.704000000000000       0.247035144866610     
 -0.700000000000000       0.249463871504223     
 -0.696000000000000       0.251926575336654     
 -0.692000000000000       0.254423850495189     
 -0.688000000000000       0.256956303002873     
 -0.684000000000000       0.259524551022527     
 -0.680000000000000       0.262129225109221     
 -0.676000000000000       0.264770968467171     
 -0.672000000000000       0.267450437211083     
 -0.668000000000000       0.270168300631909     
 -0.664000000000000       0.272925241467016     
 -0.660000000000000       0.275721956174721     
 -0.656000000000000       0.278559155213161     
 -0.652000000000000       0.281437563323452     
 -0.648000000000000       0.284357919817053     
 -0.644000000000000       0.287320978867290     
 -0.640000000000000       0.290327509804920     
 -0.636000000000000       0.293378297417653     
 -0.632000000000000       0.296474142253495     
 -0.628000000000000       0.299615860927779     
 -0.624000000000000       0.302804286433731     
 -0.620000000000000       0.306040268456376     
 -0.616000000000000       0.309324673689603     
 -0.612000000000000       0.312658386156145     
 -0.608000000000000       0.316042307530235     
 -0.604000000000000       0.319477357462655     
 -0.600000000000000       0.322964473907870     
 -0.596000000000000       0.326504613452907     
 -0.592000000000000       0.330098751647598     
 -0.588000000000000       0.333747883335792     
 -0.584000000000000       0.337453022987063     
 -0.580000000000000       0.341215205028435     
 -0.576000000000000       0.345035484175583     
 -0.572000000000000       0.348914935762924     
 -0.568000000000000       0.352854656071948     
 -0.564000000000000       0.356855762657110     
 -0.560000000000000       0.360919394668524     
 -0.556000000000000       0.365046713170629     
 -0.552000000000000       0.369238901455967     
 -0.548000000000000       0.373497165353092     
 -0.544000000000000       0.377822733527592     
 -0.540000000000000       0.382216857775096     
 -0.536000000000000       0.386680813305076     
 -0.532000000000000       0.391215899014136     
 -0.528000000000000       0.395823437747390     
 -0.524000000000000       0.400504776546440     
 -0.520000000000000       0.405261286882332     
 -0.516000000000000       0.410094364871748     
 -0.512000000000000       0.415005431474594     
 -0.508000000000000       0.419995932670968     
 -0.504000000000000       0.425067339615381     
 -0.500000000000000       0.430221148765945     
 -0.496000000000000       0.435458881986059     
 -0.492000000000000       0.440782086616000     
 -0.488000000000000       0.446192335511587     
 -0.484000000000000       0.451691227046954     
 -0.480000000000000       0.457280385078219     
 -0.476000000000000       0.462961458864656     
 -0.472000000000000       0.468736122943729     
 -0.468000000000000       0.474606076956126     
 -0.464000000000000       0.480573045416682     
 -0.460000000000000       0.486638777426791     
 -0.456000000000000       0.492805046323674     
 -0.452000000000000       0.499073649261546     
 -0.448000000000000       0.505446406719422     
 -0.444000000000000       0.511925161930012     
 -0.440000000000000       0.518511780223779     
 -0.436000000000000       0.525208148281924     
 -0.432000000000000       0.532016173291668     
 -0.428000000000000       0.538937781996831     
 -0.424000000000000       0.545974919636323     
 -0.420000000000000       0.553129548762736     
 -0.416000000000000       0.560403647932799     
 -0.412000000000000       0.567799210261028     
 -0.408000000000000       0.575318241827453     
 -0.404000000000000       0.582962759929799     
 -0.400000000000000       0.590734791170069     
 -0.396000000000000       0.598636369364941     
 -0.392000000000000       0.606669533268906     
 -0.388000000000000       0.614836324098564     
 -0.384000000000000       0.623138782845973     
 -0.380000000000000       0.631578947368421     
 -0.376000000000000       0.640158849241468     
 -0.372000000000000       0.648880510361597     
 -0.368000000000000       0.657745939284280     
 -0.364000000000000       0.666757127282766     
 -0.360000000000000       0.675916044112415     
 -0.356000000000000       0.685224633464928     
 -0.352000000000000       0.694684808096369     
 -0.348000000000000       0.704298444612487     
 -0.344000000000000       0.714067377894478     
 -0.340000000000000       0.723993395147974     
 -0.336000000000000       0.734078229557853     
 -0.332000000000000       0.744323553531228     
 -0.328000000000000       0.754730971510892     
 -0.324000000000000       0.765302012341502     
 -0.320000000000000       0.776038121170865     
 -0.316000000000000       0.786940650868948     
 -0.312000000000000       0.798010852947600     
 -0.308000000000000       0.809249867964495     
 -0.304000000000000       0.820658715395557     
 -0.300000000000000       0.832238282961016     
 -0.296000000000000       0.843989315391403     
 -0.292000000000000       0.855912402621194     
 -0.288000000000000       0.868007967399448     
 -0.284000000000000       0.880276252308794     
 -0.280000000000000       0.892717306186374     
 -0.276000000000000       0.905330969943012     
 -0.272000000000000       0.918116861779922     
 -0.268000000000000       0.931074361805696     
 -0.264000000000000       0.944202596060190     
 -0.260000000000000       0.957500419956324     
 -0.256000000000000       0.970966401155620     
 -0.252000000000000       0.984598801898721     
 -0.248000000000000       0.998395560818054     
 -0.244000000000000        1.01235427426631     
 -0.240000000000000        1.02647217720151     
 -0.236000000000000        1.04074612367716     
 -0.232000000000000        1.05517256699420     
 -0.228000000000000        1.06974753958066     
 -0.224000000000000        1.08446663267403     
 -0.220000000000000        1.09932497589200     
 -0.216000000000000        1.11431721678748     
 -0.212000000000000        1.12943750049537     
 -0.208000000000000        1.14467944958992     
 -0.204000000000000        1.16003614428407     
 -0.200000000000000        1.17550010311404     
 -0.196000000000000        1.19106326426559     
 -0.192000000000000        1.20671696771079     
 -0.188000000000000        1.22245193833695     
 -0.184000000000000        1.23825827026182     
 -0.180000000000000        1.25412541254125     
 -0.176000000000000        1.27004215648702     
 -0.172000000000000        1.28599662482289     
 -0.168000000000000        1.30197626291697     
 -0.164000000000000        1.31796783233599     
 -0.160000000000000        1.33395740697402     
 -0.156000000000000        1.34993037201239     
 -0.152000000000000        1.36587142596977     
 -0.148000000000000        1.38176458610090     
 -0.144000000000000        1.39759319739901     
 -0.140000000000000        1.41333994545004     
 -0.136000000000000        1.42898687337672     
 -0.132000000000000        1.44451540309582     
 -0.128000000000000        1.45990636109375     
 -0.124000000000000        1.47514000890260     
 -0.120000000000000        1.49019607843137     
 -0.116000000000000        1.50505381227490     
 -0.112000000000000        1.51969200908616     
 -0.108000000000000        1.53408907405613     
 -0.104000000000000        1.54822307449941     
 -0.100000000000000        1.56207180049329     
 -9.599999999999997E-002   1.57561283046406     
 -9.199999999999997E-002   1.58882360155649     
 -8.799999999999997E-002   1.60168148456204     
 -8.399999999999996E-002   1.61416386311890     
 -7.999999999999996E-002   1.62624821683310     
 -7.599999999999996E-002   1.63791220790566     
 -7.199999999999995E-002   1.64913377078777     
 -6.799999999999995E-002   1.65989120432387     
 -6.399999999999995E-002   1.67016326578451     
 -6.000000000000005E-002   1.67992926613616     
 -5.600000000000005E-002   1.68916916584678     
 -5.200000000000005E-002   1.69786367048338     
 -4.800000000000004E-002   1.70599432532414     
 -4.400000000000004E-002   1.71354360818172     
 -4.000000000000004E-002   1.72049501961968     
 -3.600000000000003E-002   1.72683316973861     
 -3.200000000000003E-002   1.73254386071563     
 -2.800000000000002E-002   1.73761416429904     
 -2.400000000000002E-002   1.74203249349030     
 -2.000000000000002E-002   1.74578866768760     
 -1.600000000000001E-002   1.74887397061892     
 -1.200000000000001E-002   1.75128120045718     
 -8.000000000000007E-003   1.75300471158459     
 -4.000000000000004E-003   1.75404044755727     
  0.000000000000000E+000   1.75438596491228     
  4.000000000000004E-003   1.75404044755727     
  8.000000000000007E-003   1.75300471158459     
  1.200000000000001E-002   1.75128120045718     
  1.600000000000001E-002   1.74887397061892     
  2.000000000000002E-002   1.74578866768760     
  2.400000000000002E-002   1.74203249349030     
  2.800000000000002E-002   1.73761416429904     
  3.200000000000003E-002   1.73254386071563     
  3.600000000000003E-002   1.72683316973861     
  4.000000000000004E-002   1.72049501961968     
  4.400000000000004E-002   1.71354360818172     
  4.800000000000004E-002   1.70599432532414     
  5.200000000000005E-002   1.69786367048338     
  5.600000000000005E-002   1.68916916584678     
  6.000000000000005E-002   1.67992926613616     
  6.400000000000006E-002   1.67016326578451     
  6.800000000000006E-002   1.65989120432387     
  7.200000000000006E-002   1.64913377078776     
  7.600000000000007E-002   1.63791220790566     
  8.000000000000007E-002   1.62624821683310     
  8.400000000000007E-002   1.61416386311890     
  8.800000000000008E-002   1.60168148456204     
  9.200000000000008E-002   1.58882360155649     
  9.600000000000009E-002   1.57561283046406     
  0.100000000000000        1.56207180049329     
  0.104000000000000        1.54822307449941     
  0.108000000000000        1.53408907405613     
  0.112000000000000        1.51969200908616     
  0.116000000000000        1.50505381227490     
  0.120000000000000        1.49019607843137     
  0.124000000000000        1.47514000890260     
  0.128000000000000        1.45990636109375     
  0.132000000000000        1.44451540309582     
  0.136000000000000        1.42898687337672     
  0.140000000000000        1.41333994545004     
  0.144000000000000        1.39759319739901     
  0.148000000000000        1.38176458610090     
  0.152000000000000        1.36587142596977     
  0.156000000000000        1.34993037201239     
  0.160000000000000        1.33395740697402     
  0.164000000000000        1.31796783233599     
  0.168000000000000        1.30197626291698     
  0.172000000000000        1.28599662482289     
  0.176000000000000        1.27004215648702     
  0.180000000000000        1.25412541254125     
  0.184000000000000        1.23825827026182     
  0.188000000000000        1.22245193833695     
  0.192000000000000        1.20671696771079     
  0.196000000000000        1.19106326426559     
  0.200000000000000        1.17550010311404     
  0.204000000000000        1.16003614428407     
  0.208000000000000        1.14467944958992     
  0.212000000000000        1.12943750049537     
  0.216000000000000        1.11431721678748     
  0.220000000000000        1.09932497589200     
  0.224000000000000        1.08446663267403     
  0.228000000000000        1.06974753958066     
  0.232000000000000        1.05517256699420     
  0.236000000000000        1.04074612367716     
  0.240000000000000        1.02647217720151     
  0.244000000000000        1.01235427426631     
  0.248000000000000       0.998395560818054     
  0.252000000000000       0.984598801898721     
  0.256000000000000       0.970966401155620     
  0.260000000000000       0.957500419956325     
  0.264000000000000       0.944202596060191     
  0.268000000000000       0.931074361805696     
  0.272000000000000       0.918116861779923     
  0.276000000000000       0.905330969943012     
  0.280000000000000       0.892717306186374     
  0.284000000000000       0.880276252308795     
  0.288000000000000       0.868007967399448     
  0.292000000000000       0.855912402621194     
  0.296000000000000       0.843989315391404     
  0.300000000000000       0.832238282961016     
  0.304000000000000       0.820658715395558     
  0.308000000000000       0.809249867964495     
  0.312000000000000       0.798010852947600     
  0.316000000000000       0.786940650868948     
  0.320000000000000       0.776038121170865     
  0.324000000000000       0.765302012341502     
  0.328000000000000       0.754730971510892     
  0.332000000000000       0.744323553531228     
  0.336000000000000       0.734078229557853     
  0.340000000000000       0.723993395147974     
  0.344000000000000       0.714067377894478     
  0.348000000000000       0.704298444612487     
  0.352000000000000       0.694684808096369     
  0.356000000000000       0.685224633464928     
  0.360000000000000       0.675916044112415     
  0.364000000000000       0.666757127282766     
  0.368000000000000       0.657745939284280     
  0.372000000000000       0.648880510361597     
  0.376000000000000       0.640158849241468     
  0.380000000000000       0.631578947368421     
  0.384000000000000       0.623138782845974     
  0.388000000000000       0.614836324098564     
  0.392000000000000       0.606669533268906     
  0.396000000000000       0.598636369364942     
  0.400000000000000       0.590734791170070     
  0.404000000000000       0.582962759929799     
  0.408000000000000       0.575318241827453     
  0.412000000000000       0.567799210261029     
  0.416000000000000       0.560403647932799     
  0.420000000000000       0.553129548762737     
  0.424000000000000       0.545974919636323     
  0.428000000000000       0.538937781996831     
  0.432000000000000       0.532016173291668     
  0.436000000000000       0.525208148281925     
  0.440000000000000       0.518511780223779     
  0.444000000000000       0.511925161930012     
  0.448000000000000       0.505446406719422     
  0.452000000000000       0.499073649261546     
  0.456000000000000       0.492805046323675     
  0.460000000000000       0.486638777426791     
  0.464000000000000       0.480573045416682     
  0.468000000000000       0.474606076956127     
  0.472000000000000       0.468736122943729     
  0.476000000000000       0.462961458864656     
  0.480000000000000       0.457280385078219     
  0.484000000000000       0.451691227046954     
  0.488000000000000       0.446192335511587     
  0.492000000000000       0.440782086616000     
  0.496000000000000       0.435458881986059     
  0.500000000000000       0.430221148765945     
  0.504000000000000       0.425067339615381     
  0.508000000000000       0.419995932670968     
  0.512000000000000       0.415005431474594     
  0.516000000000000       0.410094364871748     
  0.520000000000000       0.405261286882332     
  0.524000000000000       0.400504776546440     
  0.528000000000000       0.395823437747390     
  0.532000000000000       0.391215899014136     
  0.536000000000000       0.386680813305076     
  0.540000000000000       0.382216857775096     
  0.544000000000000       0.377822733527592     
  0.548000000000000       0.373497165353092     
  0.552000000000000       0.369238901455967     
  0.556000000000000       0.365046713170629     
  0.560000000000000       0.360919394668524     
  0.564000000000000       0.356855762657110     
  0.568000000000000       0.352854656071948     
  0.572000000000000       0.348914935762924     
  0.576000000000000       0.345035484175583     
  0.580000000000000       0.341215205028435     
  0.584000000000000       0.337453022987063     
  0.588000000000000       0.333747883335792     
  0.592000000000000       0.330098751647598     
  0.596000000000000       0.326504613452907     
  0.600000000000000       0.322964473907870     
  0.604000000000000       0.319477357462655     
  0.608000000000000       0.316042307530235     
  0.612000000000000       0.312658386156145     
  0.616000000000000       0.309324673689603     
  0.620000000000000       0.306040268456376     
  0.624000000000000       0.302804286433730     
  0.628000000000000       0.299615860927779     
  0.632000000000000       0.296474142253495     
  0.636000000000000       0.293378297417653     
  0.640000000000000       0.290327509804920     
  0.644000000000000       0.287320978867290     
  0.648000000000000       0.284357919817053     
  0.652000000000000       0.281437563323452     
  0.656000000000000       0.278559155213161     
  0.660000000000000       0.275721956174721     
  0.664000000000000       0.272925241467016     
  0.668000000000000       0.270168300631909     
  0.672000000000000       0.267450437211083     
  0.676000000000000       0.264770968467171     
  0.680000000000000       0.262129225109221     
  0.684000000000000       0.259524551022527     
  0.688000000000000       0.256956303002873     
  0.692000000000000       0.254423850495189     
  0.696000000000000       0.251926575336654     
  0.700000000000000       0.249463871504223     
  0.704000000000000       0.247035144866610     
  0.708000000000000       0.244639812940674     
  0.712000000000000       0.242277304652234     
  0.716000000000000       0.239947060101266     
  0.720000000000000       0.237648530331457     
  0.724000000000000       0.235381177104101     
  0.728000000000000       0.233144472676286     
  0.732000000000000       0.230937899583339     
  0.736000000000000       0.228760950425495     
  0.740000000000000       0.226613127658729     
  0.744000000000000       0.224493943389717     
  0.748000000000000       0.222402919174877     
  0.752000000000000       0.220339585823428     
  0.756000000000000       0.218303483204419     
  0.760000000000000       0.216294160057678     
  0.764000000000000       0.214311173808618     
  0.768000000000000       0.212354090386842     
  0.772000000000000       0.210422484048499     
  0.776000000000000       0.208515937202316     
  0.780000000000000       0.206634040239260     
  0.784000000000000       0.204776391365765     
  0.788000000000000       0.202942596440458     
  0.792000000000000       0.201132268814336     
  0.796000000000000       0.199345029174320     
  0.800000000000000       0.197580505390135     
  0.804000000000000       0.195838332364449     
  0.808000000000000       0.194118151886215     
  0.812000000000000       0.192419612487155     
  0.816000000000000       0.190742369301321     
  0.820000000000000       0.189086083927683     
  0.824000000000000       0.187450424295680     
  0.828000000000000       0.185835064533671     
  0.832000000000000       0.184239684840242     
  0.836000000000000       0.182663971358289     
  0.840000000000000       0.181107616051854     
  0.844000000000000       0.179570316585618     
  0.848000000000000       0.178051776207035     
  0.852000000000000       0.176551703631018     
  0.856000000000000       0.175069812927155     
  0.860000000000000       0.173605823409375     
  0.864000000000000       0.172159459528029     
  0.868000000000000       0.170730450764333     
  0.872000000000000       0.169318531527111     
  0.876000000000000       0.167923441051802     
  0.880000000000000       0.166544923301680     
  0.884000000000000       0.165182726871231     
  0.888000000000000       0.163836604891644     
  0.892000000000000       0.162506314938379     
  0.896000000000000       0.161191618940751     
  0.900000000000000       0.159892283093495     
  0.904000000000000       0.158608077770271     
  0.908000000000000       0.157338777439055     
  0.912000000000000       0.156084160579384     
  0.916000000000000       0.154844009601415     
  0.920000000000000       0.153618110766743     
  0.924000000000000       0.152406254110958     
  0.928000000000000       0.151208233367890     
  0.932000000000000       0.150023845895505     
  0.936000000000000       0.148852892603421     
  0.940000000000000       0.147695177881999     
  0.944000000000000       0.146550509532982     
  0.948000000000000       0.145418698701641     
  0.952000000000000       0.144299559810395     
  0.956000000000000       0.143192910493880     
  0.960000000000000       0.142098571535412     
  0.964000000000000       0.141016366804846     
  0.968000000000000       0.139946123197764     
  0.972000000000000       0.138887670575989     
  0.976000000000000       0.137840841709381     
  0.980000000000000       0.136805472218889     
  0.984000000000000       0.135781400520829     
  0.988000000000000       0.134768467772367     
  0.992000000000000       0.133766517818170     
  0.996000000000000       0.132775397138201     
