  -1.00000000000000       0.133751498939212     
 -0.996000000000000       0.134743838024897     
 -0.992000000000000       0.135746945225640     
 -0.988000000000000       0.136760972002671     
 -0.984000000000000       0.137786072393753     
 -0.980000000000000       0.138822403063667     
 -0.976000000000000       0.139870123355803     
 -0.972000000000000       0.140929395344859     
 -0.968000000000000       0.142000383890693     
 -0.964000000000000       0.143083256693336     
 -0.960000000000000       0.144178184349210     
 -0.956000000000000       0.145285340408562     
 -0.952000000000000       0.146404901434162     
 -0.948000000000000       0.147537047061266     
 -0.944000000000000       0.148681960058899     
 -0.940000000000000       0.149839826392477     
 -0.936000000000000       0.151010835287795     
 -0.932000000000000       0.152195179296417     
 -0.928000000000000       0.153393054362498     
 -0.924000000000000       0.154604659891073     
 -0.920000000000000       0.155830198817840     
 -0.916000000000000       0.157069877680479     
 -0.912000000000000       0.158323906691533     
 -0.908000000000000       0.159592499812892     
 -0.904000000000000       0.160875874831912     
 -0.900000000000000       0.162174253439213     
 -0.896000000000000       0.163487861308173     
 -0.892000000000000       0.164816928176193     
 -0.888000000000000       0.166161687927723     
 -0.884000000000000       0.167522378679138     
 -0.880000000000000       0.168899242865463     
 -0.876000000000000       0.170292527329015     
 -0.872000000000000       0.171702483409988     
 -0.868000000000000       0.173129367039034     
 -0.864000000000000       0.174573438831875     
 -0.860000000000000       0.176034964185990     
 -0.856000000000000       0.177514213379430     
 -0.852000000000000       0.179011461671794     
 -0.848000000000000       0.180526989407423     
 -0.844000000000000       0.182061082120848     
 -0.840000000000000       0.183614030644549     
 -0.836000000000000       0.185186131219061     
 -0.832000000000000       0.186777685605495     
 -0.828000000000000       0.188389001200493     
 -0.824000000000000       0.190020391153699     
 -0.820000000000000       0.191672174487773     
 -0.816000000000000       0.193344676221005     
 -0.812000000000000       0.195038227492589     
 -0.808000000000000       0.196753165690590     
 -0.804000000000000       0.198489834582679     
 -0.800000000000000       0.200248584449662     
 -0.796000000000000       0.202029772221882     
 -0.792000000000000       0.203833761618524     
 -0.788000000000000       0.205660923289894     
 -0.784000000000000       0.207511634962705     
 -0.780000000000000       0.209386281588448     
 -0.776000000000000       0.211285255494874     
 -0.772000000000000       0.213208956540663     
 -0.768000000000000       0.215157792273313     
 -0.764000000000000       0.217132178090315     
 -0.760000000000000       0.219132537403657     
 -0.756000000000000       0.221159301807710     
 -0.752000000000000       0.223212911250547     
 -0.748000000000000       0.225293814208737     
 -0.744000000000000       0.227402467865679     
 -0.740000000000000       0.229539338293494     
 -0.736000000000000       0.231704900638547     
 -0.732000000000000       0.233899639310625     
 -0.728000000000000       0.236124048175820     
 -0.724000000000000       0.238378630753145     
 -0.720000000000000       0.240663900414938     
 -0.716000000000000       0.242980380591062     
 -0.712000000000000       0.245328604976956     
 -0.708000000000000       0.247709117745540     
 -0.704000000000000       0.250122473763015     
 -0.700000000000000       0.252569238808570     
 -0.696000000000000       0.255049989798000     
 -0.692000000000000       0.257565315011262     
 -0.688000000000000       0.260115814323950     
 -0.684000000000000       0.262702099442709     
 -0.680000000000000       0.265324794144556     
 -0.676000000000000       0.267984534520104     
 -0.672000000000000       0.270681969220660     
 -0.668000000000000       0.273417759709159     
 -0.664000000000000       0.276192580514899     
 -0.660000000000000       0.279007119492015     
 -0.656000000000000       0.281862078081627     
 -0.652000000000000       0.284758171577600     
 -0.648000000000000       0.287696129395798     
 -0.644000000000000       0.290676695346767     
 -0.640000000000000       0.293700627911687     
 -0.636000000000000       0.296768700521494     
 -0.632000000000000       0.299881701838999     
 -0.628000000000000       0.303040436043838     
 -0.624000000000000       0.306245723120074     
 -0.620000000000000       0.309498399146211     
 -0.616000000000000       0.312799316587424     
 -0.612000000000000       0.316149344589704     
 -0.608000000000000       0.319549369275659     
 -0.604000000000000       0.323000294041647     
 -0.600000000000000       0.326503039855888     
 -0.596000000000000       0.330058545557184     
 -0.592000000000000       0.333667768153828     
 -0.588000000000000       0.337331683122249     
 -0.584000000000000       0.341051284704908     
 -0.580000000000000       0.344827586206896     
 -0.576000000000000       0.348661620290663     
 -0.572000000000000       0.352554439268243     
 -0.568000000000000       0.356507115390289     
 -0.564000000000000       0.360520741131190     
 -0.560000000000000       0.364596429469449     
 -0.556000000000000       0.368735314162488     
 -0.552000000000000       0.372938550014917     
 -0.548000000000000       0.377207313139301     
 -0.544000000000000       0.381542801208307     
 -0.540000000000000       0.385946233697099     
 -0.536000000000000       0.390418852114724     
 -0.532000000000000       0.394961920223140     
 -0.528000000000000       0.399576724242458     
 -0.524000000000000       0.404264573040850     
 -0.520000000000000       0.409026798307475     
 -0.516000000000000       0.413864754706641     
 -0.512000000000000       0.418779820011321     
 -0.508000000000000       0.423773395213991     
 -0.504000000000000       0.428846904612618     
 -0.500000000000000       0.434001795869500     
 -0.496000000000000       0.439239540040471     
 -0.492000000000000       0.444561631571847     
 -0.488000000000000       0.449969588262310     
 -0.484000000000000       0.455464951186722     
 -0.480000000000000       0.461049284578696     
 -0.476000000000000       0.466724175668542     
 -0.472000000000000       0.472491234472960     
 -0.468000000000000       0.478352093532680     
 -0.464000000000000       0.484308407593956     
 -0.460000000000000       0.490361853229625     
 -0.456000000000000       0.496514128395129     
 -0.452000000000000       0.502766951914675     
 -0.448000000000000       0.509122062892375     
 -0.444000000000000       0.515581220042953     
 -0.440000000000000       0.522146200936262     
 -0.436000000000000       0.528818801149542     
 -0.432000000000000       0.535600833321020     
 -0.428000000000000       0.542494126098083     
 -0.424000000000000       0.549500522972911     
 -0.420000000000000       0.556621880998080     
 -0.416000000000000       0.563860069374232     
 -0.412000000000000       0.571216967901546     
 -0.408000000000000       0.578694465286314     
 -0.404000000000000       0.586294457293503     
 -0.400000000000000       0.594018844735764     
 -0.396000000000000       0.601869531288914     
 -0.392000000000000       0.609848421123467     
 -0.388000000000000       0.617957416341351     
 -0.384000000000000       0.626198414206498     
 -0.380000000000000       0.634573304157549     
 -0.376000000000000       0.643083964590466     
 -0.372000000000000       0.651732259398428     
 -0.368000000000000       0.660520034255935     
 -0.364000000000000       0.669449112633659     
 -0.360000000000000       0.678521291530182     
 -0.356000000000000       0.687738336906411     
 -0.352000000000000       0.697101978808100     
 -0.348000000000000       0.706613906161673     
 -0.344000000000000       0.716275761228240     
 -0.340000000000000       0.726089133700551     
 -0.336000000000000       0.736055554427501     
 -0.332000000000000       0.746176488750746     
 -0.328000000000000       0.756453329438033     
 -0.324000000000000       0.766887389197994     
 -0.320000000000000       0.777479892761394     
 -0.316000000000000       0.788231968514210     
 -0.312000000000000       0.799144639668437     
 -0.308000000000000       0.810218814957198     
 -0.304000000000000       0.821455278841578     
 -0.300000000000000       0.832854681217691     
 -0.296000000000000       0.844417526613711     
 -0.292000000000000       0.856144162868142     
 -0.288000000000000       0.868034769282344     
 -0.284000000000000       0.880089344242395     
 -0.280000000000000       0.892307692307692     
 -0.276000000000000       0.904689410766428     
 -0.272000000000000       0.917233875661041     
 -0.268000000000000       0.929940227290218     
 -0.264000000000000       0.942807355197794     
 -0.260000000000000       0.955833882663151     
 -0.256000000000000       0.969018150712395     
 -0.252000000000000       0.982358201674751     
 -0.248000000000000       0.995851762314222     
 -0.244000000000000        1.00949622657273     
 -0.240000000000000        1.02328863796754     
 -0.236000000000000        1.03722567169304     
 -0.232000000000000        1.05130361648444     
 -0.228000000000000        1.06551835630934     
 -0.224000000000000        1.07986535196163     
 -0.220000000000000        1.09433962264151     
 -0.216000000000000        1.10893572761479     
 -0.212000000000000        1.12364774805493     
 -0.208000000000000        1.13846926918124     
 -0.204000000000000        1.15339336281778     
 -0.200000000000000        1.16841257050766     
 -0.196000000000000        1.18351888732900     
 -0.192000000000000        1.19870374656923     
 -0.188000000000000        1.21395800542514     
 -0.184000000000000        1.22927193190681     
 -0.180000000000000        1.24463519313305     
 -0.176000000000000        1.26003684521534     
 -0.172000000000000        1.27546532493579     
 -0.168000000000000        1.29090844343150     
 -0.164000000000000        1.30635338210386     
 -0.160000000000000        1.32178669097539     
 -0.156000000000000        1.33719428971928     
 -0.152000000000000        1.35256147158688     
 -0.148000000000000        1.36787291045621     
 -0.144000000000000        1.38311267121981     
 -0.140000000000000        1.39826422372228     
 -0.136000000000000        1.41331046044680     
 -0.132000000000000        1.42823371813561     
 -0.128000000000000        1.44301580351101     
 -0.124000000000000        1.45763802324179     
 -0.120000000000000        1.47208121827411     
 -0.116000000000000        1.48632580261593     
 -0.112000000000000        1.50035180663052     
 -0.108000000000000        1.51413892485694     
 -0.104000000000000        1.52766656833411     
 -0.100000000000000        1.54091392136026     
 -9.599999999999997E-002   1.55386000257191     
 -9.199999999999997E-002   1.56648373017588     
 -8.799999999999997E-002   1.57876399111537     
 -8.399999999999996E-002   1.59067971389706     
 -7.999999999999996E-002   1.60220994475138     
 -7.599999999999996E-002   1.61333392674351     
 -7.199999999999995E-002   1.62403118139868     
 -6.799999999999995E-002   1.63428159235382     
 -6.399999999999995E-002   1.64406549049844     
 -6.000000000000005E-002   1.65336374002280     
 -5.600000000000005E-002   1.66215782475125     
 -5.200000000000005E-002   1.67042993410442     
 -4.800000000000004E-002   1.67816304800704     
 -4.400000000000004E-002   1.68534102003812     
 -4.000000000000004E-002   1.69194865810968     
 -3.600000000000003E-002   1.69797180195794     
 -3.200000000000003E-002   1.70339739673888     
 -2.800000000000002E-002   1.70821356203760     
 -2.400000000000002E-002   1.71240965562851     
 -2.000000000000002E-002   1.71597633136095     
 -1.600000000000001E-002   1.71890559059225     
 -1.200000000000001E-002   1.72119082664641     
 -8.000000000000007E-003   1.72282686184117     
 -4.000000000000004E-003   1.72380997669884     
  0.000000000000000E+000   1.72413793103448     
  4.000000000000004E-003   1.72380997669884     
  8.000000000000007E-003   1.72282686184117     
  1.200000000000001E-002   1.72119082664641     
  1.600000000000001E-002   1.71890559059225     
  2.000000000000002E-002   1.71597633136095     
  2.400000000000002E-002   1.71240965562851     
  2.800000000000002E-002   1.70821356203760     
  3.200000000000003E-002   1.70339739673888     
  3.600000000000003E-002   1.69797180195794     
  4.000000000000004E-002   1.69194865810968     
  4.400000000000004E-002   1.68534102003812     
  4.800000000000004E-002   1.67816304800704     
  5.200000000000005E-002   1.67042993410442     
  5.600000000000005E-002   1.66215782475125     
  6.000000000000005E-002   1.65336374002281     
  6.400000000000006E-002   1.64406549049844     
  6.800000000000006E-002   1.63428159235382     
  7.200000000000006E-002   1.62403118139868     
  7.600000000000007E-002   1.61333392674351     
  8.000000000000007E-002   1.60220994475138     
  8.400000000000007E-002   1.59067971389706     
  8.800000000000008E-002   1.57876399111537     
  9.200000000000008E-002   1.56648373017588     
  9.600000000000009E-002   1.55386000257191     
  0.100000000000000        1.54091392136025     
  0.104000000000000        1.52766656833411     
  0.108000000000000        1.51413892485694     
  0.112000000000000        1.50035180663052     
  0.116000000000000        1.48632580261593     
  0.120000000000000        1.47208121827411     
  0.124000000000000        1.45763802324179     
  0.128000000000000        1.44301580351101     
  0.132000000000000        1.42823371813561     
  0.136000000000000        1.41331046044680     
  0.140000000000000        1.39826422372228     
  0.144000000000000        1.38311267121981     
  0.148000000000000        1.36787291045621     
  0.152000000000000        1.35256147158688     
  0.156000000000000        1.33719428971928     
  0.160000000000000        1.32178669097539     
  0.164000000000000        1.30635338210386     
  0.168000000000000        1.29090844343150     
  0.172000000000000        1.27546532493579     
  0.176000000000000        1.26003684521534     
  0.180000000000000        1.24463519313305     
  0.184000000000000        1.22927193190681     
  0.188000000000000        1.21395800542514     
  0.192000000000000        1.19870374656923     
  0.196000000000000        1.18351888732900     
  0.200000000000000        1.16841257050766     
  0.204000000000000        1.15339336281778     
  0.208000000000000        1.13846926918124     
  0.212000000000000        1.12364774805493     
  0.216000000000000        1.10893572761479     
  0.220000000000000        1.09433962264151     
  0.224000000000000        1.07986535196163     
  0.228000000000000        1.06551835630934     
  0.232000000000000        1.05130361648444     
  0.236000000000000        1.03722567169304     
  0.240000000000000        1.02328863796754     
  0.244000000000000        1.00949622657273     
  0.248000000000000       0.995851762314222     
  0.252000000000000       0.982358201674752     
  0.256000000000000       0.969018150712396     
  0.260000000000000       0.955833882663151     
  0.264000000000000       0.942807355197795     
  0.268000000000000       0.929940227290218     
  0.272000000000000       0.917233875661041     
  0.276000000000000       0.904689410766428     
  0.280000000000000       0.892307692307692     
  0.284000000000000       0.880089344242395     
  0.288000000000000       0.868034769282345     
  0.292000000000000       0.856144162868142     
  0.296000000000000       0.844417526613711     
  0.300000000000000       0.832854681217691     
  0.304000000000000       0.821455278841578     
  0.308000000000000       0.810218814957198     
  0.312000000000000       0.799144639668438     
  0.316000000000000       0.788231968514210     
  0.320000000000000       0.777479892761394     
  0.324000000000000       0.766887389197994     
  0.328000000000000       0.756453329438033     
  0.332000000000000       0.746176488750746     
  0.336000000000000       0.736055554427501     
  0.340000000000000       0.726089133700551     
  0.344000000000000       0.716275761228240     
  0.348000000000000       0.706613906161673     
  0.352000000000000       0.697101978808100     
  0.356000000000000       0.687738336906411     
  0.360000000000000       0.678521291530182     
  0.364000000000000       0.669449112633659     
  0.368000000000000       0.660520034255935     
  0.372000000000000       0.651732259398428     
  0.376000000000000       0.643083964590467     
  0.380000000000000       0.634573304157550     
  0.384000000000000       0.626198414206499     
  0.388000000000000       0.617957416341351     
  0.392000000000000       0.609848421123467     
  0.396000000000000       0.601869531288914     
  0.400000000000000       0.594018844735764     
  0.404000000000000       0.586294457293503     
  0.408000000000000       0.578694465286314     
  0.412000000000000       0.571216967901546     
  0.416000000000000       0.563860069374232     
  0.420000000000000       0.556621880998081     
  0.424000000000000       0.549500522972912     
  0.428000000000000       0.542494126098083     
  0.432000000000000       0.535600833321021     
  0.436000000000000       0.528818801149543     
  0.440000000000000       0.522146200936262     
  0.444000000000000       0.515581220042953     
  0.448000000000000       0.509122062892375     
  0.452000000000000       0.502766951914675     
  0.456000000000000       0.496514128395129     
  0.460000000000000       0.490361853229625     
  0.464000000000000       0.484308407593956     
  0.468000000000000       0.478352093532680     
  0.472000000000000       0.472491234472961     
  0.476000000000000       0.466724175668542     
  0.480000000000000       0.461049284578696     
  0.484000000000000       0.455464951186722     
  0.488000000000000       0.449969588262311     
  0.492000000000000       0.444561631571847     
  0.496000000000000       0.439239540040471     
  0.500000000000000       0.434001795869500     
  0.504000000000000       0.428846904612618     
  0.508000000000000       0.423773395213991     
  0.512000000000000       0.418779820011321     
  0.516000000000000       0.413864754706641     
  0.520000000000000       0.409026798307475     
  0.524000000000000       0.404264573040850     
  0.528000000000000       0.399576724242458     
  0.532000000000000       0.394961920223140     
  0.536000000000000       0.390418852114724     
  0.540000000000000       0.385946233697099     
  0.544000000000000       0.381542801208307     
  0.548000000000000       0.377207313139301     
  0.552000000000000       0.372938550014917     
  0.556000000000000       0.368735314162488     
  0.560000000000000       0.364596429469449     
  0.564000000000000       0.360520741131190     
  0.568000000000000       0.356507115390289     
  0.572000000000000       0.352554439268243     
  0.576000000000000       0.348661620290663     
  0.580000000000000       0.344827586206896     
  0.584000000000000       0.341051284704908     
  0.588000000000000       0.337331683122249     
  0.592000000000000       0.333667768153828     
  0.596000000000000       0.330058545557184     
  0.600000000000000       0.326503039855888     
  0.604000000000000       0.323000294041647     
  0.608000000000000       0.319549369275659     
  0.612000000000000       0.316149344589703     
  0.616000000000000       0.312799316587424     
  0.620000000000000       0.309498399146211     
  0.624000000000000       0.306245723120074     
  0.628000000000000       0.303040436043839     
  0.632000000000000       0.299881701838999     
  0.636000000000000       0.296768700521494     
  0.640000000000000       0.293700627911687     
  0.644000000000000       0.290676695346767     
  0.648000000000000       0.287696129395798     
  0.652000000000000       0.284758171577600     
  0.656000000000000       0.281862078081627     
  0.660000000000000       0.279007119492015     
  0.664000000000000       0.276192580514899     
  0.668000000000000       0.273417759709159     
  0.672000000000000       0.270681969220660     
  0.676000000000000       0.267984534520104     
  0.680000000000000       0.265324794144556     
  0.684000000000000       0.262702099442709     
  0.688000000000000       0.260115814323950     
  0.692000000000000       0.257565315011262     
  0.696000000000000       0.255049989798000     
  0.700000000000000       0.252569238808570     
  0.704000000000000       0.250122473763015     
  0.708000000000000       0.247709117745539     
  0.712000000000000       0.245328604976956     
  0.716000000000000       0.242980380591062     
  0.720000000000000       0.240663900414938     
  0.724000000000000       0.238378630753145     
  0.728000000000000       0.236124048175820     
  0.732000000000000       0.233899639310625     
  0.736000000000000       0.231704900638547     
  0.740000000000000       0.229539338293494     
  0.744000000000000       0.227402467865679     
  0.748000000000000       0.225293814208737     
  0.752000000000000       0.223212911250546     
  0.756000000000000       0.221159301807710     
  0.760000000000000       0.219132537403657     
  0.764000000000000       0.217132178090315     
  0.768000000000000       0.215157792273313     
  0.772000000000000       0.213208956540663     
  0.776000000000000       0.211285255494874     
  0.780000000000000       0.209386281588448     
  0.784000000000000       0.207511634962705     
  0.788000000000000       0.205660923289894     
  0.792000000000000       0.203833761618524     
  0.796000000000000       0.202029772221882     
  0.800000000000000       0.200248584449662     
  0.804000000000000       0.198489834582678     
  0.808000000000000       0.196753165690590     
  0.812000000000000       0.195038227492588     
  0.816000000000000       0.193344676221005     
  0.820000000000000       0.191672174487773     
  0.824000000000000       0.190020391153699     
  0.828000000000000       0.188389001200493     
  0.832000000000000       0.186777685605495     
  0.836000000000000       0.185186131219061     
  0.840000000000000       0.183614030644548     
  0.844000000000000       0.182061082120848     
  0.848000000000000       0.180526989407423     
  0.852000000000000       0.179011461671794     
  0.856000000000000       0.177514213379430     
  0.860000000000000       0.176034964185990     
  0.864000000000000       0.174573438831875     
  0.868000000000000       0.173129367039034     
  0.872000000000000       0.171702483409988     
  0.876000000000000       0.170292527329015     
  0.880000000000000       0.168899242865463     
  0.884000000000000       0.167522378679138     
  0.888000000000000       0.166161687927723     
  0.892000000000000       0.164816928176193     
  0.896000000000000       0.163487861308173     
  0.900000000000000       0.162174253439213     
  0.904000000000000       0.160875874831912     
  0.908000000000000       0.159592499812892     
  0.912000000000000       0.158323906691533     
  0.916000000000000       0.157069877680479     
  0.920000000000000       0.155830198817840     
  0.924000000000000       0.154604659891073     
  0.928000000000000       0.153393054362498     
  0.932000000000000       0.152195179296417     
  0.936000000000000       0.151010835287795     
  0.940000000000000       0.149839826392477     
  0.944000000000000       0.148681960058899     
  0.948000000000000       0.147537047061265     
  0.952000000000000       0.146404901434162     
  0.956000000000000       0.145285340408562     
  0.960000000000000       0.144178184349209     
  0.964000000000000       0.143083256693336     
  0.968000000000000       0.142000383890693     
  0.972000000000000       0.140929395344859     
  0.976000000000000       0.139870123355803     
  0.980000000000000       0.138822403063667     
  0.984000000000000       0.137786072393753     
  0.988000000000000       0.136760972002671     
  0.992000000000000       0.135746945225639     
  0.996000000000000       0.134743838024897     
