  -1.00000000000000       0.135691451438559     
 -0.996000000000000       0.136695454574942     
 -0.992000000000000       0.137710311654774     
 -0.988000000000000       0.138736174587483     
 -0.984000000000000       0.139773197849672     
 -0.980000000000000       0.140821538534979     
 -0.976000000000000       0.141881356405005     
 -0.972000000000000       0.142952813941340     
 -0.968000000000000       0.144036076398688     
 -0.964000000000000       0.145131311859147     
 -0.960000000000000       0.146238691287644     
 -0.956000000000000       0.147358388588566     
 -0.952000000000000       0.148490580663607     
 -0.948000000000000       0.149635447470857     
 -0.944000000000000       0.150793172085168     
 -0.940000000000000       0.151963940759820     
 -0.936000000000000       0.153147942989510     
 -0.932000000000000       0.154345371574710     
 -0.928000000000000       0.155556422687403     
 -0.924000000000000       0.156781295938248     
 -0.920000000000000       0.158020194445188     
 -0.916000000000000       0.159273324903545     
 -0.912000000000000       0.160540897657627     
 -0.908000000000000       0.161823126773883     
 -0.904000000000000       0.163120230115644     
 -0.900000000000000       0.164432429419470     
 -0.896000000000000       0.165759950373157     
 -0.892000000000000       0.167103022695423     
 -0.888000000000000       0.168461880217322     
 -0.884000000000000       0.169836760965410     
 -0.880000000000000       0.171227907246713     
 -0.876000000000000       0.172635565735527     
 -0.872000000000000       0.174059987562086     
 -0.868000000000000       0.175501428403151     
 -0.864000000000000       0.176960148574541     
 -0.860000000000000       0.178436413125662     
 -0.856000000000000       0.179930491936064     
 -0.852000000000000       0.181442659814080     
 -0.848000000000000       0.182973196597567     
 -0.844000000000000       0.184522387256821     
 -0.840000000000000       0.186090521999685     
 -0.836000000000000       0.187677896378898     
 -0.832000000000000       0.189284811401747     
 -0.828000000000000       0.190911573642036     
 -0.824000000000000       0.192558495354445     
 -0.820000000000000       0.194225894591303     
 -0.816000000000000       0.195914095321837     
 -0.812000000000000       0.197623427553931     
 -0.808000000000000       0.199354227458443     
 -0.804000000000000       0.201106837496131     
 -0.800000000000000       0.202881606547230     
 -0.796000000000000       0.204678890043725     
 -0.792000000000000       0.206499050104370     
 -0.788000000000000       0.208342455672494     
 -0.784000000000000       0.210209482656649     
 -0.780000000000000       0.212100514074127     
 -0.776000000000000       0.214015940197417     
 -0.772000000000000       0.215956158703619     
 -0.768000000000000       0.217921574826882     
 -0.764000000000000       0.219912601513893     
 -0.760000000000000       0.221929659582471     
 -0.756000000000000       0.223973177883294     
 -0.752000000000000       0.226043593464812     
 -0.748000000000000       0.228141351741376     
 -0.744000000000000       0.230266906664627     
 -0.740000000000000       0.232420720898168     
 -0.736000000000000       0.234603265995569     
 -0.732000000000000       0.236815022581717     
 -0.728000000000000       0.239056480537561     
 -0.724000000000000       0.241328139188254     
 -0.720000000000000       0.243630507494735     
 -0.716000000000000       0.245964104248759     
 -0.712000000000000       0.248329458271391     
 -0.708000000000000       0.250727108614983     
 -0.704000000000000       0.253157604768631     
 -0.700000000000000       0.255621506867120     
 -0.696000000000000       0.258119385903357     
 -0.692000000000000       0.260651823944272     
 -0.688000000000000       0.263219414350187     
 -0.684000000000000       0.265822761997618     
 -0.680000000000000       0.268462483505483     
 -0.676000000000000       0.271139207464692     
 -0.672000000000000       0.273853574671051     
 -0.668000000000000       0.276606238361441     
 -0.664000000000000       0.279397864453204     
 -0.660000000000000       0.282229131786654     
 -0.656000000000000       0.285100732370627     
 -0.652000000000000       0.288013371630976     
 -0.648000000000000       0.290967768661884     
 -0.644000000000000       0.293964656479878     
 -0.640000000000000       0.297004782280393     
 -0.636000000000000       0.300088907696721     
 -0.632000000000000       0.303217809061176     
 -0.628000000000000       0.306392277668261     
 -0.624000000000000       0.309613120039630     
 -0.620000000000000       0.312881158190592     
 -0.616000000000000       0.316197229897895     
 -0.612000000000000       0.319562188968497     
 -0.608000000000000       0.322976905509001     
 -0.604000000000000       0.326442266195409     
 -0.600000000000000       0.329959174542811     
 -0.596000000000000       0.333528551174586     
 -0.592000000000000       0.337151334090686     
 -0.588000000000000       0.340828478934489     
 -0.584000000000000       0.344560959257711     
 -0.580000000000000       0.348349766782783     
 -0.576000000000000       0.352195911662102     
 -0.572000000000000       0.356100422733451     
 -0.568000000000000       0.360064347770896     
 -0.564000000000000       0.364088753730367     
 -0.560000000000000       0.368174726989079     
 -0.556000000000000       0.372323373577914     
 -0.552000000000000       0.376535819405763     
 -0.548000000000000       0.380813210474816     
 -0.544000000000000       0.385156713085667     
 -0.540000000000000       0.389567514031033     
 -0.536000000000000       0.394046820776820     
 -0.532000000000000       0.398595861629136     
 -0.528000000000000       0.403215885885804     
 -0.524000000000000       0.407908163970785     
 -0.520000000000000       0.412673987549836     
 -0.516000000000000       0.417514669625595     
 -0.512000000000000       0.422431544610203     
 -0.508000000000000       0.427425968373376     
 -0.504000000000000       0.432499318263786     
 -0.500000000000000       0.437652993101402     
 -0.496000000000000       0.442888413138322     
 -0.492000000000000       0.448207019985475     
 -0.488000000000000       0.453610276502373     
 -0.484000000000000       0.459099666646954     
 -0.480000000000000       0.464676695282350     
 -0.476000000000000       0.470342887937220     
 -0.472000000000000       0.476099790516092     
 -0.468000000000000       0.481948968955951     
 -0.464000000000000       0.487892008825057     
 -0.460000000000000       0.493930514859774     
 -0.456000000000000       0.500066110434939     
 -0.452000000000000       0.506300436963021     
 -0.448000000000000       0.512635153217090     
 -0.444000000000000       0.519071934572302     
 -0.440000000000000       0.525612472160356     
 -0.436000000000000       0.532258471931034     
 -0.432000000000000       0.539011653614667     
 -0.428000000000000       0.545873749579029     
 -0.424000000000000       0.552846503573824     
 -0.420000000000000       0.559931669355604     
 -0.416000000000000       0.567131009185600     
 -0.412000000000000       0.574446292192593     
 -0.408000000000000       0.581879292592578     
 -0.404000000000000       0.589431787756602     
 -0.400000000000000       0.597105556117802     
 -0.396000000000000       0.604902374908239     
 -0.392000000000000       0.612824017715807     
 -0.388000000000000       0.620872251851041     
 -0.384000000000000       0.629048835513325     
 -0.380000000000000       0.637355514745598     
 -0.376000000000000       0.645794020166286     
 -0.372000000000000       0.654366063466853     
 -0.368000000000000       0.663073333662997     
 -0.364000000000000       0.671917493087222     
 -0.360000000000000       0.680900173110213     
 -0.356000000000000       0.690022969578174     
 -0.352000000000000       0.699287437953055     
 -0.348000000000000       0.708695088142450     
 -0.344000000000000       0.718247379005751     
 -0.340000000000000       0.727945712523134     
 -0.336000000000000       0.737791427613907     
 -0.332000000000000       0.747785793590842     
 -0.328000000000000       0.757930003237260     
 -0.324000000000000       0.768225165493930     
 -0.320000000000000       0.778672297743170     
 -0.316000000000000       0.789272317678095     
 -0.312000000000000       0.800026034745537     
 -0.308000000000000       0.810934141152021     
 -0.304000000000000       0.821997202423080     
 -0.300000000000000       0.833215647507414     
 -0.296000000000000       0.844589758418699     
 -0.292000000000000       0.856119659409480     
 -0.288000000000000       0.867805305673387     
 -0.284000000000000       0.879646471574000     
 -0.280000000000000       0.891642738401088     
 -0.276000000000000       0.903793481657588     
 -0.272000000000000       0.916097857883721     
 -0.268000000000000       0.928554791027957     
 -0.264000000000000       0.941162958378264     
 -0.260000000000000       0.953920776071140     
 -0.256000000000000       0.966826384200418     
 -0.252000000000000       0.979877631552724     
 -0.248000000000000       0.993072060001750     
 -0.244000000000000        1.00640688859929     
 -0.240000000000000        1.01987899740709     
 -0.236000000000000        1.03348491112030     
 -0.232000000000000        1.04722078254017     
 -0.228000000000000        1.06108237596127     
 -0.224000000000000        1.07506505054628     
 -0.220000000000000        1.08916374376961     
 -0.216000000000000        1.10337295501979     
 -0.212000000000000        1.11768672945919     
 -0.208000000000000        1.13209864224915     
 -0.204000000000000        1.14660178325728     
 -0.200000000000000        1.16118874237355     
 -0.196000000000000        1.17585159557083     
 -0.192000000000000        1.19058189185481     
 -0.188000000000000        1.20537064125718     
 -0.184000000000000        1.22020830403455     
 -0.180000000000000        1.23508478124346     
 -0.176000000000000        1.24998940686943     
 -0.172000000000000        1.26491094169404     
 -0.168000000000000        1.27983756908954     
 -0.164000000000000        1.29475689293458     
 -0.160000000000000        1.30965593784684     
 -0.156000000000000        1.32452115192931     
 -0.152000000000000        1.33933841222566     
 -0.148000000000000        1.35409303307659     
 -0.144000000000000        1.36876977756331     
 -0.140000000000000        1.38335287221571     
 -0.136000000000000        1.39782602515139     
 -0.132000000000000        1.41217244779749     
 -0.128000000000000        1.42637488032957     
 -0.124000000000000        1.44041562094120     
 -0.120000000000000        1.45427655903377     
 -0.116000000000000        1.46793921238841     
 -0.112000000000000        1.48138476835160     
 -0.108000000000000        1.49459412903160     
 -0.104000000000000        1.50754796046647     
 -0.100000000000000        1.52022674568410     
 -9.599999999999997E-002   1.53261084153323     
 -9.199999999999997E-002   1.54468053911969     
 -8.799999999999997E-002   1.55641612763667     
 -8.399999999999996E-002   1.56779796133119     
 -7.999999999999996E-002   1.57880652930158     
 -7.599999999999996E-002   1.58942252777449     
 -7.199999999999995E-002   1.59962693446410     
 -6.799999999999995E-002   1.60940108457266     
 -6.399999999999995E-002   1.61872674795053     
 -6.000000000000005E-002   1.62758620689655     
 -5.600000000000005E-002   1.63596233404687     
 -5.200000000000005E-002   1.64383866977231     
 -4.800000000000004E-002   1.65119949848314     
 -4.400000000000004E-002   1.65802992322478     
 -4.000000000000004E-002   1.66431593794076     
 -3.600000000000003E-002   1.67004449677880     
 -3.200000000000003E-002   1.67520357982487     
 -2.800000000000002E-002   1.67978225466638     
 -2.400000000000002E-002   1.68377073321081     
 -2.000000000000002E-002   1.68716042321990     
 -1.600000000000001E-002   1.68994397406079     
 -1.200000000000001E-002   1.69211531622480     
 -8.000000000000007E-003   1.69366969422085     
 -4.000000000000004E-003   1.69460369251272     
  0.000000000000000E+000   1.69491525423729     
  4.000000000000004E-003   1.69460369251272     
  8.000000000000007E-003   1.69366969422085     
  1.200000000000001E-002   1.69211531622480     
  1.600000000000001E-002   1.68994397406079     
  2.000000000000002E-002   1.68716042321990     
  2.400000000000002E-002   1.68377073321081     
  2.800000000000002E-002   1.67978225466638     
  3.200000000000003E-002   1.67520357982487     
  3.600000000000003E-002   1.67004449677880     
  4.000000000000004E-002   1.66431593794076     
  4.400000000000004E-002   1.65802992322478     
  4.800000000000004E-002   1.65119949848314     
  5.200000000000005E-002   1.64383866977231     
  5.600000000000005E-002   1.63596233404687     
  6.000000000000005E-002   1.62758620689655     
  6.400000000000006E-002   1.61872674795053     
  6.800000000000006E-002   1.60940108457266     
  7.200000000000006E-002   1.59962693446410     
  7.600000000000007E-002   1.58942252777449     
  8.000000000000007E-002   1.57880652930158     
  8.400000000000007E-002   1.56779796133119     
  8.800000000000008E-002   1.55641612763667     
  9.200000000000008E-002   1.54468053911969     
  9.600000000000009E-002   1.53261084153323     
  0.100000000000000        1.52022674568410     
  0.104000000000000        1.50754796046647     
  0.108000000000000        1.49459412903160     
  0.112000000000000        1.48138476835160     
  0.116000000000000        1.46793921238841     
  0.120000000000000        1.45427655903377     
  0.124000000000000        1.44041562094120     
  0.128000000000000        1.42637488032957     
  0.132000000000000        1.41217244779749     
  0.136000000000000        1.39782602515139     
  0.140000000000000        1.38335287221571     
  0.144000000000000        1.36876977756331     
  0.148000000000000        1.35409303307659     
  0.152000000000000        1.33933841222566     
  0.156000000000000        1.32452115192931     
  0.160000000000000        1.30965593784684     
  0.164000000000000        1.29475689293458     
  0.168000000000000        1.27983756908954     
  0.172000000000000        1.26491094169404     
  0.176000000000000        1.24998940686943     
  0.180000000000000        1.23508478124346     
  0.184000000000000        1.22020830403455     
  0.188000000000000        1.20537064125718     
  0.192000000000000        1.19058189185481     
  0.196000000000000        1.17585159557083     
  0.200000000000000        1.16118874237355     
  0.204000000000000        1.14660178325728     
  0.208000000000000        1.13209864224915     
  0.212000000000000        1.11768672945919     
  0.216000000000000        1.10337295501979     
  0.220000000000000        1.08916374376961     
  0.224000000000000        1.07506505054628     
  0.228000000000000        1.06108237596127     
  0.232000000000000        1.04722078254017     
  0.236000000000000        1.03348491112030     
  0.240000000000000        1.01987899740709     
  0.244000000000000        1.00640688859929     
  0.248000000000000       0.993072060001751     
  0.252000000000000       0.979877631552724     
  0.256000000000000       0.966826384200418     
  0.260000000000000       0.953920776071140     
  0.264000000000000       0.941162958378265     
  0.268000000000000       0.928554791027957     
  0.272000000000000       0.916097857883721     
  0.276000000000000       0.903793481657588     
  0.280000000000000       0.891642738401088     
  0.284000000000000       0.879646471574001     
  0.288000000000000       0.867805305673388     
  0.292000000000000       0.856119659409481     
  0.296000000000000       0.844589758418699     
  0.300000000000000       0.833215647507414     
  0.304000000000000       0.821997202423081     
  0.308000000000000       0.810934141152021     
  0.312000000000000       0.800026034745537     
  0.316000000000000       0.789272317678095     
  0.320000000000000       0.778672297743170     
  0.324000000000000       0.768225165493930     
  0.328000000000000       0.757930003237260     
  0.332000000000000       0.747785793590842     
  0.336000000000000       0.737791427613907     
  0.340000000000000       0.727945712523134     
  0.344000000000000       0.718247379005751     
  0.348000000000000       0.708695088142450     
  0.352000000000000       0.699287437953055     
  0.356000000000000       0.690022969578174     
  0.360000000000000       0.680900173110213     
  0.364000000000000       0.671917493087222     
  0.368000000000000       0.663073333662997     
  0.372000000000000       0.654366063466853     
  0.376000000000000       0.645794020166287     
  0.380000000000000       0.637355514745598     
  0.384000000000000       0.629048835513325     
  0.388000000000000       0.620872251851041     
  0.392000000000000       0.612824017715808     
  0.396000000000000       0.604902374908240     
  0.400000000000000       0.597105556117802     
  0.404000000000000       0.589431787756603     
  0.408000000000000       0.581879292592578     
  0.412000000000000       0.574446292192594     
  0.416000000000000       0.567131009185600     
  0.420000000000000       0.559931669355604     
  0.424000000000000       0.552846503573825     
  0.428000000000000       0.545873749579030     
  0.432000000000000       0.539011653614667     
  0.436000000000000       0.532258471931034     
  0.440000000000000       0.525612472160357     
  0.444000000000000       0.519071934572302     
  0.448000000000000       0.512635153217090     
  0.452000000000000       0.506300436963021     
  0.456000000000000       0.500066110434939     
  0.460000000000000       0.493930514859774     
  0.464000000000000       0.487892008825057     
  0.468000000000000       0.481948968955952     
  0.472000000000000       0.476099790516092     
  0.476000000000000       0.470342887937220     
  0.480000000000000       0.464676695282350     
  0.484000000000000       0.459099666646954     
  0.488000000000000       0.453610276502373     
  0.492000000000000       0.448207019985475     
  0.496000000000000       0.442888413138322     
  0.500000000000000       0.437652993101402     
  0.504000000000000       0.432499318263786     
  0.508000000000000       0.427425968373376     
  0.512000000000000       0.422431544610203     
  0.516000000000000       0.417514669625595     
  0.520000000000000       0.412673987549836     
  0.524000000000000       0.407908163970785     
  0.528000000000000       0.403215885885804     
  0.532000000000000       0.398595861629136     
  0.536000000000000       0.394046820776820     
  0.540000000000000       0.389567514031033     
  0.544000000000000       0.385156713085667     
  0.548000000000000       0.380813210474816     
  0.552000000000000       0.376535819405763     
  0.556000000000000       0.372323373577914     
  0.560000000000000       0.368174726989079     
  0.564000000000000       0.364088753730367     
  0.568000000000000       0.360064347770896     
  0.572000000000000       0.356100422733451     
  0.576000000000000       0.352195911662102     
  0.580000000000000       0.348349766782783     
  0.584000000000000       0.344560959257711     
  0.588000000000000       0.340828478934489     
  0.592000000000000       0.337151334090686     
  0.596000000000000       0.333528551174586     
  0.600000000000000       0.329959174542811     
  0.604000000000000       0.326442266195409     
  0.608000000000000       0.322976905509001     
  0.612000000000000       0.319562188968496     
  0.616000000000000       0.316197229897895     
  0.620000000000000       0.312881158190592     
  0.624000000000000       0.309613120039630     
  0.628000000000000       0.306392277668261     
  0.632000000000000       0.303217809061176     
  0.636000000000000       0.300088907696721     
  0.640000000000000       0.297004782280393     
  0.644000000000000       0.293964656479878     
  0.648000000000000       0.290967768661884     
  0.652000000000000       0.288013371630976     
  0.656000000000000       0.285100732370627     
  0.660000000000000       0.282229131786654     
  0.664000000000000       0.279397864453204     
  0.668000000000000       0.276606238361441     
  0.672000000000000       0.273853574671051     
  0.676000000000000       0.271139207464692     
  0.680000000000000       0.268462483505483     
  0.684000000000000       0.265822761997618     
  0.688000000000000       0.263219414350187     
  0.692000000000000       0.260651823944272     
  0.696000000000000       0.258119385903357     
  0.700000000000000       0.255621506867120     
  0.704000000000000       0.253157604768631     
  0.708000000000000       0.250727108614983     
  0.712000000000000       0.248329458271391     
  0.716000000000000       0.245964104248759     
  0.720000000000000       0.243630507494735     
  0.724000000000000       0.241328139188254     
  0.728000000000000       0.239056480537561     
  0.732000000000000       0.236815022581717     
  0.736000000000000       0.234603265995569     
  0.740000000000000       0.232420720898168     
  0.744000000000000       0.230266906664627     
  0.748000000000000       0.228141351741376     
  0.752000000000000       0.226043593464811     
  0.756000000000000       0.223973177883294     
  0.760000000000000       0.221929659582471     
  0.764000000000000       0.219912601513893     
  0.768000000000000       0.217921574826882     
  0.772000000000000       0.215956158703619     
  0.776000000000000       0.214015940197417     
  0.780000000000000       0.212100514074127     
  0.784000000000000       0.210209482656649     
  0.788000000000000       0.208342455672494     
  0.792000000000000       0.206499050104369     
  0.796000000000000       0.204678890043725     
  0.800000000000000       0.202881606547230     
  0.804000000000000       0.201106837496131     
  0.808000000000000       0.199354227458443     
  0.812000000000000       0.197623427553931     
  0.816000000000000       0.195914095321837     
  0.820000000000000       0.194225894591303     
  0.824000000000000       0.192558495354445     
  0.828000000000000       0.190911573642036     
  0.832000000000000       0.189284811401747     
  0.836000000000000       0.187677896378898     
  0.840000000000000       0.186090521999685     
  0.844000000000000       0.184522387256821     
  0.848000000000000       0.182973196597567     
  0.852000000000000       0.181442659814080     
  0.856000000000000       0.179930491936064     
  0.860000000000000       0.178436413125661     
  0.864000000000000       0.176960148574541     
  0.868000000000000       0.175501428403151     
  0.872000000000000       0.174059987562086     
  0.876000000000000       0.172635565735527     
  0.880000000000000       0.171227907246713     
  0.884000000000000       0.169836760965410     
  0.888000000000000       0.168461880217322     
  0.892000000000000       0.167103022695423     
  0.896000000000000       0.165759950373157     
  0.900000000000000       0.164432429419470     
  0.904000000000000       0.163120230115644     
  0.908000000000000       0.161823126773883     
  0.912000000000000       0.160540897657627     
  0.916000000000000       0.159273324903545     
  0.920000000000000       0.158020194445188     
  0.924000000000000       0.156781295938248     
  0.928000000000000       0.155556422687403     
  0.932000000000000       0.154345371574710     
  0.936000000000000       0.153147942989510     
  0.940000000000000       0.151963940759820     
  0.944000000000000       0.150793172085168     
  0.948000000000000       0.149635447470857     
  0.952000000000000       0.148490580663607     
  0.956000000000000       0.147358388588566     
  0.960000000000000       0.146238691287644     
  0.964000000000000       0.145131311859147     
  0.968000000000000       0.144036076398688     
  0.972000000000000       0.142952813941340     
  0.976000000000000       0.141881356405005     
  0.980000000000000       0.140821538534979     
  0.984000000000000       0.139773197849672     
  0.988000000000000       0.138736174587483     
  0.992000000000000       0.137710311654774     
  0.996000000000000       0.136695454574942     
