  -1.00000000000000       1.498651213907483E-002
 -0.996000000000000       1.510701811633613E-002
 -0.992000000000000       1.522898298821074E-002
 -0.988000000000000       1.535243039208060E-002
 -0.984000000000000       1.547738444584773E-002
 -0.980000000000000       1.560386975970041E-002
 -0.976000000000000       1.573191144821684E-002
 -0.972000000000000       1.586153514281726E-002
 -0.968000000000000       1.599276700457607E-002
 -0.964000000000000       1.612563373740588E-002
 -0.960000000000000       1.626016260162602E-002
 -0.956000000000000       1.639638142792807E-002
 -0.952000000000000       1.653431863175207E-002
 -0.948000000000000       1.667400322808703E-002
 -0.944000000000000       1.681546484671023E-002
 -0.940000000000000       1.695873374788016E-002
 -0.936000000000000       1.710384083849870E-002
 -0.932000000000000       1.725081768875845E-002
 -0.928000000000000       1.739969654929218E-002
 -0.924000000000000       1.755051036884153E-002
 -0.920000000000000       1.770329281246312E-002
 -0.916000000000000       1.785807828029087E-002
 -0.912000000000000       1.801490192687391E-002
 -0.908000000000000       1.817379968111040E-002
 -0.904000000000000       1.833480826679835E-002
 -0.900000000000000       1.849796522382538E-002
 -0.896000000000000       1.866330893002006E-002
 -0.892000000000000       1.883087862368875E-002
 -0.888000000000000       1.900071442686245E-002
 -0.884000000000000       1.917285736927946E-002
 -0.880000000000000       1.934734941313040E-002
 -0.876000000000000       1.952423347859363E-002
 -0.872000000000000       1.970355347018984E-002
 -0.868000000000000       1.988535430398609E-002
 -0.864000000000000       2.006968193568069E-002
 -0.860000000000000       2.025658338960162E-002
 -0.856000000000000       2.044610678865269E-002
 -0.852000000000000       2.063830138524279E-002
 -0.848000000000000       2.083321759323560E-002
 -0.844000000000000       2.103090702095800E-002
 -0.840000000000000       2.123142250530786E-002
 -0.836000000000000       2.143481814700285E-002
 -0.832000000000000       2.164114934701439E-002
 -0.828000000000000       2.185047284423235E-002
 -0.824000000000000       2.206284675440815E-002
 -0.820000000000000       2.227833061042626E-002
 -0.816000000000000       2.249698540395587E-002
 -0.812000000000000       2.271887362853733E-002
 -0.808000000000000       2.294405932415979E-002
 -0.804000000000000       2.317260812338950E-002
 -0.800000000000000       2.340458729911063E-002
 -0.796000000000000       2.364006581394323E-002
 -0.792000000000000       2.387911437140619E-002
 -0.788000000000000       2.412180546889574E-002
 -0.784000000000000       2.436821345255346E-002
 -0.780000000000000       2.461841457410143E-002
 -0.776000000000000       2.487248704972508E-002
 -0.772000000000000       2.513051112108886E-002
 -0.768000000000000       2.539256911857314E-002
 -0.764000000000000       2.565874552682536E-002
 -0.760000000000000       2.592912705272256E-002
 -0.756000000000000       2.620380269584722E-002
 -0.752000000000000       2.648286382158318E-002
 -0.748000000000000       2.676640423694335E-002
 -0.744000000000000       2.705452026924659E-002
 -0.740000000000000       2.734731084776664E-002
 -0.736000000000000       2.764487758848204E-002
 -0.732000000000000       2.794732488206229E-002
 -0.728000000000000       2.825475998523218E-002
 -0.724000000000000       2.856729311566326E-002
 -0.720000000000000       2.888503755054882E-002
 -0.716000000000000       2.920810972902663E-002
 -0.712000000000000       2.953662935862194E-002
 -0.708000000000000       2.987071952589195E-002
 -0.704000000000000       3.021050681146227E-002
 -0.700000000000000       3.055612140965574E-002
 -0.696000000000000       3.090769725292387E-002
 -0.692000000000000       3.126537214130281E-002
 -0.688000000000000       3.162928787712654E-002
 -0.684000000000000       3.199959040524282E-002
 -0.680000000000000       3.237642995898986E-002
 -0.676000000000000       3.275996121220593E-002
 -0.672000000000000       3.315034343755802E-002
 -0.668000000000000       3.354774067149158E-002
 -0.664000000000000       3.395232188611939E-002
 -0.660000000000000       3.436426116838489E-002
 -0.656000000000000       3.478373790685378E-002
 -0.652000000000000       3.521093698650717E-002
 -0.648000000000000       3.564604899192973E-002
 -0.644000000000000       3.608927041930920E-002
 -0.640000000000000       3.654080389768575E-002
 -0.636000000000000       3.700085841991534E-002
 -0.632000000000000       3.746964958383709E-002
 -0.628000000000000       3.794739984416268E-002
 -0.624000000000000       3.843433877563570E-002
 -0.620000000000000       3.893070334804049E-002
 -0.616000000000000       3.943673821367351E-002
 -0.612000000000000       3.995269600792661E-002
 -0.608000000000000       4.047883766366944E-002
 -0.604000000000000       4.101543274015903E-002
 -0.600000000000000       4.156275976724855E-002
 -0.596000000000000       4.212110660571275E-002
 -0.592000000000000       4.269077082455799E-002
 -0.588000000000000       4.327206009623705E-002
 -0.584000000000000       4.386529261074523E-002
 -0.580000000000000       4.447079750963533E-002
 -0.576000000000000       4.508891534105254E-002
 -0.572000000000000       4.571999853696004E-002
 -0.568000000000000       4.636441191379927E-002
 -0.564000000000000       4.702253319790842E-002
 -0.560000000000000       4.769475357710651E-002
 -0.556000000000000       4.838147827994167E-002
 -0.552000000000000       4.908312718419915E-002
 -0.548000000000000       4.980013545636843E-002
 -0.544000000000000       5.053295422388119E-002
 -0.540000000000000       5.128205128205127E-002
 -0.536000000000000       5.204791183777706E-002
 -0.532000000000000       5.283103929220495E-002
 -0.528000000000000       5.363195606470159E-002
 -0.524000000000000       5.445120446064267E-002
 -0.520000000000000       5.528934758569849E-002
 -0.516000000000000       5.614697030948210E-002
 -0.512000000000000       5.702468028162589E-002
 -0.508000000000000       5.792310900356807E-002
 -0.504000000000000       5.884291295956316E-002
 -0.500000000000000       5.978477481068155E-002
 -0.496000000000000       6.074940465583437E-002
 -0.492000000000000       6.173754136415271E-002
 -0.488000000000000       6.274995398336707E-002
 -0.484000000000000       6.378744322917551E-002
 -0.480000000000000       6.485084306095978E-002
 -0.476000000000000       6.594102234961050E-002
 -0.472000000000000       6.705888664365800E-002
 -0.468000000000000       6.820538004037757E-002
 -0.464000000000000       6.938148716905029E-002
 -0.460000000000000       7.058823529411763E-002
 -0.456000000000000       7.182669654657242E-002
 -0.452000000000000       7.309799029258689E-002
 -0.448000000000000       7.440328564909426E-002
 -0.444000000000000       7.574380415681997E-002
 -0.440000000000000       7.712082262210797E-002
 -0.436000000000000       7.853567613981441E-002
 -0.432000000000000       7.998976131055220E-002
 -0.428000000000000       8.148453966667386E-002
 -0.424000000000000       8.302154132258846E-002
 -0.420000000000000       8.460236886632821E-002
 -0.416000000000000       8.622870151072681E-002
 -0.412000000000000       8.790229952415551E-002
 -0.408000000000000       8.962500896250086E-002
 -0.404000000000000       9.139876672597427E-002
 -0.400000000000000       9.322560596643874E-002
 -0.396000000000000       9.510766187324048E-002
 -0.392000000000000       9.704717786806756E-002
 -0.388000000000000       9.904651224214887E-002
 -0.384000000000000       0.101108145272183     
 -0.380000000000000       0.103234686854783     
 -0.376000000000000       0.105428884702972     
 -0.372000000000000       0.107693633152408     
 -0.368000000000000       0.110031982629618     
 -0.364000000000000       0.112447149839575     
 -0.360000000000000       0.114942528735632     
 -0.356000000000000       0.117521702341032     
 -0.352000000000000       0.120188455498221     
 -0.348000000000000       0.122946788629881     
 -0.344000000000000       0.125800932604247     
 -0.340000000000000       0.128755364806867     
 -0.336000000000000       0.131814826531688     
 -0.332000000000000       0.134984341816349     
 -0.328000000000000       0.138269237859961     
 -0.324000000000000       0.141675167176697     
 -0.320000000000000       0.145208131655373     
 -0.316000000000000       0.148874508714121     
 -0.312000000000000       0.152681079760596     
 -0.308000000000000       0.156635061192097     
 -0.304000000000000       0.160744138197094     
 -0.300000000000000       0.165016501650165     
 -0.296000000000000       0.169460888426951     
 -0.292000000000000       0.174086625504851     
 -0.288000000000000       0.178903678259625     
 -0.284000000000000       0.183922703418510     
 -0.280000000000000       0.189155107187894     
 -0.276000000000000       0.194613109139031     
 -0.272000000000000       0.200309812510015     
 -0.268000000000000       0.206259281667675     
 -0.264000000000000       0.212476627570967     
 -0.260000000000000       0.218978102189781     
 -0.256000000000000       0.225781202962249     
 -0.252000000000000       0.232904788522452     
 -0.248000000000000       0.240369207102109     
 -0.244000000000000       0.248196439208419     
 -0.240000000000000       0.256410256410256     
 -0.236000000000000       0.265036398332038     
 -0.232000000000000       0.274102770265331     
 -0.228000000000000       0.283639664170638     
 -0.224000000000000       0.293680006265173     
 -0.220000000000000       0.304259634888438     
 -0.216000000000000       0.315417612919505     
 -0.212000000000000       0.327196579705087     
 -0.208000000000000       0.339643148265556     
 -0.204000000000000       0.352808354501835     
 -0.200000000000000       0.366748166259169     
 -0.196000000000000       0.381524061450809     
 -0.192000000000000       0.397203686050207     
 -0.188000000000000       0.413861604679395     
 -0.184000000000000       0.431580158821498     
 -0.180000000000000       0.450450450450450     
 -0.176000000000000       0.470573472204793     
 -0.172000000000000       0.492061409263876     
 -0.168000000000000       0.515039142974866     
 -0.164000000000000       0.539645992229097     
 -0.160000000000000       0.566037735849056     
 -0.156000000000000       0.594388968140751     
 -0.152000000000000       0.624895850691551     
 -0.148000000000000       0.657779336958428     
 -0.144000000000000       0.693288962839711     
 -0.140000000000000       0.731707317073170     
 -0.136000000000000       0.773355330996081     
 -0.132000000000000       0.818598559266535     
 -0.128000000000000       0.867854663272390     
 -0.124000000000000       0.921602359302039     
 -0.120000000000000       0.980392156862745     
 -0.116000000000000        1.04485929228197     
 -0.112000000000000        1.11573936328474     
 -0.108000000000000        1.19388729703916     
 -0.104000000000000        1.28030044383749     
 -0.100000000000000        1.37614678899083     
 -9.599999999999997E-002   1.48279952550415     
 -9.199999999999997E-002   1.60187953865869     
 -8.799999999999997E-002   1.73530772790375     
 -8.399999999999996E-002   1.88536953242836     
 -7.999999999999996E-002   2.05479452054795     
 -7.599999999999996E-002   2.24685440383463     
 -7.199999999999995E-002   2.46548323471400     
 -6.799999999999995E-002   2.71542360608255     
 -6.399999999999995E-002   3.00240192153723     
 -6.000000000000005E-002   3.33333333333333     
 -5.600000000000005E-002   3.71655104063428     
 -5.200000000000005E-002   4.16204217536070     
 -4.800000000000004E-002   4.68164794007490     
 -4.400000000000004E-002   5.28913963328631     
 -4.000000000000004E-002   5.99999999999999     
 -3.600000000000003E-002   6.83060109289616     
 -3.200000000000003E-002   7.79625779625778     
 -2.800000000000002E-002   8.90736342042754     
 -2.400000000000002E-002   10.1626016260162     
 -2.000000000000002E-002   11.5384615384615     
 -1.600000000000001E-002   12.9757785467128     
 -1.200000000000001E-002   14.3678160919540     
 -8.000000000000007E-003   15.5601659751037     
 -4.000000000000004E-003   16.3755458515284     
  0.000000000000000E+000   16.6666666666667     
  4.000000000000004E-003   16.3755458515284     
  8.000000000000007E-003   15.5601659751037     
  1.200000000000001E-002   14.3678160919540     
  1.600000000000001E-002   12.9757785467128     
  2.000000000000002E-002   11.5384615384615     
  2.400000000000002E-002   10.1626016260163     
  2.800000000000002E-002   8.90736342042756     
  3.200000000000003E-002   7.79625779625780     
  3.600000000000003E-002   6.83060109289617     
  4.000000000000004E-002   6.00000000000000     
  4.400000000000004E-002   5.28913963328632     
  4.800000000000004E-002   4.68164794007490     
  5.200000000000005E-002   4.16204217536071     
  5.600000000000005E-002   3.71655104063429     
  6.000000000000005E-002   3.33333333333333     
  6.400000000000006E-002   3.00240192153723     
  6.800000000000006E-002   2.71542360608255     
  7.200000000000006E-002   2.46548323471400     
  7.600000000000007E-002   2.24685440383463     
  8.000000000000007E-002   2.05479452054794     
  8.400000000000007E-002   1.88536953242835     
  8.800000000000008E-002   1.73530772790375     
  9.200000000000008E-002   1.60187953865869     
  9.600000000000009E-002   1.48279952550415     
  0.100000000000000        1.37614678899082     
  0.104000000000000        1.28030044383749     
  0.108000000000000        1.19388729703916     
  0.112000000000000        1.11573936328474     
  0.116000000000000        1.04485929228197     
  0.120000000000000       0.980392156862744     
  0.124000000000000       0.921602359302039     
  0.128000000000000       0.867854663272392     
  0.132000000000000       0.818598559266537     
  0.136000000000000       0.773355330996083     
  0.140000000000000       0.731707317073172     
  0.144000000000000       0.693288962839713     
  0.148000000000000       0.657779336958429     
  0.152000000000000       0.624895850691552     
  0.156000000000000       0.594388968140752     
  0.160000000000000       0.566037735849057     
  0.164000000000000       0.539645992229098     
  0.168000000000000       0.515039142974867     
  0.172000000000000       0.492061409263877     
  0.176000000000000       0.470573472204794     
  0.180000000000000       0.450450450450451     
  0.184000000000000       0.431580158821499     
  0.188000000000000       0.413861604679396     
  0.192000000000000       0.397203686050207     
  0.196000000000000       0.381524061450809     
  0.200000000000000       0.366748166259169     
  0.204000000000000       0.352808354501835     
  0.208000000000000       0.339643148265556     
  0.212000000000000       0.327196579705087     
  0.216000000000000       0.315417612919506     
  0.220000000000000       0.304259634888438     
  0.224000000000000       0.293680006265174     
  0.228000000000000       0.283639664170638     
  0.232000000000000       0.274102770265332     
  0.236000000000000       0.265036398332038     
  0.240000000000000       0.256410256410256     
  0.244000000000000       0.248196439208419     
  0.248000000000000       0.240369207102109     
  0.252000000000000       0.232904788522452     
  0.256000000000000       0.225781202962249     
  0.260000000000000       0.218978102189781     
  0.264000000000000       0.212476627570967     
  0.268000000000000       0.206259281667675     
  0.272000000000000       0.200309812510016     
  0.276000000000000       0.194613109139032     
  0.280000000000000       0.189155107187894     
  0.284000000000000       0.183922703418510     
  0.288000000000000       0.178903678259625     
  0.292000000000000       0.174086625504851     
  0.296000000000000       0.169460888426951     
  0.300000000000000       0.165016501650165     
  0.304000000000000       0.160744138197094     
  0.308000000000000       0.156635061192097     
  0.312000000000000       0.152681079760596     
  0.316000000000000       0.148874508714121     
  0.320000000000000       0.145208131655373     
  0.324000000000000       0.141675167176697     
  0.328000000000000       0.138269237859961     
  0.332000000000000       0.134984341816349     
  0.336000000000000       0.131814826531688     
  0.340000000000000       0.128755364806867     
  0.344000000000000       0.125800932604247     
  0.348000000000000       0.122946788629881     
  0.352000000000000       0.120188455498221     
  0.356000000000000       0.117521702341032     
  0.360000000000000       0.114942528735632     
  0.364000000000000       0.112447149839575     
  0.368000000000000       0.110031982629618     
  0.372000000000000       0.107693633152408     
  0.376000000000000       0.105428884702972     
  0.380000000000000       0.103234686854783     
  0.384000000000000       0.101108145272183     
  0.388000000000000       9.904651224214898E-002
  0.392000000000000       9.704717786806767E-002
  0.396000000000000       9.510766187324057E-002
  0.400000000000000       9.322560596643885E-002
  0.404000000000000       9.139876672597437E-002
  0.408000000000000       8.962500896250095E-002
  0.412000000000000       8.790229952415561E-002
  0.416000000000000       8.622870151072690E-002
  0.420000000000000       8.460236886632830E-002
  0.424000000000000       8.302154132258854E-002
  0.428000000000000       8.148453966667395E-002
  0.432000000000000       7.998976131055228E-002
  0.436000000000000       7.853567613981448E-002
  0.440000000000000       7.712082262210801E-002
  0.444000000000000       7.574380415682000E-002
  0.448000000000000       7.440328564909429E-002
  0.452000000000000       7.309799029258691E-002
  0.456000000000000       7.182669654657246E-002
  0.460000000000000       7.058823529411767E-002
  0.464000000000000       6.938148716905033E-002
  0.468000000000000       6.820538004037760E-002
  0.472000000000000       6.705888664365804E-002
  0.476000000000000       6.594102234961052E-002
  0.480000000000000       6.485084306095981E-002
  0.484000000000000       6.378744322917554E-002
  0.488000000000000       6.274995398336709E-002
  0.492000000000000       6.173754136415272E-002
  0.496000000000000       6.074940465583438E-002
  0.500000000000000       5.978477481068155E-002
  0.504000000000000       5.884291295956314E-002
  0.508000000000000       5.792310900356806E-002
  0.512000000000000       5.702468028162588E-002
  0.516000000000000       5.614697030948209E-002
  0.520000000000000       5.528934758569848E-002
  0.524000000000000       5.445120446064266E-002
  0.528000000000000       5.363195606470159E-002
  0.532000000000000       5.283103929220495E-002
  0.536000000000000       5.204791183777706E-002
  0.540000000000000       5.128205128205127E-002
  0.544000000000000       5.053295422388119E-002
  0.548000000000000       4.980013545636843E-002
  0.552000000000000       4.908312718419915E-002
  0.556000000000000       4.838147827994167E-002
  0.560000000000000       4.769475357710651E-002
  0.564000000000000       4.702253319790842E-002
  0.568000000000000       4.636441191379927E-002
  0.572000000000000       4.571999853696004E-002
  0.576000000000000       4.508891534105254E-002
  0.580000000000000       4.447079750963533E-002
  0.584000000000000       4.386529261074523E-002
  0.588000000000000       4.327206009623705E-002
  0.592000000000000       4.269077082455799E-002
  0.596000000000000       4.212110660571273E-002
  0.600000000000000       4.156275976724853E-002
  0.604000000000000       4.101543274015901E-002
  0.608000000000000       4.047883766366942E-002
  0.612000000000000       3.995269600792660E-002
  0.616000000000000       3.943673821367349E-002
  0.620000000000000       3.893070334804048E-002
  0.624000000000000       3.843433877563569E-002
  0.628000000000000       3.794739984416269E-002
  0.632000000000000       3.746964958383710E-002
  0.636000000000000       3.700085841991535E-002
  0.640000000000000       3.654080389768576E-002
  0.644000000000000       3.608927041930921E-002
  0.648000000000000       3.564604899192975E-002
  0.652000000000000       3.521093698650718E-002
  0.656000000000000       3.478373790685380E-002
  0.660000000000000       3.436426116838489E-002
  0.664000000000000       3.395232188611939E-002
  0.668000000000000       3.354774067149158E-002
  0.672000000000000       3.315034343755802E-002
  0.676000000000000       3.275996121220593E-002
  0.680000000000000       3.237642995898986E-002
  0.684000000000000       3.199959040524282E-002
  0.688000000000000       3.162928787712654E-002
  0.692000000000000       3.126537214130281E-002
  0.696000000000000       3.090769725292387E-002
  0.700000000000000       3.055612140965574E-002
  0.704000000000000       3.021050681146227E-002
  0.708000000000000       2.987071952589194E-002
  0.712000000000000       2.953662935862194E-002
  0.716000000000000       2.920810972902663E-002
  0.720000000000000       2.888503755054881E-002
  0.724000000000000       2.856729311566325E-002
  0.728000000000000       2.825475998523217E-002
  0.732000000000000       2.794732488206229E-002
  0.736000000000000       2.764487758848204E-002
  0.740000000000000       2.734731084776663E-002
  0.744000000000000       2.705452026924658E-002
  0.748000000000000       2.676640423694334E-002
  0.752000000000000       2.648286382158318E-002
  0.756000000000000       2.620380269584721E-002
  0.760000000000000       2.592912705272255E-002
  0.764000000000000       2.565874552682536E-002
  0.768000000000000       2.539256911857313E-002
  0.772000000000000       2.513051112108885E-002
  0.776000000000000       2.487248704972507E-002
  0.780000000000000       2.461841457410142E-002
  0.784000000000000       2.436821345255346E-002
  0.788000000000000       2.412180546889573E-002
  0.792000000000000       2.387911437140619E-002
  0.796000000000000       2.364006581394322E-002
  0.800000000000000       2.340458729911062E-002
  0.804000000000000       2.317260812338950E-002
  0.808000000000000       2.294405932415978E-002
  0.812000000000000       2.271887362853732E-002
  0.816000000000000       2.249698540395586E-002
  0.820000000000000       2.227833061042625E-002
  0.824000000000000       2.206284675440815E-002
  0.828000000000000       2.185047284423234E-002
  0.832000000000000       2.164114934701438E-002
  0.836000000000000       2.143481814700283E-002
  0.840000000000000       2.123142250530785E-002
  0.844000000000000       2.103090702095799E-002
  0.848000000000000       2.083321759323558E-002
  0.852000000000000       2.063830138524278E-002
  0.856000000000000       2.044610678865267E-002
  0.860000000000000       2.025658338960161E-002
  0.864000000000000       2.006968193568067E-002
  0.868000000000000       1.988535430398608E-002
  0.872000000000000       1.970355347018983E-002
  0.876000000000000       1.952423347859363E-002
  0.880000000000000       1.934734941313040E-002
  0.884000000000000       1.917285736927946E-002
  0.888000000000000       1.900071442686245E-002
  0.892000000000000       1.883087862368874E-002
  0.896000000000000       1.866330893002006E-002
  0.900000000000000       1.849796522382538E-002
  0.904000000000000       1.833480826679835E-002
  0.908000000000000       1.817379968111039E-002
  0.912000000000000       1.801490192687391E-002
  0.916000000000000       1.785807828029087E-002
  0.920000000000000       1.770329281246312E-002
  0.924000000000000       1.755051036884153E-002
  0.928000000000000       1.739969654929218E-002
  0.932000000000000       1.725081768875844E-002
  0.936000000000000       1.710384083849869E-002
  0.940000000000000       1.695873374788016E-002
  0.944000000000000       1.681546484671022E-002
  0.948000000000000       1.667400322808702E-002
  0.952000000000000       1.653431863175206E-002
  0.956000000000000       1.639638142792806E-002
  0.960000000000000       1.626016260162601E-002
  0.964000000000000       1.612563373740588E-002
  0.968000000000000       1.599276700457606E-002
  0.972000000000000       1.586153514281726E-002
  0.976000000000000       1.573191144821684E-002
  0.980000000000000       1.560386975970040E-002
  0.984000000000000       1.547738444584773E-002
  0.988000000000000       1.535243039208060E-002
  0.992000000000000       1.522898298821073E-002
  0.996000000000000       1.510701811633612E-002
