  -1.00000000000000       0.137614678899083     
 -0.996000000000000       0.138630112678556     
 -0.992000000000000       0.139656482295282     
 -0.988000000000000       0.140693940030615     
 -0.984000000000000       0.141742640722094     
 -0.980000000000000       0.142802741812643     
 -0.976000000000000       0.143874403400807     
 -0.972000000000000       0.144957788292049     
 -0.968000000000000       0.146053062051130     
 -0.964000000000000       0.147160393055599     
 -0.960000000000000       0.148279952550415     
 -0.956000000000000       0.149411914703726     
 -0.952000000000000       0.150556456663830     
 -0.948000000000000       0.151713758617342     
 -0.944000000000000       0.152884003848600     
 -0.940000000000000       0.154067378800329     
 -0.936000000000000       0.155264073135589     
 -0.932000000000000       0.156474279801048     
 -0.928000000000000       0.157698195091591     
 -0.924000000000000       0.158936018716306     
 -0.920000000000000       0.160187953865869     
 -0.916000000000000       0.161454207281369     
 -0.912000000000000       0.162734989324585     
 -0.908000000000000       0.164030514049760     
 -0.904000000000000       0.165340999276909     
 -0.900000000000000       0.166666666666667     
 -0.896000000000000       0.168007741796742     
 -0.892000000000000       0.169364454239983     
 -0.888000000000000       0.170737037644102     
 -0.884000000000000       0.172125729813094     
 -0.880000000000000       0.173530772790375     
 -0.876000000000000       0.174952412943679     
 -0.872000000000000       0.176390901051760     
 -0.868000000000000       0.177846492392913     
 -0.864000000000000       0.179319446835370     
 -0.860000000000000       0.180810028929605     
 -0.856000000000000       0.182318508002567     
 -0.852000000000000       0.183845158253912     
 -0.848000000000000       0.185390258854239     
 -0.844000000000000       0.186954094045388     
 -0.840000000000000       0.188536953242836     
 -0.836000000000000       0.190139131140226     
 -0.832000000000000       0.191760927816073     
 -0.828000000000000       0.193402648842679     
 -0.824000000000000       0.195064605397308     
 -0.820000000000000       0.196747114375656     
 -0.816000000000000       0.198450498507652     
 -0.812000000000000       0.200175086475637     
 -0.808000000000000       0.201921213034957     
 -0.804000000000000       0.203689219137010     
 -0.800000000000000       0.205479452054795     
 -0.796000000000000       0.207292265510989     
 -0.792000000000000       0.209128019808606     
 -0.788000000000000       0.210987081964262     
 -0.784000000000000       0.212869825844100     
 -0.780000000000000       0.214776632302406     
 -0.776000000000000       0.216707889322947     
 -0.772000000000000       0.218663992163083     
 -0.768000000000000       0.220645343500671     
 -0.764000000000000       0.222652353583812     
 -0.760000000000000       0.224685440383463     
 -0.756000000000000       0.226745029748948     
 -0.752000000000000       0.228831555566404     
 -0.748000000000000       0.230945459920185     
 -0.744000000000000       0.233087193257254     
 -0.740000000000000       0.235257214554580     
 -0.736000000000000       0.237455991489577     
 -0.732000000000000       0.239684000613591     
 -0.728000000000000       0.241941727528452     
 -0.724000000000000       0.244229667066118     
 -0.720000000000000       0.246548323471400     
 -0.716000000000000       0.248898210587798     
 -0.712000000000000       0.251279852046423     
 -0.708000000000000       0.253693781458029     
 -0.704000000000000       0.256140542608125     
 -0.700000000000000       0.258620689655172     
 -0.696000000000000       0.261134787331829     
 -0.692000000000000       0.263683411149238     
 -0.688000000000000       0.266267147604306     
 -0.684000000000000       0.268886594389950     
 -0.680000000000000       0.271542360608255     
 -0.676000000000000       0.274235066986486     
 -0.672000000000000       0.276965346095897     
 -0.668000000000000       0.279733842573253     
 -0.664000000000000       0.282541213344987     
 -0.660000000000000       0.285388127853881     
 -0.656000000000000       0.288275268288183     
 -0.652000000000000       0.291203329813009     
 -0.648000000000000       0.294173020803916     
 -0.644000000000000       0.297185063082483     
 -0.640000000000000       0.300240192153723     
 -0.636000000000000       0.303339157445156     
 -0.632000000000000       0.306482722547321     
 -0.628000000000000       0.309671665455506     
 -0.624000000000000       0.312906778812456     
 -0.620000000000000       0.316188870151771     
 -0.616000000000000       0.319518762141713     
 -0.612000000000000       0.322897292829097     
 -0.608000000000000       0.326325315882906     
 -0.604000000000000       0.329803700837262     
 -0.600000000000000       0.333333333333333     
 -0.596000000000000       0.336915115359736     
 -0.592000000000000       0.340549965490937     
 -0.588000000000000       0.344238819123155     
 -0.584000000000000       0.347982628707175     
 -0.580000000000000       0.351782363977486     
 -0.576000000000000       0.355639012177080     
 -0.572000000000000       0.359553578277211     
 -0.568000000000000       0.363527085191361     
 -0.564000000000000       0.367560573982592     
 -0.560000000000000       0.371655104063429     
 -0.556000000000000       0.375811753387317     
 -0.552000000000000       0.380031618630670     
 -0.548000000000000       0.384315815364434     
 -0.544000000000000       0.388665478214004     
 -0.540000000000000       0.393081761006289     
 -0.536000000000000       0.397565836902591     
 -0.532000000000000       0.402118898515913     
 -0.528000000000000       0.406742158011194     
 -0.524000000000000       0.411436847186869     
 -0.520000000000000       0.416204217536071     
 -0.516000000000000       0.421045540285637     
 -0.512000000000000       0.425962106411014     
 -0.508000000000000       0.430955226624988     
 -0.504000000000000       0.436026231338077     
 -0.500000000000000       0.441176470588235     
 -0.496000000000000       0.446407313937431     
 -0.492000000000000       0.451720150332466     
 -0.488000000000000       0.457116387927251     
 -0.484000000000000       0.462597453863614     
 -0.480000000000000       0.468164794007491     
 -0.476000000000000       0.473819872637218     
 -0.472000000000000       0.479564172080413     
 -0.468000000000000       0.485399192295744     
 -0.464000000000000       0.491326450395682     
 -0.460000000000000       0.497347480106101     
 -0.456000000000000       0.503463831158370     
 -0.452000000000000       0.509677068609329     
 -0.448000000000000       0.515988772084319     
 -0.444000000000000       0.522400534938148     
 -0.440000000000000       0.528913963328632     
 -0.436000000000000       0.535530675197075     
 -0.432000000000000       0.542252299149748     
 -0.428000000000000       0.549080473234157     
 -0.424000000000000       0.556016843603582     
 -0.420000000000000       0.563063063063063     
 -0.416000000000000       0.570220789489690     
 -0.412000000000000       0.577491684119748     
 -0.408000000000000       0.584877409694928     
 -0.404000000000000       0.592379628459497     
 -0.400000000000000       0.600000000000000     
 -0.396000000000000       0.607740178918709     
 -0.392000000000000       0.615601812331735     
 -0.388000000000000       0.623586537182386     
 -0.384000000000000       0.631695977360016     
 -0.380000000000000       0.639931740614334     
 -0.376000000000000       0.648295415254823     
 -0.372000000000000       0.656788566624632     
 -0.368000000000000       0.665412733338065     
 -0.364000000000000       0.674169423270531     
 -0.360000000000000       0.683060109289617     
 -0.356000000000000       0.692086224715783     
 -0.352000000000000       0.701249158501010     
 -0.348000000000000       0.710550250113688     
 -0.344000000000000       0.719990784117963     
 -0.340000000000000       0.729571984435798     
 -0.336000000000000       0.739295008280104     
 -0.332000000000000       0.749160939747483     
 -0.328000000000000       0.759170783059357     
 -0.324000000000000       0.769325455440670     
 -0.320000000000000       0.779625779625780     
 -0.316000000000000       0.790072475981797     
 -0.312000000000000       0.800666154240328     
 -0.308000000000000       0.811407304829496     
 -0.304000000000000       0.822296289799140     
 -0.300000000000000       0.833333333333333     
 -0.296000000000000       0.844518511845779     
 -0.292000000000000       0.855851743655285     
 -0.288000000000000       0.867332778240355     
 -0.284000000000000       0.878961185074067     
 -0.280000000000000       0.890736342042755     
 -0.276000000000000       0.902657423454650     
 -0.272000000000000       0.914723387647575     
 -0.268000000000000       0.926932964208028     
 -0.264000000000000       0.939284640817553     
 -0.260000000000000       0.951776649746193     
 -0.256000000000000       0.964406954017076     
 -0.252000000000000       0.977173233270794     
 -0.248000000000000       0.990072869363185     
 -0.244000000000000        1.00310293173550     
 -0.240000000000000        1.01626016260163     
 -0.236000000000000        1.02954096200307     
 -0.232000000000000        1.04294137278896     
 -0.228000000000000        1.05645706558485     
 -0.224000000000000        1.07008332382148     
 -0.220000000000000        1.08381502890173     
 -0.216000000000000        1.09764664559185     
 -0.212000000000000        1.11157220773061     
 -0.208000000000000        1.12558530435827     
 -0.204000000000000        1.13967906637491     
 -0.200000000000000        1.15384615384615     
 -0.196000000000000        1.16807874408173     
 -0.192000000000000        1.18236852062051     
 -0.188000000000000        1.19670666326270     
 -0.184000000000000        1.21108383929725     
 -0.180000000000000        1.22549019607843     
 -0.176000000000000        1.23991535511176     
 -0.172000000000000        1.25434840781375     
 -0.168000000000000        1.26877791311409     
 -0.164000000000000        1.28319189707090     
 -0.160000000000000        1.29757785467128     
 -0.156000000000000        1.31192275398824     
 -0.152000000000000        1.32621304286321     
 -0.148000000000000        1.34043465827852     
 -0.144000000000000        1.35457303857824     
 -0.140000000000000        1.36861313868613     
 -0.136000000000000        1.38253944845893     
 -0.132000000000000        1.39633601429848     
 -0.128000000000000        1.40998646412994     
 -0.124000000000000        1.42347403583359     
 -0.120000000000000        1.43678160919540     
 -0.116000000000000        1.44989174141664     
 -0.112000000000000        1.46278670619441     
 -0.108000000000000        1.47544853635505     
 -0.104000000000000        1.48785906998889     
 -0.100000000000000        1.50000000000000     
 -9.599999999999997E-002   1.51185292694727     
 -9.199999999999997E-002   1.52339941501462     
 -8.799999999999997E-002   1.53462105090850     
 -8.399999999999996E-002   1.54549950544016     
 -7.999999999999996E-002   1.55601659751037     
 -7.599999999999996E-002   1.56615436017374     
 -7.199999999999995E-002   1.57589510842158     
 -6.799999999999995E-002   1.58522150828542     
 -6.399999999999995E-002   1.59411664682877     
 -6.000000000000005E-002   1.60256410256410     
 -5.600000000000005E-002   1.61054801580484     
 -5.200000000000005E-002   1.61805315843977     
 -4.800000000000004E-002   1.62506500260010     
 -4.400000000000004E-002   1.63156978767839     
 -4.000000000000004E-002   1.63755458515284     
 -3.600000000000003E-002   1.64300736067298     
 -3.200000000000003E-002   1.64791703287045     
 -2.800000000000002E-002   1.65227352837504     
 -2.400000000000002E-002   1.65606783253842     
 -2.000000000000002E-002   1.65929203539823     
 -1.600000000000001E-002   1.66193937245169     
 -1.200000000000001E-002   1.66400425985091     
 -8.000000000000007E-003   1.66548232368094     
 -4.000000000000004E-003   1.66637042303590     
  0.000000000000000E+000   1.66666666666667     
  4.000000000000004E-003   1.66637042303590     
  8.000000000000007E-003   1.66548232368094     
  1.200000000000001E-002   1.66400425985091     
  1.600000000000001E-002   1.66193937245169     
  2.000000000000002E-002   1.65929203539823     
  2.400000000000002E-002   1.65606783253842     
  2.800000000000002E-002   1.65227352837504     
  3.200000000000003E-002   1.64791703287045     
  3.600000000000003E-002   1.64300736067298     
  4.000000000000004E-002   1.63755458515284     
  4.400000000000004E-002   1.63156978767839     
  4.800000000000004E-002   1.62506500260010     
  5.200000000000005E-002   1.61805315843977     
  5.600000000000005E-002   1.61054801580484     
  6.000000000000005E-002   1.60256410256410     
  6.400000000000006E-002   1.59411664682877     
  6.800000000000006E-002   1.58522150828542     
  7.200000000000006E-002   1.57589510842158     
  7.600000000000007E-002   1.56615436017374     
  8.000000000000007E-002   1.55601659751037     
  8.400000000000007E-002   1.54549950544016     
  8.800000000000008E-002   1.53462105090850     
  9.200000000000008E-002   1.52339941501462     
  9.600000000000009E-002   1.51185292694727     
  0.100000000000000        1.50000000000000     
  0.104000000000000        1.48785906998889     
  0.108000000000000        1.47544853635505     
  0.112000000000000        1.46278670619441     
  0.116000000000000        1.44989174141664     
  0.120000000000000        1.43678160919540     
  0.124000000000000        1.42347403583359     
  0.128000000000000        1.40998646412994     
  0.132000000000000        1.39633601429848     
  0.136000000000000        1.38253944845893     
  0.140000000000000        1.36861313868613     
  0.144000000000000        1.35457303857824     
  0.148000000000000        1.34043465827852     
  0.152000000000000        1.32621304286321     
  0.156000000000000        1.31192275398825     
  0.160000000000000        1.29757785467128     
  0.164000000000000        1.28319189707090     
  0.168000000000000        1.26877791311409     
  0.172000000000000        1.25434840781375     
  0.176000000000000        1.23991535511176     
  0.180000000000000        1.22549019607843     
  0.184000000000000        1.21108383929725     
  0.188000000000000        1.19670666326270     
  0.192000000000000        1.18236852062051     
  0.196000000000000        1.16807874408173     
  0.200000000000000        1.15384615384615     
  0.204000000000000        1.13967906637491     
  0.208000000000000        1.12558530435827     
  0.212000000000000        1.11157220773061     
  0.216000000000000        1.09764664559185     
  0.220000000000000        1.08381502890173     
  0.224000000000000        1.07008332382148     
  0.228000000000000        1.05645706558485     
  0.232000000000000        1.04294137278896     
  0.236000000000000        1.02954096200308     
  0.240000000000000        1.01626016260163     
  0.244000000000000        1.00310293173550     
  0.248000000000000       0.990072869363185     
  0.252000000000000       0.977173233270794     
  0.256000000000000       0.964406954017077     
  0.260000000000000       0.951776649746193     
  0.264000000000000       0.939284640817553     
  0.268000000000000       0.926932964208029     
  0.272000000000000       0.914723387647575     
  0.276000000000000       0.902657423454651     
  0.280000000000000       0.890736342042755     
  0.284000000000000       0.878961185074067     
  0.288000000000000       0.867332778240355     
  0.292000000000000       0.855851743655286     
  0.296000000000000       0.844518511845780     
  0.300000000000000       0.833333333333333     
  0.304000000000000       0.822296289799140     
  0.308000000000000       0.811407304829496     
  0.312000000000000       0.800666154240328     
  0.316000000000000       0.790072475981797     
  0.320000000000000       0.779625779625780     
  0.324000000000000       0.769325455440670     
  0.328000000000000       0.759170783059357     
  0.332000000000000       0.749160939747483     
  0.336000000000000       0.739295008280104     
  0.340000000000000       0.729571984435798     
  0.344000000000000       0.719990784117963     
  0.348000000000000       0.710550250113688     
  0.352000000000000       0.701249158501010     
  0.356000000000000       0.692086224715783     
  0.360000000000000       0.683060109289617     
  0.364000000000000       0.674169423270531     
  0.368000000000000       0.665412733338065     
  0.372000000000000       0.656788566624632     
  0.376000000000000       0.648295415254824     
  0.380000000000000       0.639931740614335     
  0.384000000000000       0.631695977360016     
  0.388000000000000       0.623586537182387     
  0.392000000000000       0.615601812331736     
  0.396000000000000       0.607740178918709     
  0.400000000000000       0.600000000000000     
  0.404000000000000       0.592379628459497     
  0.408000000000000       0.584877409694928     
  0.412000000000000       0.577491684119749     
  0.416000000000000       0.570220789489691     
  0.420000000000000       0.563063063063063     
  0.424000000000000       0.556016843603582     
  0.428000000000000       0.549080473234157     
  0.432000000000000       0.542252299149749     
  0.436000000000000       0.535530675197075     
  0.440000000000000       0.528913963328632     
  0.444000000000000       0.522400534938148     
  0.448000000000000       0.515988772084320     
  0.452000000000000       0.509677068609329     
  0.456000000000000       0.503463831158370     
  0.460000000000000       0.497347480106101     
  0.464000000000000       0.491326450395682     
  0.468000000000000       0.485399192295744     
  0.472000000000000       0.479564172080413     
  0.476000000000000       0.473819872637218     
  0.480000000000000       0.468164794007491     
  0.484000000000000       0.462597453863614     
  0.488000000000000       0.457116387927252     
  0.492000000000000       0.451720150332466     
  0.496000000000000       0.446407313937432     
  0.500000000000000       0.441176470588235     
  0.504000000000000       0.436026231338077     
  0.508000000000000       0.430955226624988     
  0.512000000000000       0.425962106411014     
  0.516000000000000       0.421045540285637     
  0.520000000000000       0.416204217536071     
  0.524000000000000       0.411436847186869     
  0.528000000000000       0.406742158011194     
  0.532000000000000       0.402118898515913     
  0.536000000000000       0.397565836902591     
  0.540000000000000       0.393081761006289     
  0.544000000000000       0.388665478214004     
  0.548000000000000       0.384315815364434     
  0.552000000000000       0.380031618630670     
  0.556000000000000       0.375811753387317     
  0.560000000000000       0.371655104063429     
  0.564000000000000       0.367560573982592     
  0.568000000000000       0.363527085191361     
  0.572000000000000       0.359553578277211     
  0.576000000000000       0.355639012177080     
  0.580000000000000       0.351782363977486     
  0.584000000000000       0.347982628707175     
  0.588000000000000       0.344238819123155     
  0.592000000000000       0.340549965490937     
  0.596000000000000       0.336915115359735     
  0.600000000000000       0.333333333333333     
  0.604000000000000       0.329803700837262     
  0.608000000000000       0.326325315882906     
  0.612000000000000       0.322897292829097     
  0.616000000000000       0.319518762141713     
  0.620000000000000       0.316188870151771     
  0.624000000000000       0.312906778812456     
  0.628000000000000       0.309671665455506     
  0.632000000000000       0.306482722547321     
  0.636000000000000       0.303339157445156     
  0.640000000000000       0.300240192153723     
  0.644000000000000       0.297185063082483     
  0.648000000000000       0.294173020803916     
  0.652000000000000       0.291203329813009     
  0.656000000000000       0.288275268288183     
  0.660000000000000       0.285388127853881     
  0.664000000000000       0.282541213344987     
  0.668000000000000       0.279733842573253     
  0.672000000000000       0.276965346095897     
  0.676000000000000       0.274235066986486     
  0.680000000000000       0.271542360608255     
  0.684000000000000       0.268886594389950     
  0.688000000000000       0.266267147604306     
  0.692000000000000       0.263683411149238     
  0.696000000000000       0.261134787331829     
  0.700000000000000       0.258620689655172     
  0.704000000000000       0.256140542608125     
  0.708000000000000       0.253693781458029     
  0.712000000000000       0.251279852046423     
  0.716000000000000       0.248898210587798     
  0.720000000000000       0.246548323471400     
  0.724000000000000       0.244229667066118     
  0.728000000000000       0.241941727528452     
  0.732000000000000       0.239684000613591     
  0.736000000000000       0.237455991489577     
  0.740000000000000       0.235257214554580     
  0.744000000000000       0.233087193257254     
  0.748000000000000       0.230945459920185     
  0.752000000000000       0.228831555566404     
  0.756000000000000       0.226745029748948     
  0.760000000000000       0.224685440383463     
  0.764000000000000       0.222652353583812     
  0.768000000000000       0.220645343500671     
  0.772000000000000       0.218663992163082     
  0.776000000000000       0.216707889322947     
  0.780000000000000       0.214776632302405     
  0.784000000000000       0.212869825844100     
  0.788000000000000       0.210987081964262     
  0.792000000000000       0.209128019808606     
  0.796000000000000       0.207292265510989     
  0.800000000000000       0.205479452054794     
  0.804000000000000       0.203689219137009     
  0.808000000000000       0.201921213034957     
  0.812000000000000       0.200175086475637     
  0.816000000000000       0.198450498507652     
  0.820000000000000       0.196747114375656     
  0.824000000000000       0.195064605397308     
  0.828000000000000       0.193402648842678     
  0.832000000000000       0.191760927816073     
  0.836000000000000       0.190139131140226     
  0.840000000000000       0.188536953242836     
  0.844000000000000       0.186954094045387     
  0.848000000000000       0.185390258854239     
  0.852000000000000       0.183845158253912     
  0.856000000000000       0.182318508002567     
  0.860000000000000       0.180810028929605     
  0.864000000000000       0.179319446835370     
  0.868000000000000       0.177846492392913     
  0.872000000000000       0.176390901051760     
  0.876000000000000       0.174952412943679     
  0.880000000000000       0.173530772790375     
  0.884000000000000       0.172125729813094     
  0.888000000000000       0.170737037644102     
  0.892000000000000       0.169364454239983     
  0.896000000000000       0.168007741796742     
  0.900000000000000       0.166666666666667     
  0.904000000000000       0.165340999276909     
  0.908000000000000       0.164030514049760     
  0.912000000000000       0.162734989324585     
  0.916000000000000       0.161454207281369     
  0.920000000000000       0.160187953865869     
  0.924000000000000       0.158936018716306     
  0.928000000000000       0.157698195091591     
  0.932000000000000       0.156474279801048     
  0.936000000000000       0.155264073135589     
  0.940000000000000       0.154067378800329     
  0.944000000000000       0.152884003848600     
  0.948000000000000       0.151713758617341     
  0.952000000000000       0.150556456663829     
  0.956000000000000       0.149411914703726     
  0.960000000000000       0.148279952550415     
  0.964000000000000       0.147160393055599     
  0.968000000000000       0.146053062051130     
  0.972000000000000       0.144957788292049     
  0.976000000000000       0.143874403400807     
  0.980000000000000       0.142802741812643     
  0.984000000000000       0.141742640722094     
  0.988000000000000       0.140693940030615     
  0.992000000000000       0.139656482295282     
  0.996000000000000       0.138630112678556     
