  -1.00000000000000       0.139521053955765     
 -0.996000000000000       0.140547684373217     
 -0.992000000000000       0.141585328603300     
 -0.988000000000000       0.142634139224014     
 -0.984000000000000       0.143694271356973     
 -0.980000000000000       0.144765882715903     
 -0.976000000000000       0.145849133656146     
 -0.972000000000000       0.146944187225202     
 -0.968000000000000       0.148051209214319     
 -0.964000000000000       0.149170368211159     
 -0.960000000000000       0.150301835653567     
 -0.956000000000000       0.151445785884458     
 -0.952000000000000       0.152602396207856     
 -0.948000000000000       0.153771846946091     
 -0.944000000000000       0.154954321498210     
 -0.940000000000000       0.156150006399590     
 -0.936000000000000       0.157359091382810     
 -0.932000000000000       0.158581769439785     
 -0.928000000000000       0.159818236885211     
 -0.924000000000000       0.161068693421321     
 -0.920000000000000       0.162333342204008     
 -0.916000000000000       0.163612389910319     
 -0.912000000000000       0.164906046807365     
 -0.908000000000000       0.166214526822665     
 -0.904000000000000       0.167538047615961     
 -0.900000000000000       0.168876830652529     
 -0.896000000000000       0.170231101278017     
 -0.892000000000000       0.171601088794843     
 -0.888000000000000       0.172987026540180     
 -0.884000000000000       0.174389151965566     
 -0.880000000000000       0.175807706718160     
 -0.876000000000000       0.177242936723690     
 -0.872000000000000       0.178695092271115     
 -0.868000000000000       0.180164428099035     
 -0.864000000000000       0.181651203483891     
 -0.860000000000000       0.183155682329981     
 -0.856000000000000       0.184678133261319     
 -0.852000000000000       0.186218829715397     
 -0.848000000000000       0.187778050038849     
 -0.844000000000000       0.189356077585083     
 -0.840000000000000       0.190953200813899     
 -0.836000000000000       0.192569713393129     
 -0.832000000000000       0.194205914302342     
 -0.828000000000000       0.195862107938644     
 -0.824000000000000       0.197538604224606     
 -0.820000000000000       0.199235718718359     
 -0.816000000000000       0.200953772725895     
 -0.812000000000000       0.202693093415598     
 -0.808000000000000       0.204454013935049     
 -0.804000000000000       0.206236873530140     
 -0.800000000000000       0.208042017666519     
 -0.796000000000000       0.209869798153421     
 -0.792000000000000       0.211720573269896     
 -0.788000000000000       0.213594707893480     
 -0.784000000000000       0.215492573631340     
 -0.780000000000000       0.217414548953915     
 -0.776000000000000       0.219361019331100     
 -0.772000000000000       0.221332377370978     
 -0.768000000000000       0.223329022961152     
 -0.764000000000000       0.225351363412692     
 -0.760000000000000       0.227399813606710     
 -0.756000000000000       0.229474796143620     
 -0.752000000000000       0.231576741495059     
 -0.748000000000000       0.233706088158534     
 -0.744000000000000       0.235863282814769     
 -0.740000000000000       0.238048780487805     
 -0.736000000000000       0.240263044707832     
 -0.732000000000000       0.242506547676787     
 -0.728000000000000       0.244779770436703     
 -0.724000000000000       0.247083203040825     
 -0.720000000000000       0.249417344727481     
 -0.716000000000000       0.251782704096711     
 -0.712000000000000       0.254179799289630     
 -0.708000000000000       0.256609158170520     
 -0.704000000000000       0.259071318511623     
 -0.700000000000000       0.261566828180610     
 -0.696000000000000       0.264096245330692     
 -0.692000000000000       0.266660138593328     
 -0.688000000000000       0.269259087273491     
 -0.684000000000000       0.271893681547423     
 -0.680000000000000       0.274564522662826     
 -0.676000000000000       0.277272223141413     
 -0.672000000000000       0.280017406983726     
 -0.668000000000000       0.282800709876143     
 -0.664000000000000       0.285622779399949     
 -0.660000000000000       0.288484275242374     
 -0.656000000000000       0.291385869409452     
 -0.652000000000000       0.294328246440558     
 -0.648000000000000       0.297312103624478     
 -0.644000000000000       0.300338151216813     
 -0.640000000000000       0.303407112658543     
 -0.636000000000000       0.306519724795536     
 -0.632000000000000       0.309676738098768     
 -0.628000000000000       0.312878916884998     
 -0.624000000000000       0.316127039537646     
 -0.620000000000000       0.319421898727549     
 -0.616000000000000       0.322764301633293     
 -0.612000000000000       0.326155070160768     
 -0.608000000000000       0.329595041161558     
 -0.604000000000000       0.333085066649776     
 -0.600000000000000       0.336626014016887     
 -0.596000000000000       0.340218766244052     
 -0.592000000000000       0.343864222111484     
 -0.588000000000000       0.347563296404258     
 -0.584000000000000       0.351316920113988     
 -0.580000000000000       0.355126040635734     
 -0.576000000000000       0.358991621959459     
 -0.572000000000000       0.362914644855298     
 -0.568000000000000       0.366896107051863     
 -0.564000000000000       0.370937023406734     
 -0.560000000000000       0.375038426068245     
 -0.556000000000000       0.379201364627599     
 -0.552000000000000       0.383426906260293     
 -0.548000000000000       0.387716135855734     
 -0.544000000000000       0.392070156133905     
 -0.540000000000000       0.396490087747806     
 -0.536000000000000       0.400977069370348     
 -0.532000000000000       0.405532257764281     
 -0.528000000000000       0.410156827833646     
 -0.524000000000000       0.414851972655134     
 -0.520000000000000       0.419618903487652     
 -0.516000000000000       0.424458849758267     
 -0.512000000000000       0.429373059022606     
 -0.508000000000000       0.434362796897653     
 -0.504000000000000       0.439429346964768     
 -0.500000000000000       0.444574010640624     
 -0.496000000000000       0.449798107013606     
 -0.492000000000000       0.455102972643089     
 -0.488000000000000       0.460489961318843     
 -0.484000000000000       0.465960443777671     
 -0.480000000000000       0.471515807374198     
 -0.476000000000000       0.477157455702579     
 -0.472000000000000       0.482886808165695     
 -0.468000000000000       0.488705299488221     
 -0.464000000000000       0.494614379169761     
 -0.460000000000000       0.500615510874025     
 -0.456000000000000       0.506710171749828     
 -0.452000000000000       0.512899851679453     
 -0.448000000000000       0.519186052449707     
 -0.444000000000000       0.525570286840754     
 -0.440000000000000       0.532054077627562     
 -0.436000000000000       0.538638956488568     
 -0.432000000000000       0.545326462815887     
 -0.428000000000000       0.552118142421137     
 -0.424000000000000       0.559015546130696     
 -0.420000000000000       0.566020228263895     
 -0.416000000000000       0.573133744987428     
 -0.412000000000000       0.580357652538922     
 -0.408000000000000       0.587693505312364     
 -0.404000000000000       0.595142853797792     
 -0.400000000000000       0.602707242367355     
 -0.396000000000000       0.610388206899588     
 -0.392000000000000       0.618187272233460     
 -0.388000000000000       0.626105949443484     
 -0.384000000000000       0.634145732926925     
 -0.380000000000000       0.642308097293882     
 -0.376000000000000       0.650594494050793     
 -0.372000000000000       0.659006348067707     
 -0.368000000000000       0.667545053819452     
 -0.364000000000000       0.676211971390691     
 -0.360000000000000       0.685008422234699     
 -0.356000000000000       0.693935684675625     
 -0.352000000000000       0.702994989143913     
 -0.348000000000000       0.712187513134606     
 -0.344000000000000       0.721514375878237     
 -0.340000000000000       0.730976632714200     
 -0.336000000000000       0.740575269156618     
 -0.332000000000000       0.750311194643024     
 -0.328000000000000       0.760185235956512     
 -0.324000000000000       0.770198130312473     
 -0.320000000000000       0.780350518101574     
 -0.316000000000000       0.790642935281339     
 -0.312000000000000       0.801075805409494     
 -0.308000000000000       0.811649431313169     
 -0.304000000000000       0.822363986389202     
 -0.300000000000000       0.833219505532031     
 -0.296000000000000       0.844215875687136     
 -0.292000000000000       0.855352826029648     
 -0.288000000000000       0.866629917769607     
 -0.284000000000000       0.878046533587439     
 -0.280000000000000       0.889601866705556     
 -0.276000000000000       0.901294909604553     
 -0.272000000000000       0.913124442395320     
 -0.268000000000000       0.925089020861515     
 -0.264000000000000       0.937186964190240     
 -0.260000000000000       0.949416342412451     
 -0.256000000000000       0.961774963578686     
 -0.252000000000000       0.974260360699934     
 -0.248000000000000       0.986869778488180     
 -0.244000000000000       0.999600159936025     
 -0.240000000000000        1.01244813278008     
 -0.236000000000000        1.02540999589836     
 -0.232000000000000        1.03848170569769     
 -0.228000000000000        1.05165886255336     
 -0.224000000000000        1.06493669736943     
 -0.220000000000000        1.07831005833481     
 -0.216000000000000        1.09177339795677     
 -0.212000000000000        1.10532076046068     
 -0.208000000000000        1.11894576965126     
 -0.204000000000000        1.13264161733796     
 -0.200000000000000        1.14640105243375     
 -0.196000000000000        1.16021637084319     
 -0.192000000000000        1.17407940626227     
 -0.188000000000000        1.18798152201856     
 -0.184000000000000        1.20191360408572     
 -0.180000000000000        1.21586605541160     
 -0.176000000000000        1.22982879170329     
 -0.172000000000000        1.24379123881607     
 -0.168000000000000        1.25774233189552     
 -0.164000000000000        1.27167051642331     
 -0.160000000000000        1.28556375131718     
 -0.156000000000000        1.29940951423386     
 -0.152000000000000        1.31319480922078     
 -0.148000000000000        1.32690617685702     
 -0.144000000000000        1.34052970701734     
 -0.140000000000000        1.35405105438402     
 -0.136000000000000        1.36745545681979     
 -0.132000000000000        1.38072775670219     
 -0.128000000000000        1.39385242530322     
 -0.124000000000000        1.40681359028053     
 -0.120000000000000        1.41959506632534     
 -0.116000000000000        1.43218038898958     
 -0.112000000000000        1.44455285168942     
 -0.108000000000000        1.45669554585487     
 -0.104000000000000        1.46859140416598     
 -0.100000000000000        1.48022324678476     
 -9.599999999999997E-002   1.49157383045940     
 -9.199999999999997E-002   1.50262590034388     
 -8.799999999999997E-002   1.51336224434102     
 -8.399999999999996E-002   1.52376574974271     
 -7.999999999999996E-002   1.53381946190596     
 -7.599999999999996E-002   1.54350664466959     
 -7.199999999999995E-002   1.55281084218351     
 -6.799999999999995E-002   1.56171594179152     
 -6.399999999999995E-002   1.57020623757993     
 -6.000000000000005E-002   1.57826649417853     
 -5.600000000000005E-002   1.58588201037843     
 -5.200000000000005E-002   1.59303868211305     
 -4.800000000000004E-002   1.59972306433509     
 -4.400000000000004E-002   1.60592243131391     
 -4.000000000000004E-002   1.61162483487450     
 -3.600000000000003E-002   1.61681916010220     
 -3.200000000000003E-002   1.62149517804549     
 -2.800000000000002E-002   1.62564359496424     
 -2.400000000000002E-002   1.62925609769126     
 -2.000000000000002E-002   1.63232539470163     
 -1.600000000000001E-002   1.63484525251659     
 -1.200000000000001E-002   1.63681052710666     
 -8.000000000000007E-003   1.63821719000097     
 -4.000000000000004E-003   1.63906234885696     
  0.000000000000000E+000   1.63934426229508     
  4.000000000000004E-003   1.63906234885696     
  8.000000000000007E-003   1.63821719000097     
  1.200000000000001E-002   1.63681052710666     
  1.600000000000001E-002   1.63484525251659     
  2.000000000000002E-002   1.63232539470163     
  2.400000000000002E-002   1.62925609769126     
  2.800000000000002E-002   1.62564359496424     
  3.200000000000003E-002   1.62149517804549     
  3.600000000000003E-002   1.61681916010220     
  4.000000000000004E-002   1.61162483487450     
  4.400000000000004E-002   1.60592243131391     
  4.800000000000004E-002   1.59972306433509     
  5.200000000000005E-002   1.59303868211305     
  5.600000000000005E-002   1.58588201037843     
  6.000000000000005E-002   1.57826649417853     
  6.400000000000006E-002   1.57020623757993     
  6.800000000000006E-002   1.56171594179152     
  7.200000000000006E-002   1.55281084218351     
  7.600000000000007E-002   1.54350664466959     
  8.000000000000007E-002   1.53381946190596     
  8.400000000000007E-002   1.52376574974271     
  8.800000000000008E-002   1.51336224434102     
  9.200000000000008E-002   1.50262590034388     
  9.600000000000009E-002   1.49157383045940     
  0.100000000000000        1.48022324678476     
  0.104000000000000        1.46859140416598     
  0.108000000000000        1.45669554585487     
  0.112000000000000        1.44455285168942     
  0.116000000000000        1.43218038898958     
  0.120000000000000        1.41959506632534     
  0.124000000000000        1.40681359028053     
  0.128000000000000        1.39385242530322     
  0.132000000000000        1.38072775670219     
  0.136000000000000        1.36745545681979     
  0.140000000000000        1.35405105438402     
  0.144000000000000        1.34052970701734     
  0.148000000000000        1.32690617685702     
  0.152000000000000        1.31319480922078     
  0.156000000000000        1.29940951423386     
  0.160000000000000        1.28556375131718     
  0.164000000000000        1.27167051642331     
  0.168000000000000        1.25774233189552     
  0.172000000000000        1.24379123881607     
  0.176000000000000        1.22982879170329     
  0.180000000000000        1.21586605541160     
  0.184000000000000        1.20191360408572     
  0.188000000000000        1.18798152201856     
  0.192000000000000        1.17407940626227     
  0.196000000000000        1.16021637084319     
  0.200000000000000        1.14640105243375     
  0.204000000000000        1.13264161733796     
  0.208000000000000        1.11894576965126     
  0.212000000000000        1.10532076046068     
  0.216000000000000        1.09177339795677     
  0.220000000000000        1.07831005833481     
  0.224000000000000        1.06493669736943     
  0.228000000000000        1.05165886255336     
  0.232000000000000        1.03848170569769     
  0.236000000000000        1.02540999589836     
  0.240000000000000        1.01244813278008     
  0.244000000000000       0.999600159936026     
  0.248000000000000       0.986869778488180     
  0.252000000000000       0.974260360699934     
  0.256000000000000       0.961774963578686     
  0.260000000000000       0.949416342412452     
  0.264000000000000       0.937186964190240     
  0.268000000000000       0.925089020861516     
  0.272000000000000       0.913124442395320     
  0.276000000000000       0.901294909604553     
  0.280000000000000       0.889601866705556     
  0.284000000000000       0.878046533587439     
  0.288000000000000       0.866629917769607     
  0.292000000000000       0.855352826029649     
  0.296000000000000       0.844215875687136     
  0.300000000000000       0.833219505532031     
  0.304000000000000       0.822363986389202     
  0.308000000000000       0.811649431313169     
  0.312000000000000       0.801075805409494     
  0.316000000000000       0.790642935281339     
  0.320000000000000       0.780350518101574     
  0.324000000000000       0.770198130312473     
  0.328000000000000       0.760185235956512     
  0.332000000000000       0.750311194643024     
  0.336000000000000       0.740575269156618     
  0.340000000000000       0.730976632714200     
  0.344000000000000       0.721514375878237     
  0.348000000000000       0.712187513134606     
  0.352000000000000       0.702994989143913     
  0.356000000000000       0.693935684675625     
  0.360000000000000       0.685008422234699     
  0.364000000000000       0.676211971390691     
  0.368000000000000       0.667545053819452     
  0.372000000000000       0.659006348067707     
  0.376000000000000       0.650594494050794     
  0.380000000000000       0.642308097293883     
  0.384000000000000       0.634145732926926     
  0.388000000000000       0.626105949443485     
  0.392000000000000       0.618187272233460     
  0.396000000000000       0.610388206899588     
  0.400000000000000       0.602707242367355     
  0.404000000000000       0.595142853797792     
  0.408000000000000       0.587693505312364     
  0.412000000000000       0.580357652538922     
  0.416000000000000       0.573133744987429     
  0.420000000000000       0.566020228263896     
  0.424000000000000       0.559015546130696     
  0.428000000000000       0.552118142421138     
  0.432000000000000       0.545326462815887     
  0.436000000000000       0.538638956488569     
  0.440000000000000       0.532054077627562     
  0.444000000000000       0.525570286840754     
  0.448000000000000       0.519186052449707     
  0.452000000000000       0.512899851679453     
  0.456000000000000       0.506710171749828     
  0.460000000000000       0.500615510874026     
  0.464000000000000       0.494614379169761     
  0.468000000000000       0.488705299488221     
  0.472000000000000       0.482886808165695     
  0.476000000000000       0.477157455702579     
  0.480000000000000       0.471515807374198     
  0.484000000000000       0.465960443777671     
  0.488000000000000       0.460489961318843     
  0.492000000000000       0.455102972643089     
  0.496000000000000       0.449798107013606     
  0.500000000000000       0.444574010640624     
  0.504000000000000       0.439429346964768     
  0.508000000000000       0.434362796897653     
  0.512000000000000       0.429373059022606     
  0.516000000000000       0.424458849758267     
  0.520000000000000       0.419618903487652     
  0.524000000000000       0.414851972655134     
  0.528000000000000       0.410156827833646     
  0.532000000000000       0.405532257764281     
  0.536000000000000       0.400977069370348     
  0.540000000000000       0.396490087747806     
  0.544000000000000       0.392070156133905     
  0.548000000000000       0.387716135855734     
  0.552000000000000       0.383426906260293     
  0.556000000000000       0.379201364627599     
  0.560000000000000       0.375038426068245     
  0.564000000000000       0.370937023406734     
  0.568000000000000       0.366896107051863     
  0.572000000000000       0.362914644855298     
  0.576000000000000       0.358991621959459     
  0.580000000000000       0.355126040635734     
  0.584000000000000       0.351316920113988     
  0.588000000000000       0.347563296404258     
  0.592000000000000       0.343864222111484     
  0.596000000000000       0.340218766244052     
  0.600000000000000       0.336626014016886     
  0.604000000000000       0.333085066649776     
  0.608000000000000       0.329595041161558     
  0.612000000000000       0.326155070160768     
  0.616000000000000       0.322764301633293     
  0.620000000000000       0.319421898727549     
  0.624000000000000       0.316127039537646     
  0.628000000000000       0.312878916884998     
  0.632000000000000       0.309676738098768     
  0.636000000000000       0.306519724795536     
  0.640000000000000       0.303407112658543     
  0.644000000000000       0.300338151216813     
  0.648000000000000       0.297312103624478     
  0.652000000000000       0.294328246440558     
  0.656000000000000       0.291385869409452     
  0.660000000000000       0.288484275242374     
  0.664000000000000       0.285622779399949     
  0.668000000000000       0.282800709876143     
  0.672000000000000       0.280017406983726     
  0.676000000000000       0.277272223141413     
  0.680000000000000       0.274564522662826     
  0.684000000000000       0.271893681547423     
  0.688000000000000       0.269259087273491     
  0.692000000000000       0.266660138593328     
  0.696000000000000       0.264096245330692     
  0.700000000000000       0.261566828180610     
  0.704000000000000       0.259071318511623     
  0.708000000000000       0.256609158170520     
  0.712000000000000       0.254179799289630     
  0.716000000000000       0.251782704096711     
  0.720000000000000       0.249417344727481     
  0.724000000000000       0.247083203040825     
  0.728000000000000       0.244779770436703     
  0.732000000000000       0.242506547676787     
  0.736000000000000       0.240263044707832     
  0.740000000000000       0.238048780487805     
  0.744000000000000       0.235863282814769     
  0.748000000000000       0.233706088158534     
  0.752000000000000       0.231576741495059     
  0.756000000000000       0.229474796143620     
  0.760000000000000       0.227399813606710     
  0.764000000000000       0.225351363412691     
  0.768000000000000       0.223329022961152     
  0.772000000000000       0.221332377370978     
  0.776000000000000       0.219361019331100     
  0.780000000000000       0.217414548953915     
  0.784000000000000       0.215492573631340     
  0.788000000000000       0.213594707893480     
  0.792000000000000       0.211720573269896     
  0.796000000000000       0.209869798153421     
  0.800000000000000       0.208042017666519     
  0.804000000000000       0.206236873530140     
  0.808000000000000       0.204454013935049     
  0.812000000000000       0.202693093415598     
  0.816000000000000       0.200953772725895     
  0.820000000000000       0.199235718718359     
  0.824000000000000       0.197538604224606     
  0.828000000000000       0.195862107938644     
  0.832000000000000       0.194205914302342     
  0.836000000000000       0.192569713393129     
  0.840000000000000       0.190953200813899     
  0.844000000000000       0.189356077585083     
  0.848000000000000       0.187778050038848     
  0.852000000000000       0.186218829715396     
  0.856000000000000       0.184678133261319     
  0.860000000000000       0.183155682329980     
  0.864000000000000       0.181651203483891     
  0.868000000000000       0.180164428099035     
  0.872000000000000       0.178695092271115     
  0.876000000000000       0.177242936723690     
  0.880000000000000       0.175807706718160     
  0.884000000000000       0.174389151965566     
  0.888000000000000       0.172987026540180     
  0.892000000000000       0.171601088794843     
  0.896000000000000       0.170231101278017     
  0.900000000000000       0.168876830652529     
  0.904000000000000       0.167538047615961     
  0.908000000000000       0.166214526822665     
  0.912000000000000       0.164906046807365     
  0.916000000000000       0.163612389910319     
  0.920000000000000       0.162333342204008     
  0.924000000000000       0.161068693421321     
  0.928000000000000       0.159818236885211     
  0.932000000000000       0.158581769439785     
  0.936000000000000       0.157359091382810     
  0.940000000000000       0.156150006399590     
  0.944000000000000       0.154954321498210     
  0.948000000000000       0.153771846946091     
  0.952000000000000       0.152602396207855     
  0.956000000000000       0.151445785884458     
  0.960000000000000       0.150301835653567     
  0.964000000000000       0.149170368211159     
  0.968000000000000       0.148051209214319     
  0.972000000000000       0.146944187225202     
  0.976000000000000       0.145849133656146     
  0.980000000000000       0.144765882715903     
  0.984000000000000       0.143694271356973     
  0.988000000000000       0.142634139224014     
  0.992000000000000       0.141585328603300     
  0.996000000000000       0.140547684373217     
