  -1.00000000000000       0.141410455250433     
 -0.996000000000000       0.142448047818431     
 -0.992000000000000       0.143496728274595     
 -0.988000000000000       0.144556649419349     
 -0.984000000000000       0.145627966582610     
 -0.980000000000000       0.146710837671557     
 -0.976000000000000       0.147805423219374     
 -0.972000000000000       0.148911886434992     
 -0.968000000000000       0.150030393253859     
 -0.964000000000000       0.151161112389750     
 -0.960000000000000       0.152304215387639     
 -0.956000000000000       0.153459876677663     
 -0.952000000000000       0.154628273630193     
 -0.948000000000000       0.155809586612036     
 -0.944000000000000       0.157003999043795     
 -0.940000000000000       0.158211697458406     
 -0.936000000000000       0.159432871560879     
 -0.932000000000000       0.160667714289268     
 -0.928000000000000       0.161916421876893     
 -0.924000000000000       0.163179193915837     
 -0.920000000000000       0.164456233421751     
 -0.916000000000000       0.165747746899982     
 -0.912000000000000       0.167053944413069     
 -0.908000000000000       0.168375039649606     
 -0.904000000000000       0.169711249994525     
 -0.900000000000000       0.171062796600817     
 -0.896000000000000       0.172429904462708     
 -0.892000000000000       0.173812802490345     
 -0.888000000000000       0.175211723585985     
 -0.884000000000000       0.176626904721750     
 -0.880000000000000       0.178058587018955     
 -0.876000000000000       0.179507015829044     
 -0.872000000000000       0.180972440816174     
 -0.868000000000000       0.182455116041454     
 -0.864000000000000       0.183955300048897     
 -0.860000000000000       0.185473255953093     
 -0.856000000000000       0.187009251528650     
 -0.852000000000000       0.188563559301415     
 -0.848000000000000       0.190136456641528     
 -0.844000000000000       0.191728225858324     
 -0.840000000000000       0.193339154297119     
 -0.836000000000000       0.194969534437909     
 -0.832000000000000       0.196619663996022     
 -0.828000000000000       0.198289846024736     
 -0.824000000000000       0.199980389019915     
 -0.820000000000000       0.201691607026675     
 -0.816000000000000       0.203423819748122     
 -0.812000000000000       0.205177352656186     
 -0.808000000000000       0.206952537104587     
 -0.804000000000000       0.208749710443950     
 -0.800000000000000       0.210569216139112     
 -0.796000000000000       0.212411403888636     
 -0.792000000000000       0.214276629746573     
 -0.788000000000000       0.216165256246479     
 -0.784000000000000       0.218077652527731     
 -0.780000000000000       0.220014194464159     
 -0.776000000000000       0.221975264795009     
 -0.772000000000000       0.223961253258275     
 -0.768000000000000       0.225972556726401     
 -0.764000000000000       0.228009579344392     
 -0.760000000000000       0.230072732670328     
 -0.756000000000000       0.232162435818320     
 -0.752000000000000       0.234279115603896     
 -0.748000000000000       0.236423206691844     
 -0.744000000000000       0.238595151746517     
 -0.740000000000000       0.240795401584589     
 -0.736000000000000       0.243024415330294     
 -0.732000000000000       0.245282660573107     
 -0.728000000000000       0.247570613527897     
 -0.724000000000000       0.249888759197519     
 -0.720000000000000       0.252237591537836     
 -0.716000000000000       0.254617613625163     
 -0.712000000000000       0.257029337826096     
 -0.708000000000000       0.259473285969694     
 -0.704000000000000       0.261949989522000     
 -0.700000000000000       0.264459989762839     
 -0.696000000000000       0.267003837964845     
 -0.692000000000000       0.269582095574679     
 -0.688000000000000       0.272195334396359     
 -0.684000000000000       0.274844136776628     
 -0.680000000000000       0.277529095792301     
 -0.676000000000000       0.280250815439470     
 -0.672000000000000       0.283009910824490     
 -0.668000000000000       0.285807008356628     
 -0.664000000000000       0.288642745942242     
 -0.660000000000000       0.291517773180365     
 -0.656000000000000       0.294432751559544     
 -0.652000000000000       0.297388354655759     
 -0.648000000000000       0.300385268331253     
 -0.644000000000000       0.303424190934077     
 -0.640000000000000       0.306505833498121     
 -0.636000000000000       0.309630919943427     
 -0.632000000000000       0.312800187276499     
 -0.628000000000000       0.316014385790362     
 -0.624000000000000       0.319274279264062     
 -0.620000000000000       0.322580645161290     
 -0.616000000000000       0.325934274827781     
 -0.612000000000000       0.329335973687118     
 -0.608000000000000       0.332786561434546     
 -0.604000000000000       0.336286872228345     
 -0.600000000000000       0.339837754878316     
 -0.596000000000000       0.343440073030870     
 -0.592000000000000       0.347094705350185     
 -0.588000000000000       0.350802545694861     
 -0.584000000000000       0.354564503289444     
 -0.580000000000000       0.358381502890173     
 -0.576000000000000       0.362254484944236     
 -0.572000000000000       0.366184405741771     
 -0.568000000000000       0.370172237559825     
 -0.564000000000000       0.374218968797381     
 -0.560000000000000       0.378325604100561     
 -0.556000000000000       0.382493164476996     
 -0.552000000000000       0.386722687398329     
 -0.548000000000000       0.391015226889739     
 -0.544000000000000       0.395371853605281     
 -0.540000000000000       0.399793654887800     
 -0.536000000000000       0.404281734812048     
 -0.532000000000000       0.408837214209599     
 -0.528000000000000       0.413461230674022     
 -0.524000000000000       0.418154938544713     
 -0.520000000000000       0.422919508867667     
 -0.516000000000000       0.427756129331376     
 -0.512000000000000       0.432666004175925     
 -0.508000000000000       0.437650354073254     
 -0.504000000000000       0.442710415976419     
 -0.500000000000000       0.447847442935568     
 -0.496000000000000       0.453062703878217     
 -0.492000000000000       0.458357483351273     
 -0.488000000000000       0.463733081222101     
 -0.484000000000000       0.469190812335783     
 -0.480000000000000       0.474732006125574     
 -0.476000000000000       0.480358006173375     
 -0.472000000000000       0.486070169716888     
 -0.468000000000000       0.491869867099935     
 -0.464000000000000       0.497758481162250     
 -0.460000000000000       0.503737406564836     
 -0.456000000000000       0.509808049046823     
 -0.452000000000000       0.515971824609526     
 -0.448000000000000       0.522230158623199     
 -0.444000000000000       0.528584484851792     
 -0.440000000000000       0.535036244390749     
 -0.436000000000000       0.541586884512711     
 -0.432000000000000       0.548237857415713     
 -0.428000000000000       0.554990618868249     
 -0.424000000000000       0.561846626745349     
 -0.420000000000000       0.568807339449541     
 -0.416000000000000       0.575874214210346     
 -0.412000000000000       0.583048705255714     
 -0.408000000000000       0.590332261848540     
 -0.404000000000000       0.597726326181184     
 -0.400000000000000       0.605232331120656     
 -0.396000000000000       0.612851697796897     
 -0.392000000000000       0.620585833026377     
 -0.388000000000000       0.628436126562981     
 -0.384000000000000       0.636403948167978     
 -0.380000000000000       0.644490644490644     
 -0.376000000000000       0.652697535750981     
 -0.372000000000000       0.661025912215759     
 -0.368000000000000       0.669477030459045     
 -0.364000000000000       0.678052109398240     
 -0.360000000000000       0.686752326096588     
 -0.356000000000000       0.695578811323125     
 -0.352000000000000       0.704532644861002     
 -0.348000000000000       0.713614850555238     
 -0.344000000000000       0.722826391091048     
 -0.340000000000000       0.732168162494095     
 -0.336000000000000       0.741640988344274     
 -0.332000000000000       0.751245613694965     
 -0.328000000000000       0.760982698690128     
 -0.324000000000000       0.770852811872128     
 -0.320000000000000       0.780856423173804     
 -0.316000000000000       0.790993896589030     
 -0.312000000000000       0.801265482516904     
 -0.308000000000000       0.811671309775664     
 -0.304000000000000       0.822211377283625     
 -0.300000000000000       0.832885545405696     
 -0.296000000000000       0.843693526965533     
 -0.292000000000000       0.854634877925057     
 -0.288000000000000       0.865708987734858     
 -0.284000000000000       0.876915069361153     
 -0.280000000000000       0.888252148997134     
 -0.276000000000000       0.899719055469131     
 -0.272000000000000       0.911314409350674     
 -0.268000000000000       0.923036611800576     
 -0.264000000000000       0.934883833144346     
 -0.260000000000000       0.946854001221747     
 -0.256000000000000       0.958944789527085     
 -0.252000000000000       0.971153605172802     
 -0.248000000000000       0.983477576711251     
 -0.244000000000000       0.995913541854070     
 -0.240000000000000        1.00845803513338     
 -0.236000000000000        1.02110727555403     
 -0.232000000000000        1.03385715429151     
 -0.228000000000000        1.04670322249534     
 -0.224000000000000        1.05964067926386     
 -0.220000000000000        1.07266435986159     
 -0.216000000000000        1.08576872425677     
 -0.212000000000000        1.09894784606222     
 -0.208000000000000        1.11219540196894     
 -0.204000000000000        1.12550466176770     
 -0.200000000000000        1.13886847905952     
 -0.196000000000000        1.15227928276190     
 -0.192000000000000        1.16572906952258     
 -0.188000000000000        1.17920939715773     
 -0.184000000000000        1.19271137923605     
 -0.180000000000000        1.20622568093385     
 -0.176000000000000        1.21974251628946     
 -0.172000000000000        1.23325164698768     
 -0.168000000000000        1.24674238280622     
 -0.164000000000000        1.26020358385639     
 -0.160000000000000        1.27362366474938     
 -0.156000000000000        1.28699060081703     
 -0.152000000000000        1.30029193651220     
 -0.148000000000000        1.31351479610861     
 -0.144000000000000        1.32664589681263     
 -0.140000000000000        1.33967156439067     
 -0.136000000000000        1.35257775140494     
 -0.132000000000000        1.36535005813749     
 -0.128000000000000        1.37797375626756     
 -0.124000000000000        1.39043381535039     
 -0.120000000000000        1.40271493212670     
 -0.116000000000000        1.41480156267115     
 -0.112000000000000        1.42667795736534     
 -0.108000000000000        1.43832819865632     
 -0.104000000000000        1.44973624153541     
 -0.100000000000000        1.46088595664467     
 -9.599999999999997E-002   1.47176117588970     
 -9.199999999999997E-002   1.48234574040779     
 -8.799999999999997E-002   1.49262355071068     
 -8.399999999999996E-002   1.50257861879096     
 -7.999999999999996E-002   1.51219512195122     
 -7.599999999999996E-002   1.52145745808630     
 -7.199999999999995E-002   1.53035030212077     
 -6.799999999999995E-002   1.53885866327787     
 -6.399999999999995E-002   1.54696794283205     
 -6.000000000000005E-002   1.55466399197593     
 -5.600000000000005E-002   1.56193316941433     
 -5.200000000000005E-002   1.56876239828347     
 -4.800000000000004E-002   1.57513922198285     
 -4.400000000000004E-002   1.58105185850096     
 -4.000000000000004E-002   1.58648925281474     
 -3.600000000000003E-002   1.59144112694566     
 -3.200000000000003E-002   1.59589802726412     
 -2.800000000000002E-002   1.59985136864704     
 -2.400000000000002E-002   1.60329347511275     
 -2.000000000000002E-002   1.60621761658031     
 -1.600000000000001E-002   1.60861804142970     
 -1.200000000000001E-002   1.61049000457171     
 -8.000000000000007E-003   1.61182979077409     
 -4.000000000000004E-003   1.61263473303092     
  0.000000000000000E+000   1.61290322580645     
  4.000000000000004E-003   1.61263473303092     
  8.000000000000007E-003   1.61182979077409     
  1.200000000000001E-002   1.61049000457171     
  1.600000000000001E-002   1.60861804142970     
  2.000000000000002E-002   1.60621761658031     
  2.400000000000002E-002   1.60329347511275     
  2.800000000000002E-002   1.59985136864704     
  3.200000000000003E-002   1.59589802726412     
  3.600000000000003E-002   1.59144112694567     
  4.000000000000004E-002   1.58648925281474     
  4.400000000000004E-002   1.58105185850096     
  4.800000000000004E-002   1.57513922198285     
  5.200000000000005E-002   1.56876239828347     
  5.600000000000005E-002   1.56193316941433     
  6.000000000000005E-002   1.55466399197593     
  6.400000000000006E-002   1.54696794283205     
  6.800000000000006E-002   1.53885866327787     
  7.200000000000006E-002   1.53035030212077     
  7.600000000000007E-002   1.52145745808630     
  8.000000000000007E-002   1.51219512195122     
  8.400000000000007E-002   1.50257861879096     
  8.800000000000008E-002   1.49262355071068     
  9.200000000000008E-002   1.48234574040779     
  9.600000000000009E-002   1.47176117588970     
  0.100000000000000        1.46088595664467     
  0.104000000000000        1.44973624153541     
  0.108000000000000        1.43832819865632     
  0.112000000000000        1.42667795736534     
  0.116000000000000        1.41480156267115     
  0.120000000000000        1.40271493212670     
  0.124000000000000        1.39043381535039     
  0.128000000000000        1.37797375626756     
  0.132000000000000        1.36535005813749     
  0.136000000000000        1.35257775140494     
  0.140000000000000        1.33967156439067     
  0.144000000000000        1.32664589681263     
  0.148000000000000        1.31351479610861     
  0.152000000000000        1.30029193651220     
  0.156000000000000        1.28699060081703     
  0.160000000000000        1.27362366474938     
  0.164000000000000        1.26020358385639     
  0.168000000000000        1.24674238280622     
  0.172000000000000        1.23325164698768     
  0.176000000000000        1.21974251628946     
  0.180000000000000        1.20622568093385     
  0.184000000000000        1.19271137923605     
  0.188000000000000        1.17920939715773     
  0.192000000000000        1.16572906952258     
  0.196000000000000        1.15227928276190     
  0.200000000000000        1.13886847905952     
  0.204000000000000        1.12550466176770     
  0.208000000000000        1.11219540196894     
  0.212000000000000        1.09894784606222     
  0.216000000000000        1.08576872425677     
  0.220000000000000        1.07266435986159     
  0.224000000000000        1.05964067926386     
  0.228000000000000        1.04670322249534     
  0.232000000000000        1.03385715429151     
  0.236000000000000        1.02110727555403     
  0.240000000000000        1.00845803513338     
  0.244000000000000       0.995913541854070     
  0.248000000000000       0.983477576711251     
  0.252000000000000       0.971153605172803     
  0.256000000000000       0.958944789527086     
  0.260000000000000       0.946854001221747     
  0.264000000000000       0.934883833144346     
  0.268000000000000       0.923036611800577     
  0.272000000000000       0.911314409350674     
  0.276000000000000       0.899719055469131     
  0.280000000000000       0.888252148997135     
  0.284000000000000       0.876915069361153     
  0.288000000000000       0.865708987734858     
  0.292000000000000       0.854634877925057     
  0.296000000000000       0.843693526965534     
  0.300000000000000       0.832885545405696     
  0.304000000000000       0.822211377283626     
  0.308000000000000       0.811671309775664     
  0.312000000000000       0.801265482516904     
  0.316000000000000       0.790993896589030     
  0.320000000000000       0.780856423173804     
  0.324000000000000       0.770852811872128     
  0.328000000000000       0.760982698690128     
  0.332000000000000       0.751245613694965     
  0.336000000000000       0.741640988344274     
  0.340000000000000       0.732168162494095     
  0.344000000000000       0.722826391091048     
  0.348000000000000       0.713614850555238     
  0.352000000000000       0.704532644861002     
  0.356000000000000       0.695578811323125     
  0.360000000000000       0.686752326096588     
  0.364000000000000       0.678052109398240     
  0.368000000000000       0.669477030459045     
  0.372000000000000       0.661025912215759     
  0.376000000000000       0.652697535750981     
  0.380000000000000       0.644490644490645     
  0.384000000000000       0.636403948167978     
  0.388000000000000       0.628436126562982     
  0.392000000000000       0.620585833026377     
  0.396000000000000       0.612851697796897     
  0.400000000000000       0.605232331120656     
  0.404000000000000       0.597726326181185     
  0.408000000000000       0.590332261848540     
  0.412000000000000       0.583048705255714     
  0.416000000000000       0.575874214210347     
  0.420000000000000       0.568807339449542     
  0.424000000000000       0.561846626745350     
  0.428000000000000       0.554990618868249     
  0.432000000000000       0.548237857415713     
  0.436000000000000       0.541586884512712     
  0.440000000000000       0.535036244390749     
  0.444000000000000       0.528584484851792     
  0.448000000000000       0.522230158623199     
  0.452000000000000       0.515971824609526     
  0.456000000000000       0.509808049046824     
  0.460000000000000       0.503737406564836     
  0.464000000000000       0.497758481162250     
  0.468000000000000       0.491869867099935     
  0.472000000000000       0.486070169716888     
  0.476000000000000       0.480358006173375     
  0.480000000000000       0.474732006125574     
  0.484000000000000       0.469190812335783     
  0.488000000000000       0.463733081222101     
  0.492000000000000       0.458357483351273     
  0.496000000000000       0.453062703878217     
  0.500000000000000       0.447847442935568     
  0.504000000000000       0.442710415976419     
  0.508000000000000       0.437650354073254     
  0.512000000000000       0.432666004175925     
  0.516000000000000       0.427756129331376     
  0.520000000000000       0.422919508867667     
  0.524000000000000       0.418154938544713     
  0.528000000000000       0.413461230674022     
  0.532000000000000       0.408837214209599     
  0.536000000000000       0.404281734812048     
  0.540000000000000       0.399793654887800     
  0.544000000000000       0.395371853605281     
  0.548000000000000       0.391015226889739     
  0.552000000000000       0.386722687398329     
  0.556000000000000       0.382493164476996     
  0.560000000000000       0.378325604100561     
  0.564000000000000       0.374218968797381     
  0.568000000000000       0.370172237559825     
  0.572000000000000       0.366184405741771     
  0.576000000000000       0.362254484944236     
  0.580000000000000       0.358381502890173     
  0.584000000000000       0.354564503289444     
  0.588000000000000       0.350802545694861     
  0.592000000000000       0.347094705350185     
  0.596000000000000       0.343440073030870     
  0.600000000000000       0.339837754878316     
  0.604000000000000       0.336286872228345     
  0.608000000000000       0.332786561434546     
  0.612000000000000       0.329335973687118     
  0.616000000000000       0.325934274827780     
  0.620000000000000       0.322580645161290     
  0.624000000000000       0.319274279264062     
  0.628000000000000       0.316014385790362     
  0.632000000000000       0.312800187276499     
  0.636000000000000       0.309630919943428     
  0.640000000000000       0.306505833498121     
  0.644000000000000       0.303424190934077     
  0.648000000000000       0.300385268331253     
  0.652000000000000       0.297388354655759     
  0.656000000000000       0.294432751559544     
  0.660000000000000       0.291517773180365     
  0.664000000000000       0.288642745942242     
  0.668000000000000       0.285807008356628     
  0.672000000000000       0.283009910824490     
  0.676000000000000       0.280250815439470     
  0.680000000000000       0.277529095792301     
  0.684000000000000       0.274844136776628     
  0.688000000000000       0.272195334396359     
  0.692000000000000       0.269582095574679     
  0.696000000000000       0.267003837964845     
  0.700000000000000       0.264459989762839     
  0.704000000000000       0.261949989522000     
  0.708000000000000       0.259473285969694     
  0.712000000000000       0.257029337826096     
  0.716000000000000       0.254617613625163     
  0.720000000000000       0.252237591537836     
  0.724000000000000       0.249888759197519     
  0.728000000000000       0.247570613527897     
  0.732000000000000       0.245282660573107     
  0.736000000000000       0.243024415330294     
  0.740000000000000       0.240795401584589     
  0.744000000000000       0.238595151746516     
  0.748000000000000       0.236423206691844     
  0.752000000000000       0.234279115603896     
  0.756000000000000       0.232162435818320     
  0.760000000000000       0.230072732670328     
  0.764000000000000       0.228009579344392     
  0.768000000000000       0.225972556726401     
  0.772000000000000       0.223961253258275     
  0.776000000000000       0.221975264795009     
  0.780000000000000       0.220014194464159     
  0.784000000000000       0.218077652527731     
  0.788000000000000       0.216165256246479     
  0.792000000000000       0.214276629746573     
  0.796000000000000       0.212411403888636     
  0.800000000000000       0.210569216139111     
  0.804000000000000       0.208749710443950     
  0.808000000000000       0.206952537104587     
  0.812000000000000       0.205177352656186     
  0.816000000000000       0.203423819748122     
  0.820000000000000       0.201691607026675     
  0.824000000000000       0.199980389019915     
  0.828000000000000       0.198289846024736     
  0.832000000000000       0.196619663996022     
  0.836000000000000       0.194969534437909     
  0.840000000000000       0.193339154297119     
  0.844000000000000       0.191728225858324     
  0.848000000000000       0.190136456641528     
  0.852000000000000       0.188563559301415     
  0.856000000000000       0.187009251528650     
  0.860000000000000       0.185473255953093     
  0.864000000000000       0.183955300048896     
  0.868000000000000       0.182455116041454     
  0.872000000000000       0.180972440816174     
  0.876000000000000       0.179507015829044     
  0.880000000000000       0.178058587018955     
  0.884000000000000       0.176626904721750     
  0.888000000000000       0.175211723585985     
  0.892000000000000       0.173812802490345     
  0.896000000000000       0.172429904462708     
  0.900000000000000       0.171062796600817     
  0.904000000000000       0.169711249994525     
  0.908000000000000       0.168375039649606     
  0.912000000000000       0.167053944413069     
  0.916000000000000       0.165747746899982     
  0.920000000000000       0.164456233421751     
  0.924000000000000       0.163179193915837     
  0.928000000000000       0.161916421876893     
  0.932000000000000       0.160667714289268     
  0.936000000000000       0.159432871560879     
  0.940000000000000       0.158211697458406     
  0.944000000000000       0.157003999043795     
  0.948000000000000       0.155809586612036     
  0.952000000000000       0.154628273630193     
  0.956000000000000       0.153459876677663     
  0.960000000000000       0.152304215387639     
  0.964000000000000       0.151161112389750     
  0.968000000000000       0.150030393253859     
  0.972000000000000       0.148911886434992     
  0.976000000000000       0.147805423219374     
  0.980000000000000       0.146710837671557     
  0.984000000000000       0.145627966582610     
  0.988000000000000       0.144556649419349     
  0.992000000000000       0.143496728274595     
  0.996000000000000       0.142448047818431     
