  -1.00000000000000       0.143282767404308     
 -0.996000000000000       0.144331087266699     
 -0.992000000000000       0.145390565213900     
 -0.988000000000000       0.146461354195630     
 -0.984000000000000       0.147543609675488     
 -0.980000000000000       0.148637489677952     
 -0.976000000000000       0.149743154836324     
 -0.972000000000000       0.150860768441651     
 -0.968000000000000       0.151990496492638     
 -0.964000000000000       0.153132507746560     
 -0.960000000000000       0.154286973771215     
 -0.956000000000000       0.155454068997918     
 -0.952000000000000       0.156633970775582     
 -0.948000000000000       0.157826859425871     
 -0.944000000000000       0.159032918299489     
 -0.940000000000000       0.160252333833592     
 -0.936000000000000       0.161485295610368     
 -0.932000000000000       0.162731996416796     
 -0.928000000000000       0.163992632305611     
 -0.924000000000000       0.165267402657500     
 -0.920000000000000       0.166556510244547     
 -0.916000000000000       0.167860161294964     
 -0.912000000000000       0.169178565559111     
 -0.908000000000000       0.170511936376854     
 -0.904000000000000       0.171860490746267     
 -0.900000000000000       0.173224449393714     
 -0.896000000000000       0.174604036845332     
 -0.892000000000000       0.175999481499940     
 -0.888000000000000       0.177411015703409     
 -0.884000000000000       0.178838875824504     
 -0.880000000000000       0.180283302332236     
 -0.876000000000000       0.181744539874752     
 -0.872000000000000       0.183222837359776     
 -0.868000000000000       0.184718448036648     
 -0.864000000000000       0.186231629579968     
 -0.860000000000000       0.187762644174888     
 -0.856000000000000       0.189311758604069     
 -0.852000000000000       0.190879244336340     
 -0.848000000000000       0.192465377617071     
 -0.844000000000000       0.194070439560304     
 -0.840000000000000       0.195694716242661     
 -0.836000000000000       0.197338498799054     
 -0.832000000000000       0.199002083520227     
 -0.828000000000000       0.200685771952157     
 -0.824000000000000       0.202389870997339     
 -0.820000000000000       0.204114693017982     
 -0.816000000000000       0.205860555941136     
 -0.812000000000000       0.207627783365785     
 -0.808000000000000       0.209416704671920     
 -0.804000000000000       0.211227655131625     
 -0.800000000000000       0.213060976022185     
 -0.796000000000000       0.214917014741260     
 -0.792000000000000       0.216796124924121     
 -0.788000000000000       0.218698666562987     
 -0.784000000000000       0.220625006128472     
 -0.780000000000000       0.222575516693164     
 -0.776000000000000       0.224550578057345     
 -0.772000000000000       0.226550576876882     
 -0.768000000000000       0.228575906793276     
 -0.764000000000000       0.230626968565910     
 -0.760000000000000       0.232704170206479     
 -0.756000000000000       0.234807927115619     
 -0.752000000000000       0.236938662221748     
 -0.748000000000000       0.239096806122093     
 -0.744000000000000       0.241282797225937     
 -0.740000000000000       0.243497081900050     
 -0.736000000000000       0.245740114616310     
 -0.732000000000000       0.248012358101501     
 -0.728000000000000       0.250314283489270     
 -0.724000000000000       0.252646370474221     
 -0.720000000000000       0.255009107468124     
 -0.716000000000000       0.257402991758201     
 -0.712000000000000       0.259828529667469     
 -0.708000000000000       0.262286236717076     
 -0.704000000000000       0.264776637790603     
 -0.700000000000000       0.267300267300267     
 -0.696000000000000       0.269857669354963     
 -0.692000000000000       0.272449397930077     
 -0.688000000000000       0.275076017038994     
 -0.684000000000000       0.277738100906220     
 -0.680000000000000       0.280436234141999     
 -0.676000000000000       0.283171011918353     
 -0.672000000000000       0.285943040146403     
 -0.668000000000000       0.288752935654846     
 -0.664000000000000       0.291601326369462     
 -0.660000000000000       0.294488851493479     
 -0.656000000000000       0.297416161688644     
 -0.652000000000000       0.300383919256802     
 -0.648000000000000       0.303392798321804     
 -0.644000000000000       0.306443485011509     
 -0.640000000000000       0.309536677639660     
 -0.636000000000000       0.312673086887384     
 -0.632000000000000       0.315853435984029     
 -0.628000000000000       0.319078460887058     
 -0.624000000000000       0.322348910460683     
 -0.620000000000000       0.325665546652882     
 -0.616000000000000       0.329029144670459     
 -0.612000000000000       0.332440493151726     
 -0.608000000000000       0.335900394336399     
 -0.604000000000000       0.339409664232255     
 -0.600000000000000       0.342969132778050     
 -0.596000000000000       0.346579644002192     
 -0.592000000000000       0.350242056176602     
 -0.588000000000000       0.353957241965171     
 -0.584000000000000       0.357726088566166     
 -0.580000000000000       0.361549497847920     
 -0.576000000000000       0.365428386477061     
 -0.572000000000000       0.369363686038522     
 -0.568000000000000       0.373356343146481     
 -0.564000000000000       0.377407319545386     
 -0.560000000000000       0.381517592200085     
 -0.556000000000000       0.385688153374098     
 -0.552000000000000       0.389920010694949     
 -0.548000000000000       0.394214187205434     
 -0.544000000000000       0.398571721399632     
 -0.540000000000000       0.402993667242372     
 -0.536000000000000       0.407481094170821     
 -0.532000000000000       0.412035087076748     
 -0.528000000000000       0.416656746267946     
 -0.524000000000000       0.421347187407203     
 -0.520000000000000       0.426107541427122     
 -0.516000000000000       0.430938954418971     
 -0.512000000000000       0.435842587493670     
 -0.508000000000000       0.440819616612882     
 -0.504000000000000       0.445871232388086     
 -0.500000000000000       0.450998639845372     
 -0.496000000000000       0.456203058153580     
 -0.492000000000000       0.461485720313283     
 -0.488000000000000       0.466847872803962     
 -0.484000000000000       0.472290775186592     
 -0.480000000000000       0.477815699658703     
 -0.476000000000000       0.483423930558838     
 -0.472000000000000       0.489116763817160     
 -0.468000000000000       0.494895506348802     
 -0.464000000000000       0.500761475386381     
 -0.460000000000000       0.506715997747929     
 -0.456000000000000       0.512760409036303     
 -0.452000000000000       0.518896052765963     
 -0.448000000000000       0.525124279412794     
 -0.444000000000000       0.531446445382490     
 -0.440000000000000       0.537863911892769     
 -0.436000000000000       0.544378043764538     
 -0.432000000000000       0.550990208116873     
 -0.428000000000000       0.557701772960493     
 -0.424000000000000       0.564514105684209     
 -0.420000000000000       0.571428571428571     
 -0.416000000000000       0.578446531340784     
 -0.412000000000000       0.585569340704691     
 -0.408000000000000       0.592798346939467     
 -0.404000000000000       0.600134887460420     
 -0.400000000000000       0.607580287395120     
 -0.396000000000000       0.615135857147879     
 -0.392000000000000       0.622802889805409     
 -0.388000000000000       0.630582658376340     
 -0.384000000000000       0.638476412857091     
 -0.380000000000000       0.646485377116470     
 -0.376000000000000       0.654610745591248     
 -0.372000000000000       0.662853679784857     
 -0.368000000000000       0.671215304561281     
 -0.364000000000000       0.679696704226203     
 -0.360000000000000       0.688298918387414     
 -0.356000000000000       0.697022937586575     
 -0.352000000000000       0.705869698694477     
 -0.348000000000000       0.714840080062089     
 -0.344000000000000       0.723934896419855     
 -0.340000000000000       0.733154893517980     
 -0.336000000000000       0.742500742500742     
 -0.332000000000000       0.751973034008279     
 -0.328000000000000       0.761572271999768     
 -0.324000000000000       0.771298867292521     
 -0.320000000000000       0.781153130812151     
 -0.316000000000000       0.791135266549796     
 -0.312000000000000       0.801245364223250     
 -0.308000000000000       0.811483391639917     
 -0.304000000000000       0.821849186760662     
 -0.300000000000000       0.832342449464922     
 -0.296000000000000       0.842962733018984     
 -0.292000000000000       0.853709435250882     
 -0.288000000000000       0.864581789437280     
 -0.284000000000000       0.875578854909634     
 -0.280000000000000       0.886699507389162     
 -0.276000000000000       0.897942429062548     
 -0.272000000000000       0.909306098412900     
 -0.268000000000000       0.920788779823325     
 -0.264000000000000       0.932388512973520     
 -0.260000000000000       0.944103102053049     
 -0.256000000000000       0.955930104818494     
 -0.252000000000000       0.967866821525358     
 -0.248000000000000       0.979910283769575     
 -0.244000000000000       0.992057243277631     
 -0.240000000000000        1.00430416068867     
 -0.236000000000000        1.01664719437649     
 -0.232000000000000        1.02908218936419     
 -0.228000000000000        1.04160466638891     
 -0.224000000000000        1.05420981117931     
 -0.220000000000000        1.06689246401355     
 -0.216000000000000        1.07964710963045     
 -0.212000000000000        1.09246786757209     
 -0.208000000000000        1.10534848304080     
 -0.204000000000000        1.11828231835900     
 -0.200000000000000        1.13126234512480     
 -0.196000000000000        1.14428113716117     
 -0.192000000000000        1.15733086436082     
 -0.188000000000000        1.17040328753279     
 -0.184000000000000        1.18348975436013     
 -0.180000000000000        1.19658119658120     
 -0.176000000000000        1.20966812850900     
 -0.172000000000000        1.22274064700448     
 -0.168000000000000        1.23578843302027     
 -0.164000000000000        1.24880075483068     
 -0.160000000000000        1.26176647306229     
 -0.156000000000000        1.27467404763639     
 -0.152000000000000        1.28751154673054     
 -0.148000000000000        1.30026665786063     
 -0.144000000000000        1.31292670117788     
 -0.140000000000000        1.32547864506627     
 -0.136000000000000        1.33790912411549     
 -0.132000000000000        1.35020445953244     
 -0.128000000000000        1.36235068204033     
 -0.124000000000000        1.37433355729880     
 -0.120000000000000        1.38613861386139     
 -0.116000000000000        1.39775117366726     
 -0.112000000000000        1.40915638504415     
 -0.108000000000000        1.42033925817710     
 -0.104000000000000        1.43128470297435     
 -0.100000000000000        1.44197756923781     
 -9.599999999999997E-002   1.45240268901984     
 -9.199999999999997E-002   1.46254492102257     
 -8.799999999999997E-002   1.47238919687012     
 -8.399999999999996E-002   1.48192056905750     
 -7.999999999999996E-002   1.49112426035503     
 -7.599999999999996E-002   1.49998571442177     
 -7.199999999999995E-002   1.50849064735799     
 -6.799999999999995E-002   1.51662509990467     
 -6.399999999999995E-002   1.52437548997784     
 -6.000000000000005E-002   1.53172866520788     
 -5.600000000000005E-002   1.53867195513916     
 -5.200000000000005E-002   1.54519322273347     
 -4.800000000000004E-002   1.55128091481252     
 -4.400000000000004E-002   1.55692411107047     
 -4.000000000000004E-002   1.56211257128688     
 -3.600000000000003E-002   1.56683678037425     
 -3.200000000000003E-002   1.57108799090265     
 -2.800000000000002E-002   1.57485826275635     
 -2.400000000000002E-002   1.57814049959419     
 -2.000000000000002E-002   1.58092848180678     
 -1.600000000000001E-002   1.58321689568862     
 -1.200000000000001E-002   1.58500135857259     
 -8.000000000000007E-003   1.58627843970631     
 -4.000000000000004E-003   1.58704567668605     
  0.000000000000000E+000   1.58730158730159     
  4.000000000000004E-003   1.58704567668605     
  8.000000000000007E-003   1.58627843970631     
  1.200000000000001E-002   1.58500135857259     
  1.600000000000001E-002   1.58321689568862     
  2.000000000000002E-002   1.58092848180678     
  2.400000000000002E-002   1.57814049959419     
  2.800000000000002E-002   1.57485826275635     
  3.200000000000003E-002   1.57108799090265     
  3.600000000000003E-002   1.56683678037425     
  4.000000000000004E-002   1.56211257128688     
  4.400000000000004E-002   1.55692411107047     
  4.800000000000004E-002   1.55128091481252     
  5.200000000000005E-002   1.54519322273347     
  5.600000000000005E-002   1.53867195513916     
  6.000000000000005E-002   1.53172866520788     
  6.400000000000006E-002   1.52437548997784     
  6.800000000000006E-002   1.51662509990467     
  7.200000000000006E-002   1.50849064735799     
  7.600000000000007E-002   1.49998571442177     
  8.000000000000007E-002   1.49112426035503     
  8.400000000000007E-002   1.48192056905750     
  8.800000000000008E-002   1.47238919687012     
  9.200000000000008E-002   1.46254492102257     
  9.600000000000009E-002   1.45240268901984     
  0.100000000000000        1.44197756923781     
  0.104000000000000        1.43128470297435     
  0.108000000000000        1.42033925817710     
  0.112000000000000        1.40915638504415     
  0.116000000000000        1.39775117366726     
  0.120000000000000        1.38613861386139     
  0.124000000000000        1.37433355729880     
  0.128000000000000        1.36235068204033     
  0.132000000000000        1.35020445953244     
  0.136000000000000        1.33790912411549     
  0.140000000000000        1.32547864506627     
  0.144000000000000        1.31292670117788     
  0.148000000000000        1.30026665786063     
  0.152000000000000        1.28751154673054     
  0.156000000000000        1.27467404763639     
  0.160000000000000        1.26176647306229     
  0.164000000000000        1.24880075483068     
  0.168000000000000        1.23578843302027     
  0.172000000000000        1.22274064700448     
  0.176000000000000        1.20966812850900     
  0.180000000000000        1.19658119658120     
  0.184000000000000        1.18348975436013     
  0.188000000000000        1.17040328753279     
  0.192000000000000        1.15733086436082     
  0.196000000000000        1.14428113716117     
  0.200000000000000        1.13126234512480     
  0.204000000000000        1.11828231835900     
  0.208000000000000        1.10534848304080     
  0.212000000000000        1.09246786757209     
  0.216000000000000        1.07964710963045     
  0.220000000000000        1.06689246401355     
  0.224000000000000        1.05420981117931     
  0.228000000000000        1.04160466638891     
  0.232000000000000        1.02908218936419     
  0.236000000000000        1.01664719437649     
  0.240000000000000        1.00430416068867     
  0.244000000000000       0.992057243277631     
  0.248000000000000       0.979910283769575     
  0.252000000000000       0.967866821525358     
  0.256000000000000       0.955930104818495     
  0.260000000000000       0.944103102053050     
  0.264000000000000       0.932388512973520     
  0.268000000000000       0.920788779823326     
  0.272000000000000       0.909306098412900     
  0.276000000000000       0.897942429062548     
  0.280000000000000       0.886699507389163     
  0.284000000000000       0.875578854909635     
  0.288000000000000       0.864581789437281     
  0.292000000000000       0.853709435250882     
  0.296000000000000       0.842962733018984     
  0.300000000000000       0.832342449464923     
  0.304000000000000       0.821849186760662     
  0.308000000000000       0.811483391639918     
  0.312000000000000       0.801245364223250     
  0.316000000000000       0.791135266549796     
  0.320000000000000       0.781153130812151     
  0.324000000000000       0.771298867292521     
  0.328000000000000       0.761572271999768     
  0.332000000000000       0.751973034008279     
  0.336000000000000       0.742500742500742     
  0.340000000000000       0.733154893517980     
  0.344000000000000       0.723934896419855     
  0.348000000000000       0.714840080062089     
  0.352000000000000       0.705869698694477     
  0.356000000000000       0.697022937586575     
  0.360000000000000       0.688298918387414     
  0.364000000000000       0.679696704226203     
  0.368000000000000       0.671215304561281     
  0.372000000000000       0.662853679784857     
  0.376000000000000       0.654610745591249     
  0.380000000000000       0.646485377116470     
  0.384000000000000       0.638476412857091     
  0.388000000000000       0.630582658376340     
  0.392000000000000       0.622802889805409     
  0.396000000000000       0.615135857147879     
  0.400000000000000       0.607580287395120     
  0.404000000000000       0.600134887460420     
  0.408000000000000       0.592798346939467     
  0.412000000000000       0.585569340704691     
  0.416000000000000       0.578446531340784     
  0.420000000000000       0.571428571428572     
  0.424000000000000       0.564514105684209     
  0.428000000000000       0.557701772960494     
  0.432000000000000       0.550990208116873     
  0.436000000000000       0.544378043764539     
  0.440000000000000       0.537863911892769     
  0.444000000000000       0.531446445382490     
  0.448000000000000       0.525124279412794     
  0.452000000000000       0.518896052765963     
  0.456000000000000       0.512760409036304     
  0.460000000000000       0.506715997747929     
  0.464000000000000       0.500761475386381     
  0.468000000000000       0.494895506348802     
  0.472000000000000       0.489116763817160     
  0.476000000000000       0.483423930558838     
  0.480000000000000       0.477815699658703     
  0.484000000000000       0.472290775186592     
  0.488000000000000       0.466847872803962     
  0.492000000000000       0.461485720313283     
  0.496000000000000       0.456203058153580     
  0.500000000000000       0.450998639845372     
  0.504000000000000       0.445871232388086     
  0.508000000000000       0.440819616612882     
  0.512000000000000       0.435842587493670     
  0.516000000000000       0.430938954418971     
  0.520000000000000       0.426107541427122     
  0.524000000000000       0.421347187407203     
  0.528000000000000       0.416656746267946     
  0.532000000000000       0.412035087076748     
  0.536000000000000       0.407481094170821     
  0.540000000000000       0.402993667242372     
  0.544000000000000       0.398571721399632     
  0.548000000000000       0.394214187205434     
  0.552000000000000       0.389920010694949     
  0.556000000000000       0.385688153374098     
  0.560000000000000       0.381517592200085     
  0.564000000000000       0.377407319545386     
  0.568000000000000       0.373356343146481     
  0.572000000000000       0.369363686038522     
  0.576000000000000       0.365428386477061     
  0.580000000000000       0.361549497847920     
  0.584000000000000       0.357726088566166     
  0.588000000000000       0.353957241965171     
  0.592000000000000       0.350242056176602     
  0.596000000000000       0.346579644002192     
  0.600000000000000       0.342969132778050     
  0.604000000000000       0.339409664232255     
  0.608000000000000       0.335900394336399     
  0.612000000000000       0.332440493151726     
  0.616000000000000       0.329029144670459     
  0.620000000000000       0.325665546652882     
  0.624000000000000       0.322348910460683     
  0.628000000000000       0.319078460887058     
  0.632000000000000       0.315853435984029     
  0.636000000000000       0.312673086887384     
  0.640000000000000       0.309536677639660     
  0.644000000000000       0.306443485011509     
  0.648000000000000       0.303392798321804     
  0.652000000000000       0.300383919256803     
  0.656000000000000       0.297416161688644     
  0.660000000000000       0.294488851493479     
  0.664000000000000       0.291601326369462     
  0.668000000000000       0.288752935654846     
  0.672000000000000       0.285943040146403     
  0.676000000000000       0.283171011918353     
  0.680000000000000       0.280436234141999     
  0.684000000000000       0.277738100906220     
  0.688000000000000       0.275076017038994     
  0.692000000000000       0.272449397930077     
  0.696000000000000       0.269857669354963     
  0.700000000000000       0.267300267300267     
  0.704000000000000       0.264776637790603     
  0.708000000000000       0.262286236717076     
  0.712000000000000       0.259828529667469     
  0.716000000000000       0.257402991758201     
  0.720000000000000       0.255009107468124     
  0.724000000000000       0.252646370474221     
  0.728000000000000       0.250314283489270     
  0.732000000000000       0.248012358101501     
  0.736000000000000       0.245740114616310     
  0.740000000000000       0.243497081900050     
  0.744000000000000       0.241282797225937     
  0.748000000000000       0.239096806122093     
  0.752000000000000       0.236938662221747     
  0.756000000000000       0.234807927115619     
  0.760000000000000       0.232704170206479     
  0.764000000000000       0.230626968565910     
  0.768000000000000       0.228575906793276     
  0.772000000000000       0.226550576876882     
  0.776000000000000       0.224550578057345     
  0.780000000000000       0.222575516693164     
  0.784000000000000       0.220625006128472     
  0.788000000000000       0.218698666562987     
  0.792000000000000       0.216796124924121     
  0.796000000000000       0.214917014741260     
  0.800000000000000       0.213060976022185     
  0.804000000000000       0.211227655131625     
  0.808000000000000       0.209416704671920     
  0.812000000000000       0.207627783365785     
  0.816000000000000       0.205860555941136     
  0.820000000000000       0.204114693017981     
  0.824000000000000       0.202389870997339     
  0.828000000000000       0.200685771952156     
  0.832000000000000       0.199002083520227     
  0.836000000000000       0.197338498799054     
  0.840000000000000       0.195694716242661     
  0.844000000000000       0.194070439560304     
  0.848000000000000       0.192465377617071     
  0.852000000000000       0.190879244336340     
  0.856000000000000       0.189311758604069     
  0.860000000000000       0.187762644174887     
  0.864000000000000       0.186231629579968     
  0.868000000000000       0.184718448036648     
  0.872000000000000       0.183222837359776     
  0.876000000000000       0.181744539874752     
  0.880000000000000       0.180283302332236     
  0.884000000000000       0.178838875824504     
  0.888000000000000       0.177411015703409     
  0.892000000000000       0.175999481499940     
  0.896000000000000       0.174604036845332     
  0.900000000000000       0.173224449393714     
  0.904000000000000       0.171860490746267     
  0.908000000000000       0.170511936376854     
  0.912000000000000       0.169178565559111     
  0.916000000000000       0.167860161294964     
  0.920000000000000       0.166556510244547     
  0.924000000000000       0.165267402657500     
  0.928000000000000       0.163992632305611     
  0.932000000000000       0.162731996416796     
  0.936000000000000       0.161485295610368     
  0.940000000000000       0.160252333833592     
  0.944000000000000       0.159032918299489     
  0.948000000000000       0.157826859425871     
  0.952000000000000       0.156633970775582     
  0.956000000000000       0.155454068997918     
  0.960000000000000       0.154286973771214     
  0.964000000000000       0.153132507746560     
  0.968000000000000       0.151990496492638     
  0.972000000000000       0.150860768441651     
  0.976000000000000       0.149743154836324     
  0.980000000000000       0.148637489677952     
  0.984000000000000       0.147543609675488     
  0.988000000000000       0.146461354195630     
  0.992000000000000       0.145390565213900     
  0.996000000000000       0.144331087266699     
