  -1.00000000000000       0.145137880986938     
 -0.996000000000000       0.146196693030804     
 -0.992000000000000       0.147266729500471     
 -0.988000000000000       0.148348143422985     
 -0.984000000000000       0.149441090322195     
 -0.980000000000000       0.150545728264961     
 -0.976000000000000       0.151662217908275     
 -0.972000000000000       0.152790722547327     
 -0.968000000000000       0.153931408164522     
 -0.964000000000000       0.155084443479475     
 -0.960000000000000       0.156250000000000     
 -0.956000000000000       0.157428252074117     
 -0.952000000000000       0.158619376943087     
 -0.948000000000000       0.159823554795506     
 -0.944000000000000       0.161040968822468     
 -0.940000000000000       0.162271805273834     
 -0.936000000000000       0.163516253515600     
 -0.932000000000000       0.164774506088418     
 -0.928000000000000       0.166046758767269     
 -0.924000000000000       0.167333210622312     
 -0.920000000000000       0.168634064080944     
 -0.916000000000000       0.169949524991078     
 -0.912000000000000       0.171279802685667     
 -0.908000000000000       0.172625110048508     
 -0.904000000000000       0.173985663581321     
 -0.900000000000000       0.175361683472161     
 -0.896000000000000       0.176753393665158     
 -0.892000000000000       0.178161021931622     
 -0.888000000000000       0.179584799942533     
 -0.884000000000000       0.181024963342445     
 -0.880000000000000       0.182481751824818     
 -0.876000000000000       0.183955409208808     
 -0.872000000000000       0.185446183517543     
 -0.868000000000000       0.186954327057900     
 -0.864000000000000       0.188480096501809     
 -0.860000000000000       0.190023752969121     
 -0.856000000000000       0.191585562112039     
 -0.852000000000000       0.193165794201163     
 -0.848000000000000       0.194764724213151     
 -0.844000000000000       0.196382631920033     
 -0.840000000000000       0.198019801980198     
 -0.836000000000000       0.199676524031070     
 -0.832000000000000       0.201353092783505     
 -0.828000000000000       0.203049808117931     
 -0.824000000000000       0.204766975182243     
 -0.820000000000000       0.206504904491482     
 -0.816000000000000       0.208263912029324     
 -0.812000000000000       0.210044319351383     
 -0.808000000000000       0.211846453690365     
 -0.804000000000000       0.213670648063076     
 -0.800000000000000       0.215517241379310     
 -0.796000000000000       0.217386578552640     
 -0.792000000000000       0.219279010613104     
 -0.788000000000000       0.221194894821828     
 -0.784000000000000       0.223134594787576     
 -0.780000000000000       0.225098480585256     
 -0.776000000000000       0.227086928876374     
 -0.772000000000000       0.229100323031455     
 -0.768000000000000       0.231139053254438     
 -0.764000000000000       0.233203516709032     
 -0.760000000000000       0.235294117647059     
 -0.756000000000000       0.237411267538757     
 -0.752000000000000       0.239555385205059     
 -0.748000000000000       0.241726896951824     
 -0.744000000000000       0.243926236706020     
 -0.740000000000000       0.246153846153846     
 -0.736000000000000       0.248410174880763     
 -0.732000000000000       0.250695680513425     
 -0.728000000000000       0.253010828863475     
 -0.724000000000000       0.255356094073185     
 -0.720000000000000       0.257731958762887     
 -0.716000000000000       0.260138914180172     
 -0.712000000000000       0.262577460350804     
 -0.708000000000000       0.265048106231281     
 -0.704000000000000       0.267551369863014     
 -0.700000000000000       0.270087778528022     
 -0.696000000000000       0.272657868906097     
 -0.692000000000000       0.275262187233340     
 -0.688000000000000       0.277901289461983     
 -0.684000000000000       0.280575741421397     
 -0.680000000000000       0.283286118980170     
 -0.676000000000000       0.286033008209147     
 -0.672000000000000       0.288817005545287     
 -0.668000000000000       0.291638717956196     
 -0.664000000000000       0.294498763105195     
 -0.660000000000000       0.297397769516729     
 -0.656000000000000       0.300336376741951     
 -0.652000000000000       0.303315235524280     
 -0.648000000000000       0.306335007964710     
 -0.644000000000000       0.309396367686643     
 -0.640000000000000       0.312500000000000     
 -0.636000000000000       0.315646602064329     
 -0.632000000000000       0.318836883050631     
 -0.628000000000000       0.322071564301588     
 -0.624000000000000       0.325351379489849     
 -0.620000000000000       0.328677074774035     
 -0.616000000000000       0.332049408952052     
 -0.612000000000000       0.335469153611325     
 -0.608000000000000       0.338937093275488     
 -0.604000000000000       0.342454025547070     
 -0.600000000000000       0.346020761245675     
 -0.596000000000000       0.349638124541100     
 -0.592000000000000       0.353306953080837     
 -0.588000000000000       0.357028098111321     
 -0.584000000000000       0.360802424592293     
 -0.580000000000000       0.364630811303555     
 -0.576000000000000       0.368514150943396     
 -0.572000000000000       0.372453350217885     
 -0.568000000000000       0.376449329920193     
 -0.564000000000000       0.380503024999049     
 -0.560000000000000       0.384615384615385     
 -0.556000000000000       0.388787372186151     
 -0.552000000000000       0.393019965414243     
 -0.548000000000000       0.397314156303389     
 -0.544000000000000       0.401670951156812     
 -0.540000000000000       0.406091370558376     
 -0.536000000000000       0.410576449334866     
 -0.532000000000000       0.415127236497987     
 -0.528000000000000       0.419744795164540     
 -0.524000000000000       0.424430202453207     
 -0.520000000000000       0.429184549356223     
 -0.516000000000000       0.434008940584176     
 -0.512000000000000       0.438904494382022     
 -0.508000000000000       0.443872342314350     
 -0.504000000000000       0.448913629017777     
 -0.500000000000000       0.454029511918275     
 -0.496000000000000       0.459221160911095     
 -0.492000000000000       0.464489758000836     
 -0.488000000000000       0.469836496899079     
 -0.484000000000000       0.475262582576874     
 -0.480000000000000       0.480769230769231     
 -0.476000000000000       0.486357667428627     
 -0.472000000000000       0.492029128124385     
 -0.468000000000000       0.497784857384638     
 -0.464000000000000       0.503626107977438     
 -0.460000000000000       0.509554140127389     
 -0.456000000000000       0.515570220664054     
 -0.452000000000000       0.521675622098179     
 -0.448000000000000       0.527871621621622     
 -0.444000000000000       0.534159500026708     
 -0.440000000000000       0.540540540540541     
 -0.436000000000000       0.547016027569608     
 -0.432000000000000       0.553587245349867     
 -0.428000000000000       0.560255476497283     
 -0.424000000000000       0.567022000453617     
 -0.420000000000000       0.573888091822095     
 -0.416000000000000       0.580855018587360     
 -0.412000000000000       0.587924040214004     
 -0.408000000000000       0.595096405617710     
 -0.404000000000000       0.602373351002952     
 -0.400000000000000       0.609756097560975     
 -0.396000000000000       0.617245849021665     
 -0.392000000000000       0.624843789052737     
 -0.388000000000000       0.632551078499589     
 -0.384000000000000       0.640368852459016     
 -0.380000000000000       0.648298217179903     
 -0.376000000000000       0.656340246783933     
 -0.372000000000000       0.664495979799322     
 -0.368000000000000       0.672766415500538     
 -0.364000000000000       0.681152510046999     
 -0.360000000000000       0.689655172413793     
 -0.356000000000000       0.698275260107534     
 -0.352000000000000       0.707013574660633     
 -0.348000000000000       0.715870856897416     
 -0.344000000000000       0.724847781965787     
 -0.340000000000000       0.733944954128440     
 -0.336000000000000       0.743162901307967     
 -0.332000000000000       0.752502069380691     
 -0.328000000000000       0.761962816214569     
 -0.324000000000000       0.771545405447111     
 -0.320000000000000       0.781250000000000     
 -0.316000000000000       0.791076655327901     
 -0.312000000000000       0.801025312399872     
 -0.308000000000000       0.811095790412848     
 -0.304000000000000       0.821287779237845     
 -0.300000000000000       0.831600831600831     
 -0.296000000000000       0.842034355001684     
 -0.292000000000000       0.852587603376247     
 -0.288000000000000       0.863259668508287     
 -0.284000000000000       0.874049471200070     
 -0.280000000000000       0.884955752212389     
 -0.276000000000000       0.895977062987187     
 -0.272000000000000       0.907111756168360     
 -0.268000000000000       0.918357975939021     
 -0.264000000000000       0.929713648196355     
 -0.260000000000000       0.941176470588235     
 -0.256000000000000       0.952743902439024     
 -0.252000000000000       0.964413154595429     
 -0.248000000000000       0.976181179226864     
 -0.244000000000000       0.988044659618615     
 -0.240000000000000        1.00000000000000     
 -0.236000000000000        1.01204331545390     
 -0.232000000000000        1.02417042195821     
 -0.228000000000000        1.03637682661416     
 -0.224000000000000        1.04865771812081     
 -0.220000000000000        1.06100795755968     
 -0.216000000000000        1.07342206955775     
 -0.212000000000000        1.08589423390162     
 -0.208000000000000        1.09841827768014     
 -0.204000000000000        1.11098766803688     
 -0.200000000000000        1.12359550561798     
 -0.196000000000000        1.13623451880468     
 -0.192000000000000        1.14889705882353     
 -0.188000000000000        1.16157509582995     
 -0.184000000000000        1.17426021606388     
 -0.180000000000000        1.18694362017804     
 -0.176000000000000        1.19961612284069     
 -0.172000000000000        1.21226815371560     
 -0.168000000000000        1.22488975992161     
 -0.164000000000000        1.23747061007301     
 -0.160000000000000        1.25000000000000     
 -0.156000000000000        1.26246686024492     
 -0.152000000000000        1.27485976542580     
 -0.148000000000000        1.28716694555284     
 -0.144000000000000        1.29937629937630     
 -0.140000000000000        1.31147540983607     
 -0.136000000000000        1.32345156167284     
 -0.132000000000000        1.33529176124983     
 -0.128000000000000        1.34698275862069     
 -0.124000000000000        1.35851107186524     
 -0.120000000000000        1.36986301369863     
 -0.116000000000000        1.38102472034249     
 -0.112000000000000        1.39198218262806     
 -0.108000000000000        1.40272127928181     
 -0.104000000000000        1.41322781232335     
 -0.100000000000000        1.42348754448399     
 -9.599999999999997E-002   1.43348623853211     
 -9.199999999999997E-002   1.44320969836917     
 -8.799999999999997E-002   1.45264381173736     
 -8.399999999999996E-002   1.46177459435755     
 -7.999999999999996E-002   1.47058823529412     
 -7.599999999999996E-002   1.47907114332199     
 -7.199999999999995E-002   1.48720999405116     
 -6.799999999999995E-002   1.49499177754522     
 -6.399999999999995E-002   1.50240384615385     
 -6.000000000000005E-002   1.50943396226415     
 -5.600000000000005E-002   1.51607034566404     
 -5.200000000000005E-002   1.52230172020094     
 -4.800000000000004E-002   1.52811735941320     
 -4.400000000000004E-002   1.53350713080816     
 -4.000000000000004E-002   1.53846153846154     
 -3.600000000000003E-002   1.54297176361673     
 -3.200000000000003E-002   1.54702970297030     
 -2.800000000000002E-002   1.55062800434176     
 -2.400000000000002E-002   1.55376009944065     
 -2.000000000000002E-002   1.55642023346304     
 -1.600000000000001E-002   1.55860349127182     
 -1.200000000000001E-002   1.56030581994071     
 -8.000000000000007E-003   1.56152404747033     
 -4.000000000000004E-003   1.56225589751601     
  0.000000000000000E+000   1.56250000000000     
  4.000000000000004E-003   1.56225589751601     
  8.000000000000007E-003   1.56152404747033     
  1.200000000000001E-002   1.56030581994071     
  1.600000000000001E-002   1.55860349127182     
  2.000000000000002E-002   1.55642023346304     
  2.400000000000002E-002   1.55376009944065     
  2.800000000000002E-002   1.55062800434176     
  3.200000000000003E-002   1.54702970297030     
  3.600000000000003E-002   1.54297176361673     
  4.000000000000004E-002   1.53846153846154     
  4.400000000000004E-002   1.53350713080816     
  4.800000000000004E-002   1.52811735941320     
  5.200000000000005E-002   1.52230172020094     
  5.600000000000005E-002   1.51607034566404     
  6.000000000000005E-002   1.50943396226415     
  6.400000000000006E-002   1.50240384615385     
  6.800000000000006E-002   1.49499177754522     
  7.200000000000006E-002   1.48720999405116     
  7.600000000000007E-002   1.47907114332199     
  8.000000000000007E-002   1.47058823529412     
  8.400000000000007E-002   1.46177459435755     
  8.800000000000008E-002   1.45264381173736     
  9.200000000000008E-002   1.44320969836917     
  9.600000000000009E-002   1.43348623853211     
  0.100000000000000        1.42348754448399     
  0.104000000000000        1.41322781232335     
  0.108000000000000        1.40272127928181     
  0.112000000000000        1.39198218262806     
  0.116000000000000        1.38102472034249     
  0.120000000000000        1.36986301369863     
  0.124000000000000        1.35851107186524     
  0.128000000000000        1.34698275862069     
  0.132000000000000        1.33529176124983     
  0.136000000000000        1.32345156167284     
  0.140000000000000        1.31147540983607     
  0.144000000000000        1.29937629937630     
  0.148000000000000        1.28716694555284     
  0.152000000000000        1.27485976542580     
  0.156000000000000        1.26246686024492     
  0.160000000000000        1.25000000000000     
  0.164000000000000        1.23747061007301     
  0.168000000000000        1.22488975992161     
  0.172000000000000        1.21226815371560     
  0.176000000000000        1.19961612284069     
  0.180000000000000        1.18694362017804     
  0.184000000000000        1.17426021606388     
  0.188000000000000        1.16157509582995     
  0.192000000000000        1.14889705882353     
  0.196000000000000        1.13623451880468     
  0.200000000000000        1.12359550561798     
  0.204000000000000        1.11098766803689     
  0.208000000000000        1.09841827768014     
  0.212000000000000        1.08589423390162     
  0.216000000000000        1.07342206955775     
  0.220000000000000        1.06100795755968     
  0.224000000000000        1.04865771812081     
  0.228000000000000        1.03637682661416     
  0.232000000000000        1.02417042195821     
  0.236000000000000        1.01204331545390     
  0.240000000000000        1.00000000000000     
  0.244000000000000       0.988044659618615     
  0.248000000000000       0.976181179226865     
  0.252000000000000       0.964413154595429     
  0.256000000000000       0.952743902439025     
  0.260000000000000       0.941176470588235     
  0.264000000000000       0.929713648196356     
  0.268000000000000       0.918357975939021     
  0.272000000000000       0.907111756168360     
  0.276000000000000       0.895977062987188     
  0.280000000000000       0.884955752212389     
  0.284000000000000       0.874049471200070     
  0.288000000000000       0.863259668508287     
  0.292000000000000       0.852587603376247     
  0.296000000000000       0.842034355001684     
  0.300000000000000       0.831600831600832     
  0.304000000000000       0.821287779237845     
  0.308000000000000       0.811095790412848     
  0.312000000000000       0.801025312399872     
  0.316000000000000       0.791076655327901     
  0.320000000000000       0.781250000000000     
  0.324000000000000       0.771545405447111     
  0.328000000000000       0.761962816214569     
  0.332000000000000       0.752502069380691     
  0.336000000000000       0.743162901307967     
  0.340000000000000       0.733944954128440     
  0.344000000000000       0.724847781965787     
  0.348000000000000       0.715870856897416     
  0.352000000000000       0.707013574660633     
  0.356000000000000       0.698275260107534     
  0.360000000000000       0.689655172413793     
  0.364000000000000       0.681152510046999     
  0.368000000000000       0.672766415500538     
  0.372000000000000       0.664495979799322     
  0.376000000000000       0.656340246783933     
  0.380000000000000       0.648298217179903     
  0.384000000000000       0.640368852459017     
  0.388000000000000       0.632551078499589     
  0.392000000000000       0.624843789052737     
  0.396000000000000       0.617245849021666     
  0.400000000000000       0.609756097560976     
  0.404000000000000       0.602373351002952     
  0.408000000000000       0.595096405617710     
  0.412000000000000       0.587924040214005     
  0.416000000000000       0.580855018587361     
  0.420000000000000       0.573888091822095     
  0.424000000000000       0.567022000453618     
  0.428000000000000       0.560255476497283     
  0.432000000000000       0.553587245349867     
  0.436000000000000       0.547016027569608     
  0.440000000000000       0.540540540540541     
  0.444000000000000       0.534159500026708     
  0.448000000000000       0.527871621621622     
  0.452000000000000       0.521675622098180     
  0.456000000000000       0.515570220664055     
  0.460000000000000       0.509554140127389     
  0.464000000000000       0.503626107977438     
  0.468000000000000       0.497784857384638     
  0.472000000000000       0.492029128124385     
  0.476000000000000       0.486357667428627     
  0.480000000000000       0.480769230769231     
  0.484000000000000       0.475262582576874     
  0.488000000000000       0.469836496899079     
  0.492000000000000       0.464489758000836     
  0.496000000000000       0.459221160911095     
  0.500000000000000       0.454029511918275     
  0.504000000000000       0.448913629017777     
  0.508000000000000       0.443872342314350     
  0.512000000000000       0.438904494382022     
  0.516000000000000       0.434008940584176     
  0.520000000000000       0.429184549356223     
  0.524000000000000       0.424430202453207     
  0.528000000000000       0.419744795164540     
  0.532000000000000       0.415127236497987     
  0.536000000000000       0.410576449334866     
  0.540000000000000       0.406091370558376     
  0.544000000000000       0.401670951156812     
  0.548000000000000       0.397314156303389     
  0.552000000000000       0.393019965414243     
  0.556000000000000       0.388787372186151     
  0.560000000000000       0.384615384615385     
  0.564000000000000       0.380503024999049     
  0.568000000000000       0.376449329920193     
  0.572000000000000       0.372453350217885     
  0.576000000000000       0.368514150943396     
  0.580000000000000       0.364630811303555     
  0.584000000000000       0.360802424592293     
  0.588000000000000       0.357028098111321     
  0.592000000000000       0.353306953080837     
  0.596000000000000       0.349638124541100     
  0.600000000000000       0.346020761245675     
  0.604000000000000       0.342454025547070     
  0.608000000000000       0.338937093275488     
  0.612000000000000       0.335469153611325     
  0.616000000000000       0.332049408952052     
  0.620000000000000       0.328677074774034     
  0.624000000000000       0.325351379489849     
  0.628000000000000       0.322071564301588     
  0.632000000000000       0.318836883050631     
  0.636000000000000       0.315646602064329     
  0.640000000000000       0.312500000000000     
  0.644000000000000       0.309396367686643     
  0.648000000000000       0.306335007964710     
  0.652000000000000       0.303315235524280     
  0.656000000000000       0.300336376741951     
  0.660000000000000       0.297397769516729     
  0.664000000000000       0.294498763105195     
  0.668000000000000       0.291638717956196     
  0.672000000000000       0.288817005545287     
  0.676000000000000       0.286033008209147     
  0.680000000000000       0.283286118980170     
  0.684000000000000       0.280575741421397     
  0.688000000000000       0.277901289461983     
  0.692000000000000       0.275262187233340     
  0.696000000000000       0.272657868906097     
  0.700000000000000       0.270087778528022     
  0.704000000000000       0.267551369863014     
  0.708000000000000       0.265048106231281     
  0.712000000000000       0.262577460350804     
  0.716000000000000       0.260138914180172     
  0.720000000000000       0.257731958762887     
  0.724000000000000       0.255356094073185     
  0.728000000000000       0.253010828863475     
  0.732000000000000       0.250695680513425     
  0.736000000000000       0.248410174880763     
  0.740000000000000       0.246153846153846     
  0.744000000000000       0.243926236706020     
  0.748000000000000       0.241726896951824     
  0.752000000000000       0.239555385205059     
  0.756000000000000       0.237411267538757     
  0.760000000000000       0.235294117647059     
  0.764000000000000       0.233203516709032     
  0.768000000000000       0.231139053254438     
  0.772000000000000       0.229100323031455     
  0.776000000000000       0.227086928876374     
  0.780000000000000       0.225098480585256     
  0.784000000000000       0.223134594787576     
  0.788000000000000       0.221194894821827     
  0.792000000000000       0.219279010613104     
  0.796000000000000       0.217386578552640     
  0.800000000000000       0.215517241379310     
  0.804000000000000       0.213670648063076     
  0.808000000000000       0.211846453690365     
  0.812000000000000       0.210044319351383     
  0.816000000000000       0.208263912029324     
  0.820000000000000       0.206504904491482     
  0.824000000000000       0.204766975182243     
  0.828000000000000       0.203049808117931     
  0.832000000000000       0.201353092783505     
  0.836000000000000       0.199676524031070     
  0.840000000000000       0.198019801980198     
  0.844000000000000       0.196382631920033     
  0.848000000000000       0.194764724213150     
  0.852000000000000       0.193165794201163     
  0.856000000000000       0.191585562112039     
  0.860000000000000       0.190023752969121     
  0.864000000000000       0.188480096501809     
  0.868000000000000       0.186954327057900     
  0.872000000000000       0.185446183517543     
  0.876000000000000       0.183955409208808     
  0.880000000000000       0.182481751824818     
  0.884000000000000       0.181024963342445     
  0.888000000000000       0.179584799942533     
  0.892000000000000       0.178161021931622     
  0.896000000000000       0.176753393665158     
  0.900000000000000       0.175361683472161     
  0.904000000000000       0.173985663581321     
  0.908000000000000       0.172625110048508     
  0.912000000000000       0.171279802685667     
  0.916000000000000       0.169949524991078     
  0.920000000000000       0.168634064080944     
  0.924000000000000       0.167333210622312     
  0.928000000000000       0.166046758767269     
  0.932000000000000       0.164774506088418     
  0.936000000000000       0.163516253515599     
  0.940000000000000       0.162271805273834     
  0.944000000000000       0.161040968822468     
  0.948000000000000       0.159823554795506     
  0.952000000000000       0.158619376943087     
  0.956000000000000       0.157428252074117     
  0.960000000000000       0.156250000000000     
  0.964000000000000       0.155084443479475     
  0.968000000000000       0.153931408164522     
  0.972000000000000       0.152790722547327     
  0.976000000000000       0.151662217908275     
  0.980000000000000       0.150545728264960     
  0.984000000000000       0.149441090322195     
  0.988000000000000       0.148348143422985     
  0.992000000000000       0.147266729500471     
  0.996000000000000       0.146196693030804     
