  -1.00000000000000       0.146975692481628     
 -0.996000000000000       0.148044761447504     
 -0.992000000000000       0.149125117349996     
 -0.988000000000000       0.150216913222694     
 -0.984000000000000       0.151320304577509     
 -0.980000000000000       0.152435449450060     
 -0.976000000000000       0.153562508445938     
 -0.972000000000000       0.154701644787887     
 -0.968000000000000       0.155853024363904     
 -0.964000000000000       0.157016815776277     
 -0.960000000000000       0.158193190391589     
 -0.956000000000000       0.159382322391696     
 -0.952000000000000       0.160584388825698     
 -0.948000000000000       0.161799569662929     
 -0.944000000000000       0.163028047846976     
 -0.940000000000000       0.164270009350754     
 -0.936000000000000       0.165525643232650     
 -0.932000000000000       0.166795141693756     
 -0.928000000000000       0.168078700136221     
 -0.924000000000000       0.169376517222725     
 -0.920000000000000       0.170688794937108     
 -0.916000000000000       0.172015738646167     
 -0.912000000000000       0.173357557162654     
 -0.908000000000000       0.174714462809473     
 -0.904000000000000       0.176086671485120     
 -0.900000000000000       0.177474402730375     
 -0.896000000000000       0.178877879796266     
 -0.892000000000000       0.180297329713333     
 -0.888000000000000       0.181732983362206     
 -0.884000000000000       0.183185075545525     
 -0.880000000000000       0.184653845061220     
 -0.876000000000000       0.186139534777165     
 -0.872000000000000       0.187642391707246     
 -0.868000000000000       0.189162667088839     
 -0.864000000000000       0.190700616461747     
 -0.860000000000000       0.192256499748588     
 -0.856000000000000       0.193830581336680     
 -0.852000000000000       0.195423130161426     
 -0.848000000000000       0.197034419791228     
 -0.844000000000000       0.198664728513951     
 -0.840000000000000       0.200314339424944     
 -0.836000000000000       0.201983540516655     
 -0.832000000000000       0.203672624769850     
 -0.828000000000000       0.205381890246446     
 -0.824000000000000       0.207111640183992     
 -0.820000000000000       0.208862183091803     
 -0.816000000000000       0.210633832848767     
 -0.812000000000000       0.212426908802840     
 -0.808000000000000       0.214241735872241     
 -0.804000000000000       0.216078644648364     
 -0.800000000000000       0.217937971500419     
 -0.796000000000000       0.219820058681810     
 -0.792000000000000       0.221725254438257     
 -0.788000000000000       0.223653913117681     
 -0.784000000000000       0.225606395281841     
 -0.780000000000000       0.227583067819754     
 -0.776000000000000       0.229584304062865     
 -0.772000000000000       0.231610483902002     
 -0.768000000000000       0.233661993906095     
 -0.764000000000000       0.235739227442657     
 -0.760000000000000       0.237842584800029     
 -0.756000000000000       0.239972473311369     
 -0.752000000000000       0.242129307480380     
 -0.748000000000000       0.244313509108759     
 -0.744000000000000       0.246525507425348     
 -0.740000000000000       0.248765739216962     
 -0.736000000000000       0.251034648960871     
 -0.732000000000000       0.253332688958904     
 -0.728000000000000       0.255660319473135     
 -0.724000000000000       0.258018008863117     
 -0.720000000000000       0.260406233724610     
 -0.716000000000000       0.262825479029762     
 -0.712000000000000       0.265276238268669     
 -0.708000000000000       0.267759013592271     
 -0.704000000000000       0.270274315956497     
 -0.700000000000000       0.272822665267576     
 -0.696000000000000       0.275404590528455     
 -0.692000000000000       0.278020629986193     
 -0.688000000000000       0.280671331280259     
 -0.684000000000000       0.283357251591596     
 -0.680000000000000       0.286078957792351     
 -0.676000000000000       0.288837026596113     
 -0.672000000000000       0.291632044708538     
 -0.668000000000000       0.294464608978181     
 -0.664000000000000       0.297335326547379     
 -0.660000000000000       0.300244815003002     
 -0.656000000000000       0.303193702526863     
 -0.652000000000000       0.306182628045575     
 -0.648000000000000       0.309212241379638     
 -0.644000000000000       0.312283203391492     
 -0.640000000000000       0.315396186132272     
 -0.636000000000000       0.318551872986997     
 -0.632000000000000       0.321750958817857     
 -0.628000000000000       0.324994150105298     
 -0.624000000000000       0.328282165086535     
 -0.620000000000000       0.331615733891128     
 -0.616000000000000       0.334995598673211     
 -0.612000000000000       0.338422513739954     
 -0.608000000000000       0.341897245675789     
 -0.604000000000000       0.345420573461922     
 -0.600000000000000       0.348993288590604     
 -0.596000000000000       0.352616195173607     
 -0.592000000000000       0.356290110044311     
 -0.588000000000000       0.360015862852788     
 -0.584000000000000       0.363794296153183     
 -0.580000000000000       0.367626265482721     
 -0.576000000000000       0.371512639431551     
 -0.572000000000000       0.375454299702640     
 -0.568000000000000       0.379452141160867     
 -0.564000000000000       0.383507071870405     
 -0.560000000000000       0.387620013119447     
 -0.556000000000000       0.391791899431239     
 -0.552000000000000       0.396023678560375     
 -0.548000000000000       0.400316311473189     
 -0.544000000000000       0.404670772311056     
 -0.540000000000000       0.409088048335326     
 -0.536000000000000       0.413569139852540     
 -0.532000000000000       0.418115060118513     
 -0.528000000000000       0.422726835219779     
 -0.524000000000000       0.427405503930816     
 -0.520000000000000       0.432152117545376     
 -0.516000000000000       0.436967739680167     
 -0.512000000000000       0.441853446049014     
 -0.508000000000000       0.446810324205571     
 -0.504000000000000       0.451839473252494     
 -0.500000000000000       0.456942003514939     
 -0.496000000000000       0.462119036176100     
 -0.492000000000000       0.467371702872395     
 -0.488000000000000       0.472701145245790     
 -0.484000000000000       0.478108514450646     
 -0.480000000000000       0.483594970612306     
 -0.476000000000000       0.489161682234551     
 -0.472000000000000       0.494809825552893     
 -0.468000000000000       0.500540583830537     
 -0.464000000000000       0.506355146593710     
 -0.460000000000000       0.512254708802900     
 -0.456000000000000       0.518240469956404     
 -0.452000000000000       0.524313633122425     
 -0.448000000000000       0.530475403895811     
 -0.444000000000000       0.536726989275369     
 -0.440000000000000       0.543069596457515     
 -0.436000000000000       0.549504431541892     
 -0.432000000000000       0.556032698144390     
 -0.428000000000000       0.562655595912870     
 -0.424000000000000       0.569374318940718     
 -0.420000000000000       0.576190054073220     
 -0.416000000000000       0.583103979101553     
 -0.412000000000000       0.590117260839092     
 -0.408000000000000       0.597231053074545     
 -0.404000000000000       0.604446494396316     
 -0.400000000000000       0.611764705882353     
 -0.396000000000000       0.619186788649639     
 -0.392000000000000       0.626713821257361     
 -0.388000000000000       0.634346856957711     
 -0.384000000000000       0.642086920788206     
 -0.380000000000000       0.649935006499350     
 -0.376000000000000       0.657892073311444     
 -0.372000000000000       0.665959042494334     
 -0.368000000000000       0.674136793763923     
 -0.364000000000000       0.682426161489327     
 -0.360000000000000       0.690827930704644     
 -0.356000000000000       0.699342832919466     
 -0.352000000000000       0.707971541722397     
 -0.348000000000000       0.716714668172135     
 -0.344000000000000       0.725572755970906     
 -0.340000000000000       0.734546276415414     
 -0.336000000000000       0.743635623120890     
 -0.332000000000000       0.752841106514276     
 -0.328000000000000       0.762162948093186     
 -0.324000000000000       0.771601274447890     
 -0.320000000000000       0.781156111044346     
 -0.316000000000000       0.790827375767102     
 -0.312000000000000       0.800614872221866     
 -0.308000000000000       0.810518282798557     
 -0.304000000000000       0.820537161496862     
 -0.300000000000000       0.830670926517572     
 -0.296000000000000       0.840918852624443     
 -0.292000000000000       0.851280063282850     
 -0.288000000000000       0.861753522583245     
 -0.284000000000000       0.872338026959271     
 -0.280000000000000       0.883032196712403     
 -0.276000000000000       0.893834467357165     
 -0.272000000000000       0.904743080803300     
 -0.268000000000000       0.915756076393781     
 -0.264000000000000       0.926871281820204     
 -0.260000000000000       0.938086303939962     
 -0.256000000000000       0.949398519522555     
 -0.252000000000000       0.960805065955572     
 -0.248000000000000       0.972302831944187     
 -0.244000000000000       0.983888448241413     
 -0.240000000000000       0.995558278449992     
 -0.236000000000000        1.00730840994043     
 -0.232000000000000        1.01913464493349     
 -0.228000000000000        1.03103249179933     
 -0.224000000000000        1.04299715662929     
 -0.220000000000000        1.05502353514040     
 -0.216000000000000        1.06710620497633     
 -0.212000000000000        1.07923941847259     
 -0.208000000000000        1.09141709595739     
 -0.204000000000000        1.10363281966300     
 -0.200000000000000        1.11587982832618     
 -0.196000000000000        1.12815101255892     
 -0.192000000000000        1.14043891107384     
 -0.188000000000000        1.15273570785066     
 -0.184000000000000        1.16503323033245     
 -0.180000000000000        1.17732294874117     
 -0.176000000000000        1.18959597660339     
 -0.172000000000000        1.20184307257653     
 -0.168000000000000        1.21405464366562     
 -0.164000000000000        1.22622074991888     
 -0.160000000000000        1.23833111068775     
 -0.156000000000000        1.25037511253376     
 -0.152000000000000        1.26234181885978     
 -0.148000000000000        1.27421998133758     
 -0.144000000000000        1.28599805319679     
 -0.140000000000000        1.29766420443202     
 -0.136000000000000        1.30920633897568     
 -0.132000000000000        1.32061211387333     
 -0.128000000000000        1.33186896048652     
 -0.124000000000000        1.34296410773465     
 -0.120000000000000        1.35388460737346     
 -0.116000000000000        1.36461736129189     
 -0.112000000000000        1.37514915079251     
 -0.108000000000000        1.38546666780346     
 -0.104000000000000        1.39555654795132     
 -0.100000000000000        1.40540540540541     
 -9.599999999999997E-002   1.41499986938463     
 -9.199999999999997E-002   1.42432662219846     
 -8.799999999999997E-002   1.43337243867371     
 -8.399999999999996E-002   1.44212422679955     
 -7.999999999999996E-002   1.45056906940415     
 -7.599999999999996E-002   1.45869426665829     
 -7.199999999999995E-002   1.46648737918400     
 -6.799999999999995E-002   1.47393627153081     
 -6.399999999999995E-002   1.48102915576781     
 -6.000000000000005E-002   1.48775463492790     
 -5.600000000000005E-002   1.49410174603029     
 -5.200000000000005E-002   1.50006000240010     
 -4.800000000000004E-002   1.50561943499893     
 -4.400000000000004E-002   1.51077063247831     
 -4.000000000000004E-002   1.51550477966892     
 -3.600000000000003E-002   1.51981369422284     
 -3.200000000000003E-002   1.52368986113325     
 -2.800000000000002E-002   1.52712646486669     
 -2.400000000000002E-002   1.53011741885670     
 -2.000000000000002E-002   1.53265739212450     
 -1.600000000000001E-002   1.53474183281231     
 -1.200000000000001E-002   1.53636698843707     
 -8.000000000000007E-003   1.53752992269773     
 -4.000000000000004E-003   1.53822852869624     
  0.000000000000000E+000   1.53846153846154     
  4.000000000000004E-003   1.53822852869624     
  8.000000000000007E-003   1.53752992269773     
  1.200000000000001E-002   1.53636698843707     
  1.600000000000001E-002   1.53474183281231     
  2.000000000000002E-002   1.53265739212450     
  2.400000000000002E-002   1.53011741885670     
  2.800000000000002E-002   1.52712646486669     
  3.200000000000003E-002   1.52368986113325     
  3.600000000000003E-002   1.51981369422284     
  4.000000000000004E-002   1.51550477966892     
  4.400000000000004E-002   1.51077063247831     
  4.800000000000004E-002   1.50561943499893     
  5.200000000000005E-002   1.50006000240010     
  5.600000000000005E-002   1.49410174603029     
  6.000000000000005E-002   1.48775463492790     
  6.400000000000006E-002   1.48102915576781     
  6.800000000000006E-002   1.47393627153081     
  7.200000000000006E-002   1.46648737918400     
  7.600000000000007E-002   1.45869426665829     
  8.000000000000007E-002   1.45056906940415     
  8.400000000000007E-002   1.44212422679955     
  8.800000000000008E-002   1.43337243867371     
  9.200000000000008E-002   1.42432662219846     
  9.600000000000009E-002   1.41499986938463     
  0.100000000000000        1.40540540540541     
  0.104000000000000        1.39555654795132     
  0.108000000000000        1.38546666780346     
  0.112000000000000        1.37514915079251     
  0.116000000000000        1.36461736129189     
  0.120000000000000        1.35388460737346     
  0.124000000000000        1.34296410773465     
  0.128000000000000        1.33186896048652     
  0.132000000000000        1.32061211387334     
  0.136000000000000        1.30920633897568     
  0.140000000000000        1.29766420443202     
  0.144000000000000        1.28599805319679     
  0.148000000000000        1.27421998133758     
  0.152000000000000        1.26234181885978     
  0.156000000000000        1.25037511253376     
  0.160000000000000        1.23833111068775     
  0.164000000000000        1.22622074991888     
  0.168000000000000        1.21405464366562     
  0.172000000000000        1.20184307257653     
  0.176000000000000        1.18959597660339     
  0.180000000000000        1.17732294874117     
  0.184000000000000        1.16503323033245     
  0.188000000000000        1.15273570785066     
  0.192000000000000        1.14043891107384     
  0.196000000000000        1.12815101255892     
  0.200000000000000        1.11587982832618     
  0.204000000000000        1.10363281966300     
  0.208000000000000        1.09141709595739     
  0.212000000000000        1.07923941847259     
  0.216000000000000        1.06710620497633     
  0.220000000000000        1.05502353514040     
  0.224000000000000        1.04299715662929     
  0.228000000000000        1.03103249179933     
  0.232000000000000        1.01913464493349     
  0.236000000000000        1.00730840994043     
  0.240000000000000       0.995558278449992     
  0.244000000000000       0.983888448241413     
  0.248000000000000       0.972302831944187     
  0.252000000000000       0.960805065955572     
  0.256000000000000       0.949398519522555     
  0.260000000000000       0.938086303939963     
  0.264000000000000       0.926871281820204     
  0.268000000000000       0.915756076393781     
  0.272000000000000       0.904743080803301     
  0.276000000000000       0.893834467357165     
  0.280000000000000       0.883032196712403     
  0.284000000000000       0.872338026959271     
  0.288000000000000       0.861753522583245     
  0.292000000000000       0.851280063282850     
  0.296000000000000       0.840918852624443     
  0.300000000000000       0.830670926517572     
  0.304000000000000       0.820537161496862     
  0.308000000000000       0.810518282798558     
  0.312000000000000       0.800614872221866     
  0.316000000000000       0.790827375767102     
  0.320000000000000       0.781156111044346     
  0.324000000000000       0.771601274447890     
  0.328000000000000       0.762162948093186     
  0.332000000000000       0.752841106514276     
  0.336000000000000       0.743635623120890     
  0.340000000000000       0.734546276415414     
  0.344000000000000       0.725572755970906     
  0.348000000000000       0.716714668172135     
  0.352000000000000       0.707971541722397     
  0.356000000000000       0.699342832919466     
  0.360000000000000       0.690827930704644     
  0.364000000000000       0.682426161489327     
  0.368000000000000       0.674136793763923     
  0.372000000000000       0.665959042494334     
  0.376000000000000       0.657892073311444     
  0.380000000000000       0.649935006499350     
  0.384000000000000       0.642086920788207     
  0.388000000000000       0.634346856957712     
  0.392000000000000       0.626713821257362     
  0.396000000000000       0.619186788649640     
  0.400000000000000       0.611764705882353     
  0.404000000000000       0.604446494396316     
  0.408000000000000       0.597231053074546     
  0.412000000000000       0.590117260839093     
  0.416000000000000       0.583103979101554     
  0.420000000000000       0.576190054073221     
  0.424000000000000       0.569374318940719     
  0.428000000000000       0.562655595912870     
  0.432000000000000       0.556032698144391     
  0.436000000000000       0.549504431541893     
  0.440000000000000       0.543069596457515     
  0.444000000000000       0.536726989275369     
  0.448000000000000       0.530475403895811     
  0.452000000000000       0.524313633122425     
  0.456000000000000       0.518240469956404     
  0.460000000000000       0.512254708802900     
  0.464000000000000       0.506355146593710     
  0.468000000000000       0.500540583830537     
  0.472000000000000       0.494809825552893     
  0.476000000000000       0.489161682234551     
  0.480000000000000       0.483594970612306     
  0.484000000000000       0.478108514450646     
  0.488000000000000       0.472701145245790     
  0.492000000000000       0.467371702872395     
  0.496000000000000       0.462119036176100     
  0.500000000000000       0.456942003514939     
  0.504000000000000       0.451839473252493     
  0.508000000000000       0.446810324205571     
  0.512000000000000       0.441853446049014     
  0.516000000000000       0.436967739680167     
  0.520000000000000       0.432152117545376     
  0.524000000000000       0.427405503930816     
  0.528000000000000       0.422726835219779     
  0.532000000000000       0.418115060118513     
  0.536000000000000       0.413569139852540     
  0.540000000000000       0.409088048335326     
  0.544000000000000       0.404670772311056     
  0.548000000000000       0.400316311473189     
  0.552000000000000       0.396023678560375     
  0.556000000000000       0.391791899431239     
  0.560000000000000       0.387620013119447     
  0.564000000000000       0.383507071870405     
  0.568000000000000       0.379452141160867     
  0.572000000000000       0.375454299702640     
  0.576000000000000       0.371512639431551     
  0.580000000000000       0.367626265482721     
  0.584000000000000       0.363794296153183     
  0.588000000000000       0.360015862852788     
  0.592000000000000       0.356290110044311     
  0.596000000000000       0.352616195173606     
  0.600000000000000       0.348993288590604     
  0.604000000000000       0.345420573461922     
  0.608000000000000       0.341897245675789     
  0.612000000000000       0.338422513739954     
  0.616000000000000       0.334995598673211     
  0.620000000000000       0.331615733891128     
  0.624000000000000       0.328282165086535     
  0.628000000000000       0.324994150105298     
  0.632000000000000       0.321750958817857     
  0.636000000000000       0.318551872986997     
  0.640000000000000       0.315396186132272     
  0.644000000000000       0.312283203391492     
  0.648000000000000       0.309212241379638     
  0.652000000000000       0.306182628045575     
  0.656000000000000       0.303193702526863     
  0.660000000000000       0.300244815003002     
  0.664000000000000       0.297335326547379     
  0.668000000000000       0.294464608978181     
  0.672000000000000       0.291632044708538     
  0.676000000000000       0.288837026596113     
  0.680000000000000       0.286078957792351     
  0.684000000000000       0.283357251591596     
  0.688000000000000       0.280671331280259     
  0.692000000000000       0.278020629986193     
  0.696000000000000       0.275404590528455     
  0.700000000000000       0.272822665267576     
  0.704000000000000       0.270274315956497     
  0.708000000000000       0.267759013592271     
  0.712000000000000       0.265276238268669     
  0.716000000000000       0.262825479029762     
  0.720000000000000       0.260406233724610     
  0.724000000000000       0.258018008863117     
  0.728000000000000       0.255660319473135     
  0.732000000000000       0.253332688958904     
  0.736000000000000       0.251034648960871     
  0.740000000000000       0.248765739216962     
  0.744000000000000       0.246525507425348     
  0.748000000000000       0.244313509108759     
  0.752000000000000       0.242129307480380     
  0.756000000000000       0.239972473311369     
  0.760000000000000       0.237842584800029     
  0.764000000000000       0.235739227442657     
  0.768000000000000       0.233661993906095     
  0.772000000000000       0.231610483902002     
  0.776000000000000       0.229584304062865     
  0.780000000000000       0.227583067819754     
  0.784000000000000       0.225606395281841     
  0.788000000000000       0.223653913117680     
  0.792000000000000       0.221725254438257     
  0.796000000000000       0.219820058681810     
  0.800000000000000       0.217937971500419     
  0.804000000000000       0.216078644648364     
  0.808000000000000       0.214241735872241     
  0.812000000000000       0.212426908802840     
  0.816000000000000       0.210633832848767     
  0.820000000000000       0.208862183091803     
  0.824000000000000       0.207111640183992     
  0.828000000000000       0.205381890246446     
  0.832000000000000       0.203672624769850     
  0.836000000000000       0.201983540516655     
  0.840000000000000       0.200314339424944     
  0.844000000000000       0.198664728513951     
  0.848000000000000       0.197034419791228     
  0.852000000000000       0.195423130161425     
  0.856000000000000       0.193830581336679     
  0.860000000000000       0.192256499748588     
  0.864000000000000       0.190700616461747     
  0.868000000000000       0.189162667088839     
  0.872000000000000       0.187642391707245     
  0.876000000000000       0.186139534777165     
  0.880000000000000       0.184653845061220     
  0.884000000000000       0.183185075545525     
  0.888000000000000       0.181732983362206     
  0.892000000000000       0.180297329713333     
  0.896000000000000       0.178877879796266     
  0.900000000000000       0.177474402730375     
  0.904000000000000       0.176086671485120     
  0.908000000000000       0.174714462809473     
  0.912000000000000       0.173357557162654     
  0.916000000000000       0.172015738646167     
  0.920000000000000       0.170688794937108     
  0.924000000000000       0.169376517222725     
  0.928000000000000       0.168078700136221     
  0.932000000000000       0.166795141693756     
  0.936000000000000       0.165525643232650     
  0.940000000000000       0.164270009350754     
  0.944000000000000       0.163028047846976     
  0.948000000000000       0.161799569662929     
  0.952000000000000       0.160584388825698     
  0.956000000000000       0.159382322391696     
  0.960000000000000       0.158193190391589     
  0.964000000000000       0.157016815776277     
  0.968000000000000       0.155853024363904     
  0.972000000000000       0.154701644787887     
  0.976000000000000       0.153562508445938     
  0.980000000000000       0.152435449450060     
  0.984000000000000       0.151320304577509     
  0.988000000000000       0.150216913222694     
  0.992000000000000       0.149125117349996     
  0.996000000000000       0.148044761447504     
