  -1.00000000000000       0.148796104247452     
 -0.996000000000000       0.149875194837753     
 -0.992000000000000       0.150965631072936     
 -0.988000000000000       0.152067565923594     
 -0.984000000000000       0.153181154818801     
 -0.980000000000000       0.154306555690639     
 -0.976000000000000       0.155443929019592     
 -0.972000000000000       0.156593437880807     
 -0.968000000000000       0.157755247991250     
 -0.964000000000000       0.158929527757764     
 -0.960000000000000       0.160116448326055     
 -0.956000000000000       0.161316183630611     
 -0.952000000000000       0.162528910445585     
 -0.948000000000000       0.163754808436648     
 -0.944000000000000       0.164994060213832     
 -0.940000000000000       0.166246851385390     
 -0.936000000000000       0.167513370612673     
 -0.932000000000000       0.168793809666054     
 -0.928000000000000       0.170088363481925     
 -0.924000000000000       0.171397230220760     
 -0.920000000000000       0.172720611326285     
 -0.916000000000000       0.174058711585770     
 -0.912000000000000       0.175411739191448     
 -0.908000000000000       0.176779905803095     
 -0.904000000000000       0.178163426611785     
 -0.900000000000000       0.179562520404832     
 -0.896000000000000       0.180977409631947     
 -0.892000000000000       0.182408320472626     
 -0.888000000000000       0.183855482904783     
 -0.884000000000000       0.185319130774656     
 -0.880000000000000       0.186799501867995     
 -0.876000000000000       0.188296837982553     
 -0.872000000000000       0.189811385001910     
 -0.868000000000000       0.191343392970624     
 -0.864000000000000       0.192893116170756     
 -0.860000000000000       0.194460813199764     
 -0.856000000000000       0.196046747049794     
 -0.852000000000000       0.197651185188380     
 -0.848000000000000       0.199274399640581     
 -0.844000000000000       0.200916667072559     
 -0.840000000000000       0.202578268876611     
 -0.836000000000000       0.204259491257694     
 -0.832000000000000       0.205960625321423     
 -0.828000000000000       0.207681967163593     
 -0.824000000000000       0.209423817961202     
 -0.820000000000000       0.211186484065020     
 -0.816000000000000       0.212970277093691     
 -0.812000000000000       0.214775514029397     
 -0.808000000000000       0.216602517315074     
 -0.804000000000000       0.218451614953212     
 -0.800000000000000       0.220323140606222     
 -0.796000000000000       0.222217433698398     
 -0.792000000000000       0.224134839519455     
 -0.788000000000000       0.226075709329665     
 -0.784000000000000       0.228040400466584     
 -0.780000000000000       0.230029276453367     
 -0.776000000000000       0.232042707108664     
 -0.772000000000000       0.234081068658105     
 -0.768000000000000       0.236144743847356     
 -0.764000000000000       0.238234122056726     
 -0.760000000000000       0.240349599417334     
 -0.756000000000000       0.242491578928805     
 -0.752000000000000       0.244660470578466     
 -0.748000000000000       0.246856691462050     
 -0.744000000000000       0.249080665905838     
 -0.740000000000000       0.251332825590251     
 -0.736000000000000       0.253613609674821     
 -0.732000000000000       0.255923464924526     
 -0.728000000000000       0.258262845837429     
 -0.724000000000000       0.260632214773582     
 -0.720000000000000       0.263032042085127     
 -0.716000000000000       0.265462806247547     
 -0.712000000000000       0.267924993991985     
 -0.708000000000000       0.270419100438571     
 -0.704000000000000       0.272945629230657     
 -0.700000000000000       0.275505092669895     
 -0.696000000000000       0.278098011852032     
 -0.692000000000000       0.280724916803343     
 -0.688000000000000       0.283386346617569     
 -0.684000000000000       0.286082849593242     
 -0.680000000000000       0.288814983371259     
 -0.676000000000000       0.291583315072560     
 -0.672000000000000       0.294388421435759     
 -0.668000000000000       0.297230888954540     
 -0.664000000000000       0.300111314014653     
 -0.660000000000000       0.303030303030303     
 -0.656000000000000       0.305988472579724     
 -0.652000000000000       0.308986449539704     
 -0.648000000000000       0.312024871218826     
 -0.644000000000000       0.315104385489157     
 -0.640000000000000       0.318225650916104     
 -0.636000000000000       0.321389336886146     
 -0.632000000000000       0.324596123732108     
 -0.628000000000000       0.327846702855644     
 -0.624000000000000       0.331141776846567     
 -0.620000000000000       0.334482059598622     
 -0.616000000000000       0.337868276421299     
 -0.612000000000000       0.341301164147244     
 -0.608000000000000       0.344781471234777     
 -0.604000000000000       0.348309957865050     
 -0.600000000000000       0.351887396033269     
 -0.596000000000000       0.355514569633454     
 -0.592000000000000       0.359192274536098     
 -0.588000000000000       0.362921318658115     
 -0.584000000000000       0.366702522024376     
 -0.580000000000000       0.370536716820121     
 -0.576000000000000       0.374424747433488     
 -0.572000000000000       0.378367470487337     
 -0.568000000000000       0.382365754859521     
 -0.564000000000000       0.386420481690695     
 -0.560000000000000       0.390532544378698     
 -0.556000000000000       0.394702848558497     
 -0.552000000000000       0.398932312066614     
 -0.548000000000000       0.403221864888906     
 -0.544000000000000       0.407572449090496     
 -0.540000000000000       0.411985018726592     
 -0.536000000000000       0.416460539732859     
 -0.532000000000000       0.420999989793940     
 -0.528000000000000       0.425604358188628     
 -0.524000000000000       0.430274645610155     
 -0.520000000000000       0.435011863959926     
 -0.516000000000000       0.439817036112977     
 -0.512000000000000       0.444691195653346     
 -0.508000000000000       0.449635386577430     
 -0.504000000000000       0.454650662963330     
 -0.500000000000000       0.459738088604068     
 -0.496000000000000       0.464898736602464     
 -0.492000000000000       0.470133688925360     
 -0.488000000000000       0.475444035914754     
 -0.484000000000000       0.480830875753302     
 -0.480000000000000       0.486295313881521     
 -0.476000000000000       0.491838462363925     
 -0.472000000000000       0.497461439201167     
 -0.468000000000000       0.503165367585172     
 -0.464000000000000       0.508951375094079     
 -0.460000000000000       0.514820592823713     
 -0.456000000000000       0.520774154452146     
 -0.452000000000000       0.526813195233777     
 -0.448000000000000       0.532938850919239     
 -0.444000000000000       0.539152256597263     
 -0.440000000000000       0.545454545454545     
 -0.436000000000000       0.551846847449464     
 -0.432000000000000       0.558330287895399     
 -0.428000000000000       0.564905985949247     
 -0.424000000000000       0.571575053000596     
 -0.420000000000000       0.578338590956887     
 -0.416000000000000       0.585197690419782     
 -0.412000000000000       0.592153428747793     
 -0.408000000000000       0.599206868000174     
 -0.404000000000000       0.606359052756912     
 -0.400000000000000       0.613611007809595     
 -0.396000000000000       0.620963735717834     
 -0.392000000000000       0.628418214225865     
 -0.388000000000000       0.635975393533865     
 -0.384000000000000       0.643636193418527     
 -0.380000000000000       0.651401500197394     
 -0.376000000000000       0.659272163531461     
 -0.372000000000000       0.667248993060610     
 -0.368000000000000       0.675332754866489     
 -0.364000000000000       0.683524167757544     
 -0.360000000000000       0.691823899371069     
 -0.356000000000000       0.700232562087287     
 -0.352000000000000       0.708750708750709     
 -0.348000000000000       0.717378828194292     
 -0.344000000000000       0.726117340562235     
 -0.340000000000000       0.734966592427617     
 -0.336000000000000       0.743926851701564     
 -0.332000000000000       0.752998302331100     
 -0.328000000000000       0.762181038783467     
 -0.324000000000000       0.771475060315323     
 -0.320000000000000       0.780880265026029     
 -0.316000000000000       0.790396443695031     
 -0.312000000000000       0.800023273404317     
 -0.308000000000000       0.809760310947959     
 -0.304000000000000       0.819606986031910     
 -0.300000000000000       0.829562594268476     
 -0.296000000000000       0.839626289971300     
 -0.292000000000000       0.849797078758163     
 -0.288000000000000       0.860073809970601     
 -0.284000000000000       0.870455168921057     
 -0.280000000000000       0.880939668980245     
 -0.276000000000000       0.891525643519419     
 -0.272000000000000       0.902211237724459     
 -0.268000000000000       0.912994400301011     
 -0.264000000000000       0.923872875092387     
 -0.260000000000000       0.934844192634561     
 -0.256000000000000       0.945905661675342     
 -0.252000000000000       0.957054360687687     
 -0.248000000000000       0.968287129410108     
 -0.244000000000000       0.979600560450260     
 -0.240000000000000       0.990990990990991     
 -0.236000000000000        1.00245449464143     
 -0.232000000000000        1.01398687347902     
 -0.228000000000000        1.02558365033192     
 -0.224000000000000        1.03724006135432     
 -0.220000000000000        1.04895104895105     
 -0.216000000000000        1.06071125511070     
 -0.212000000000000        1.07251501521021     
 -0.208000000000000        1.08435635235667     
 -0.204000000000000        1.09622897233517     
 -0.200000000000000        1.10812625923439     
 -0.196000000000000        1.12004127182383     
 -0.192000000000000        1.13196674075904     
 -0.188000000000000        1.14389506669255     
 -0.184000000000000        1.15581831937011     
 -0.180000000000000        1.16772823779193     
 -0.176000000000000        1.17961623151935     
 -0.172000000000000        1.19147338320672     
 -0.168000000000000        1.20329045243721     
 -0.164000000000000        1.21505788093906     
 -0.160000000000000        1.22676579925651     
 -0.156000000000000        1.23840403494551     
 -0.152000000000000        1.24996212235993     
 -0.148000000000000        1.26142931408825     
 -0.144000000000000        1.27279459409423     
 -0.140000000000000        1.28404669260700     
 -0.136000000000000        1.29517410279758     
 -0.132000000000000        1.30616509926855     
 -0.128000000000000        1.31700775837298     
 -0.124000000000000        1.32768998036628     
 -0.120000000000000        1.33819951338200     
 -0.116000000000000        1.34852397920821     
 -0.112000000000000        1.35865090082672     
 -0.108000000000000        1.36856773166119     
 -0.104000000000000        1.37826188646463     
 -0.100000000000000        1.38772077375946     
 -9.599999999999997E-002   1.39693182972671     
 -9.199999999999997E-002   1.40588255342354     
 -8.799999999999997E-002   1.41456054319125     
 -8.399999999999996E-002   1.42295353409914     
 -7.999999999999996E-002   1.43104943625325     
 -7.599999999999996E-002   1.43883637378353     
 -7.199999999999995E-002   1.44630272430840     
 -6.799999999999995E-002   1.45343715866249     
 -6.399999999999995E-002   1.46022868066126     
 -6.000000000000005E-002   1.46666666666667     
 -5.600000000000005E-002   1.47274090470920     
 -5.200000000000005E-002   1.47844163291638     
 -4.800000000000004E-002   1.48375957699363     
 -4.400000000000004E-002   1.48868598650258     
 -4.000000000000004E-002   1.49321266968326     
 -3.600000000000003E-002   1.49733202657084     
 -3.200000000000003E-002   1.50103708016448     
 -2.800000000000002E-002   1.50432150541556     
 -2.400000000000002E-002   1.50717965581497     
 -2.000000000000002E-002   1.50960658737420     
 -1.600000000000001E-002   1.51159807981238     
 -1.200000000000001E-002   1.51315065478156     
 -8.000000000000007E-003   1.51426159098418     
 -4.000000000000004E-003   1.51492893606082     
  0.000000000000000E+000   1.51515151515152     
  4.000000000000004E-003   1.51492893606082     
  8.000000000000007E-003   1.51426159098418     
  1.200000000000001E-002   1.51315065478156     
  1.600000000000001E-002   1.51159807981238     
  2.000000000000002E-002   1.50960658737420     
  2.400000000000002E-002   1.50717965581497     
  2.800000000000002E-002   1.50432150541556     
  3.200000000000003E-002   1.50103708016448     
  3.600000000000003E-002   1.49733202657084     
  4.000000000000004E-002   1.49321266968326     
  4.400000000000004E-002   1.48868598650258     
  4.800000000000004E-002   1.48375957699363     
  5.200000000000005E-002   1.47844163291638     
  5.600000000000005E-002   1.47274090470920     
  6.000000000000005E-002   1.46666666666667     
  6.400000000000006E-002   1.46022868066126     
  6.800000000000006E-002   1.45343715866249     
  7.200000000000006E-002   1.44630272430840     
  7.600000000000007E-002   1.43883637378353     
  8.000000000000007E-002   1.43104943625325     
  8.400000000000007E-002   1.42295353409914     
  8.800000000000008E-002   1.41456054319125     
  9.200000000000008E-002   1.40588255342354     
  9.600000000000009E-002   1.39693182972671     
  0.100000000000000        1.38772077375946     
  0.104000000000000        1.37826188646463     
  0.108000000000000        1.36856773166119     
  0.112000000000000        1.35865090082672     
  0.116000000000000        1.34852397920821     
  0.120000000000000        1.33819951338199     
  0.124000000000000        1.32768998036628     
  0.128000000000000        1.31700775837298     
  0.132000000000000        1.30616509926855     
  0.136000000000000        1.29517410279758     
  0.140000000000000        1.28404669260700     
  0.144000000000000        1.27279459409423     
  0.148000000000000        1.26142931408825     
  0.152000000000000        1.24996212235993     
  0.156000000000000        1.23840403494551     
  0.160000000000000        1.22676579925651     
  0.164000000000000        1.21505788093906     
  0.168000000000000        1.20329045243721     
  0.172000000000000        1.19147338320672     
  0.176000000000000        1.17961623151935     
  0.180000000000000        1.16772823779193     
  0.184000000000000        1.15581831937011     
  0.188000000000000        1.14389506669255     
  0.192000000000000        1.13196674075904     
  0.196000000000000        1.12004127182383     
  0.200000000000000        1.10812625923439     
  0.204000000000000        1.09622897233517     
  0.208000000000000        1.08435635235667     
  0.212000000000000        1.07251501521021     
  0.216000000000000        1.06071125511070     
  0.220000000000000        1.04895104895105     
  0.224000000000000        1.03724006135432     
  0.228000000000000        1.02558365033192     
  0.232000000000000        1.01398687347902     
  0.236000000000000        1.00245449464143     
  0.240000000000000       0.990990990990991     
  0.244000000000000       0.979600560450260     
  0.248000000000000       0.968287129410108     
  0.252000000000000       0.957054360687687     
  0.256000000000000       0.945905661675342     
  0.260000000000000       0.934844192634561     
  0.264000000000000       0.923872875092387     
  0.268000000000000       0.912994400301012     
  0.272000000000000       0.902211237724459     
  0.276000000000000       0.891525643519419     
  0.280000000000000       0.880939668980246     
  0.284000000000000       0.870455168921058     
  0.288000000000000       0.860073809970601     
  0.292000000000000       0.849797078758163     
  0.296000000000000       0.839626289971300     
  0.300000000000000       0.829562594268477     
  0.304000000000000       0.819606986031910     
  0.308000000000000       0.809760310947959     
  0.312000000000000       0.800023273404317     
  0.316000000000000       0.790396443695031     
  0.320000000000000       0.780880265026029     
  0.324000000000000       0.771475060315323     
  0.328000000000000       0.762181038783467     
  0.332000000000000       0.752998302331100     
  0.336000000000000       0.743926851701564     
  0.340000000000000       0.734966592427617     
  0.344000000000000       0.726117340562235     
  0.348000000000000       0.717378828194292     
  0.352000000000000       0.708750708750709     
  0.356000000000000       0.700232562087287     
  0.360000000000000       0.691823899371069     
  0.364000000000000       0.683524167757544     
  0.368000000000000       0.675332754866489     
  0.372000000000000       0.667248993060610     
  0.376000000000000       0.659272163531462     
  0.380000000000000       0.651401500197395     
  0.384000000000000       0.643636193418528     
  0.388000000000000       0.635975393533865     
  0.392000000000000       0.628418214225865     
  0.396000000000000       0.620963735717834     
  0.400000000000000       0.613611007809595     
  0.404000000000000       0.606359052756913     
  0.408000000000000       0.599206868000175     
  0.412000000000000       0.592153428747793     
  0.416000000000000       0.585197690419782     
  0.420000000000000       0.578338590956888     
  0.424000000000000       0.571575053000596     
  0.428000000000000       0.564905985949248     
  0.432000000000000       0.558330287895400     
  0.436000000000000       0.551846847449464     
  0.440000000000000       0.545454545454546     
  0.444000000000000       0.539152256597263     
  0.448000000000000       0.532938850919239     
  0.452000000000000       0.526813195233777     
  0.456000000000000       0.520774154452146     
  0.460000000000000       0.514820592823713     
  0.464000000000000       0.508951375094079     
  0.468000000000000       0.503165367585172     
  0.472000000000000       0.497461439201167     
  0.476000000000000       0.491838462363925     
  0.480000000000000       0.486295313881521     
  0.484000000000000       0.480830875753302     
  0.488000000000000       0.475444035914754     
  0.492000000000000       0.470133688925360     
  0.496000000000000       0.464898736602464     
  0.500000000000000       0.459738088604068     
  0.504000000000000       0.454650662963330     
  0.508000000000000       0.449635386577430     
  0.512000000000000       0.444691195653346     
  0.516000000000000       0.439817036112977     
  0.520000000000000       0.435011863959926     
  0.524000000000000       0.430274645610155     
  0.528000000000000       0.425604358188628     
  0.532000000000000       0.420999989793940     
  0.536000000000000       0.416460539732859     
  0.540000000000000       0.411985018726592     
  0.544000000000000       0.407572449090496     
  0.548000000000000       0.403221864888906     
  0.552000000000000       0.398932312066614     
  0.556000000000000       0.394702848558497     
  0.560000000000000       0.390532544378698     
  0.564000000000000       0.386420481690695     
  0.568000000000000       0.382365754859521     
  0.572000000000000       0.378367470487337     
  0.576000000000000       0.374424747433488     
  0.580000000000000       0.370536716820121     
  0.584000000000000       0.366702522024376     
  0.588000000000000       0.362921318658115     
  0.592000000000000       0.359192274536098     
  0.596000000000000       0.355514569633454     
  0.600000000000000       0.351887396033269     
  0.604000000000000       0.348309957865050     
  0.608000000000000       0.344781471234777     
  0.612000000000000       0.341301164147243     
  0.616000000000000       0.337868276421299     
  0.620000000000000       0.334482059598621     
  0.624000000000000       0.331141776846567     
  0.628000000000000       0.327846702855644     
  0.632000000000000       0.324596123732108     
  0.636000000000000       0.321389336886146     
  0.640000000000000       0.318225650916104     
  0.644000000000000       0.315104385489157     
  0.648000000000000       0.312024871218826     
  0.652000000000000       0.308986449539704     
  0.656000000000000       0.305988472579724     
  0.660000000000000       0.303030303030303     
  0.664000000000000       0.300111314014653     
  0.668000000000000       0.297230888954540     
  0.672000000000000       0.294388421435759     
  0.676000000000000       0.291583315072560     
  0.680000000000000       0.288814983371259     
  0.684000000000000       0.286082849593242     
  0.688000000000000       0.283386346617569     
  0.692000000000000       0.280724916803343     
  0.696000000000000       0.278098011852032     
  0.700000000000000       0.275505092669895     
  0.704000000000000       0.272945629230657     
  0.708000000000000       0.270419100438571     
  0.712000000000000       0.267924993991985     
  0.716000000000000       0.265462806247547     
  0.720000000000000       0.263032042085127     
  0.724000000000000       0.260632214773582     
  0.728000000000000       0.258262845837429     
  0.732000000000000       0.255923464924526     
  0.736000000000000       0.253613609674821     
  0.740000000000000       0.251332825590251     
  0.744000000000000       0.249080665905838     
  0.748000000000000       0.246856691462050     
  0.752000000000000       0.244660470578466     
  0.756000000000000       0.242491578928804     
  0.760000000000000       0.240349599417334     
  0.764000000000000       0.238234122056726     
  0.768000000000000       0.236144743847356     
  0.772000000000000       0.234081068658105     
  0.776000000000000       0.232042707108663     
  0.780000000000000       0.230029276453367     
  0.784000000000000       0.228040400466584     
  0.788000000000000       0.226075709329665     
  0.792000000000000       0.224134839519455     
  0.796000000000000       0.222217433698398     
  0.800000000000000       0.220323140606222     
  0.804000000000000       0.218451614953212     
  0.808000000000000       0.216602517315074     
  0.812000000000000       0.214775514029397     
  0.816000000000000       0.212970277093691     
  0.820000000000000       0.211186484065020     
  0.824000000000000       0.209423817961202     
  0.828000000000000       0.207681967163593     
  0.832000000000000       0.205960625321423     
  0.836000000000000       0.204259491257694     
  0.840000000000000       0.202578268876611     
  0.844000000000000       0.200916667072559     
  0.848000000000000       0.199274399640581     
  0.852000000000000       0.197651185188379     
  0.856000000000000       0.196046747049793     
  0.860000000000000       0.194460813199764     
  0.864000000000000       0.192893116170756     
  0.868000000000000       0.191343392970623     
  0.872000000000000       0.189811385001910     
  0.876000000000000       0.188296837982553     
  0.880000000000000       0.186799501867995     
  0.884000000000000       0.185319130774656     
  0.888000000000000       0.183855482904783     
  0.892000000000000       0.182408320472626     
  0.896000000000000       0.180977409631947     
  0.900000000000000       0.179562520404832     
  0.904000000000000       0.178163426611785     
  0.908000000000000       0.176779905803095     
  0.912000000000000       0.175411739191448     
  0.916000000000000       0.174058711585770     
  0.920000000000000       0.172720611326285     
  0.924000000000000       0.171397230220760     
  0.928000000000000       0.170088363481925     
  0.932000000000000       0.168793809666054     
  0.936000000000000       0.167513370612673     
  0.940000000000000       0.166246851385390     
  0.944000000000000       0.164994060213832     
  0.948000000000000       0.163754808436648     
  0.952000000000000       0.162528910445585     
  0.956000000000000       0.161316183630611     
  0.960000000000000       0.160116448326055     
  0.964000000000000       0.158929527757764     
  0.968000000000000       0.157755247991250     
  0.972000000000000       0.156593437880807     
  0.976000000000000       0.155443929019592     
  0.980000000000000       0.154306555690639     
  0.984000000000000       0.153181154818801     
  0.988000000000000       0.152067565923594     
  0.992000000000000       0.150965631072936     
  0.996000000000000       0.149875194837753     
