  -1.00000000000000       0.150599024477961     
 -0.996000000000000       0.151687901463539     
 -0.992000000000000       0.152788179029435     
 -0.988000000000000       0.153900010014986     
 -0.984000000000000       0.155023549696848     
 -0.980000000000000       0.156158955832654     
 -0.976000000000000       0.157306388705495     
 -0.972000000000000       0.158466011169252     
 -0.968000000000000       0.159637988694771     
 -0.964000000000000       0.160822489416920     
 -0.960000000000000       0.162019684182526     
 -0.956000000000000       0.163229746599218     
 -0.952000000000000       0.164452853085185     
 -0.948000000000000       0.165689182919869     
 -0.944000000000000       0.166938918295609     
 -0.940000000000000       0.168202244370246     
 -0.936000000000000       0.169479349320717     
 -0.932000000000000       0.170770424397639     
 -0.928000000000000       0.172075663980917     
 -0.924000000000000       0.173395265636371     
 -0.920000000000000       0.174729430173426     
 -0.916000000000000       0.176078361703850     
 -0.912000000000000       0.177442267701588     
 -0.908000000000000       0.178821359063681     
 -0.904000000000000       0.180215850172308     
 -0.900000000000000       0.181625958957955     
 -0.896000000000000       0.183051906963732     
 -0.892000000000000       0.184493919410853     
 -0.888000000000000       0.185952225265301     
 -0.884000000000000       0.187427057305683     
 -0.880000000000000       0.188918652192302     
 -0.876000000000000       0.190427250537460     
 -0.872000000000000       0.191953096976997     
 -0.868000000000000       0.193496440243101     
 -0.864000000000000       0.195057533238386     
 -0.860000000000000       0.196636633111261     
 -0.856000000000000       0.198234001332606     
 -0.852000000000000       0.199849903773763     
 -0.848000000000000       0.201484610785862     
 -0.844000000000000       0.203138397280492     
 -0.840000000000000       0.204811542811726     
 -0.836000000000000       0.206504331659518     
 -0.832000000000000       0.208217052914479     
 -0.828000000000000       0.209950000564045     
 -0.824000000000000       0.211703473580038     
 -0.820000000000000       0.213477776007647     
 -0.816000000000000       0.215273217055808     
 -0.812000000000000       0.217090111189019     
 -0.808000000000000       0.218928778220573     
 -0.804000000000000       0.220789543407224     
 -0.800000000000000       0.222672737545282     
 -0.796000000000000       0.224578697068142     
 -0.792000000000000       0.226507764145241     
 -0.788000000000000       0.228460286782447     
 -0.784000000000000       0.230436618923868     
 -0.780000000000000       0.232437120555074     
 -0.776000000000000       0.234462157807730     
 -0.772000000000000       0.236512103065620     
 -0.768000000000000       0.238587335072053     
 -0.764000000000000       0.240688239038627     
 -0.760000000000000       0.242815206755337     
 -0.756000000000000       0.244968636702006     
 -0.752000000000000       0.247148934160999     
 -0.748000000000000       0.249356511331207     
 -0.744000000000000       0.251591787443242     
 -0.740000000000000       0.253855188875838     
 -0.736000000000000       0.256147149273383     
 -0.732000000000000       0.258468109664547     
 -0.728000000000000       0.260818518581957     
 -0.724000000000000       0.263198832182853     
 -0.720000000000000       0.265609514370664     
 -0.716000000000000       0.268051036917429     
 -0.712000000000000       0.270523879586995     
 -0.708000000000000       0.273028530258896     
 -0.704000000000000       0.275565485052835     
 -0.700000000000000       0.278135248453651     
 -0.696000000000000       0.280738333436690     
 -0.692000000000000       0.283375261593432     
 -0.688000000000000       0.286046563257276     
 -0.684000000000000       0.288752777629331     
 -0.680000000000000       0.291494452904068     
 -0.676000000000000       0.294272146394683     
 -0.672000000000000       0.297086424657996     
 -0.668000000000000       0.299937863618701     
 -0.664000000000000       0.302827048692782     
 -0.660000000000000       0.305754574909871     
 -0.656000000000000       0.308721047034343     
 -0.652000000000000       0.311727079684886     
 -0.648000000000000       0.314773297452309     
 -0.644000000000000       0.317860335015305     
 -0.640000000000000       0.320988837253869     
 -0.636000000000000       0.324159459360080     
 -0.632000000000000       0.327372866945895     
 -0.628000000000000       0.330629736147601     
 -0.624000000000000       0.333930753726568     
 -0.620000000000000       0.337276617165870     
 -0.616000000000000       0.340668034762376     
 -0.612000000000000       0.344105725713840     
 -0.608000000000000       0.347590420200503     
 -0.604000000000000       0.351122859460717     
 -0.600000000000000       0.354703795860024     
 -0.596000000000000       0.358333992953121     
 -0.592000000000000       0.362014225538104     
 -0.588000000000000       0.365745279702338     
 -0.584000000000000       0.369527952859264     
 -0.580000000000000       0.373363053775425     
 -0.576000000000000       0.377251402586931     
 -0.572000000000000       0.381193830804558     
 -0.568000000000000       0.385191181306614     
 -0.564000000000000       0.389244308318674     
 -0.560000000000000       0.393354077379205     
 -0.556000000000000       0.397521365290096     
 -0.552000000000000       0.401747060050992     
 -0.548000000000000       0.406032060776333     
 -0.544000000000000       0.410377277593891     
 -0.540000000000000       0.414783631523556     
 -0.536000000000000       0.419252054335066     
 -0.532000000000000       0.423783488383272     
 -0.528000000000000       0.428378886419494     
 -0.524000000000000       0.433039211377427     
 -0.520000000000000       0.437765436131983     
 -0.516000000000000       0.442558543229383     
 -0.512000000000000       0.447419524586705     
 -0.508000000000000       0.452349381159041     
 -0.504000000000000       0.457349122572295     
 -0.500000000000000       0.462419766719580     
 -0.496000000000000       0.467562339319062     
 -0.492000000000000       0.472777873431013     
 -0.488000000000000       0.478067408931726     
 -0.484000000000000       0.483431991941838     
 -0.480000000000000       0.488872674206494     
 -0.476000000000000       0.494390512424698     
 -0.472000000000000       0.499986567525052     
 -0.468000000000000       0.505661903884993     
 -0.464000000000000       0.511417588490509     
 -0.460000000000000       0.517254690033197     
 -0.456000000000000       0.523174277941411     
 -0.452000000000000       0.529177421342120     
 -0.448000000000000       0.535265187949982     
 -0.444000000000000       0.541438642880001     
 -0.440000000000000       0.547698847380038     
 -0.436000000000000       0.554046857479302     
 -0.432000000000000       0.560483722548846     
 -0.428000000000000       0.567010483769959     
 -0.424000000000000       0.573628172506258     
 -0.420000000000000       0.580337808575141     
 -0.416000000000000       0.587140398414195     
 -0.412000000000000       0.594036933138040     
 -0.408000000000000       0.601028386480988     
 -0.404000000000000       0.608115712620852     
 -0.400000000000000       0.615299843879144     
 -0.396000000000000       0.622581688292862     
 -0.392000000000000       0.629962127053018     
 -0.388000000000000       0.637442011805045     
 -0.384000000000000       0.645022161806216     
 -0.380000000000000       0.652703360935217     
 -0.376000000000000       0.660486354549075     
 -0.372000000000000       0.668371846182699     
 -0.368000000000000       0.676360494086388     
 -0.364000000000000       0.684452907596814     
 -0.360000000000000       0.692649643337124     
 -0.356000000000000       0.700951201242044     
 -0.352000000000000       0.709358020404101     
 -0.348000000000000       0.717870474737388     
 -0.344000000000000       0.726488868455636     
 -0.340000000000000       0.735213431361791     
 -0.336000000000000       0.744044313946722     
 -0.332000000000000       0.752981582295268     
 -0.328000000000000       0.762025212798384     
 -0.324000000000000       0.771175086670872     
 -0.320000000000000       0.780430984274898     
 -0.316000000000000       0.789792579250381     
 -0.312000000000000       0.799259432454227     
 -0.308000000000000       0.808830985711457     
 -0.304000000000000       0.818506555382352     
 -0.300000000000000       0.828285325751020     
 -0.296000000000000       0.838166342242082     
 -0.292000000000000       0.848148504473667     
 -0.288000000000000       0.858230559156423     
 -0.284000000000000       0.868411092849995     
 -0.280000000000000       0.878688524590164     
 -0.276000000000000       0.889061098401813     
 -0.272000000000000       0.899526875714922     
 -0.268000000000000       0.910083727702948     
 -0.264000000000000       0.920729327565262     
 -0.260000000000000       0.931461142777700     
 -0.256000000000000       0.942276427337830     
 -0.252000000000000       0.953172214034109     
 -0.248000000000000       0.964145306770890     
 -0.244000000000000       0.975192272983972     
 -0.240000000000000       0.986309436184307     
 -0.236000000000000       0.997492868670387     
 -0.232000000000000        1.00873838445278     
 -0.228000000000000        1.02004153243732     
 -0.224000000000000        1.03139758991632     
 -0.220000000000000        1.04280155642023     
 -0.216000000000000        1.05424814798497     
 -0.212000000000000        1.06573179189280     
 -0.208000000000000        1.07724662194753     
 -0.204000000000000        1.08878647434689     
 -0.200000000000000        1.10034488421744     
 -0.196000000000000        1.11191508287916     
 -0.192000000000000        1.12348999590848     
 -0.188000000000000        1.13506224206981     
 -0.184000000000000        1.14662413318638     
 -0.180000000000000        1.15816767502161     
 -0.176000000000000        1.16968456924183     
 -0.172000000000000        1.18116621653069     
 -0.168000000000000        1.19260372092361     
 -0.164000000000000        1.20398789542916     
 -0.160000000000000        1.21530926900054     
 -0.156000000000000        1.22655809491729     
 -0.152000000000000        1.23772436063224     
 -0.148000000000000        1.24879779913367     
 -0.144000000000000        1.25976790186596     
 -0.140000000000000        1.27062393324483     
 -0.136000000000000        1.28135494679508     
 -0.132000000000000        1.29194980292945     
 -0.128000000000000        1.30239718837717     
 -0.124000000000000        1.31268563725990     
 -0.120000000000000        1.32280355380059     
 -0.116000000000000        1.33273923663879     
 -0.112000000000000        1.34248090471191     
 -0.108000000000000        1.35201672464868     
 -0.104000000000000        1.36133483960631     
 -0.100000000000000        1.37042339946819     
 -9.599999999999997E-002   1.37927059230408     
 -9.199999999999997E-002   1.38786467697967     
 -8.799999999999997E-002   1.39619401678767     
 -8.399999999999996E-002   1.40424711395780     
 -7.999999999999996E-002   1.41201264488936     
 -7.599999999999996E-002   1.41947949593648     
 -7.199999999999995E-002   1.42663679956392     
 -6.799999999999995E-002   1.43347397068011     
 -6.399999999999995E-002   1.43998074294409     
 -6.000000000000005E-002   1.44614720483488     
 -5.600000000000005E-002   1.45196383526495     
 -5.200000000000005E-002   1.45742153851508     
 -4.800000000000004E-002   1.46251167826489     
 -4.400000000000004E-002   1.46722611049308     
 -4.000000000000004E-002   1.47155721502306     
 -3.600000000000003E-002   1.47549792549396     
 -3.200000000000003E-002   1.47904175754311     
 -2.800000000000002E-002   1.48218283499544     
 -2.400000000000002E-002   1.48491591386601     
 -2.000000000000002E-002   1.48723640399556     
 -1.600000000000001E-002   1.48914038815444     
 -1.200000000000001E-002   1.49062463846790     
 -8.000000000000007E-003   1.49168663003500     
 -4.000000000000004E-003   1.49232455163443     
  0.000000000000000E+000   1.49253731343284     
  4.000000000000004E-003   1.49232455163443     
  8.000000000000007E-003   1.49168663003500     
  1.200000000000001E-002   1.49062463846790     
  1.600000000000001E-002   1.48914038815444     
  2.000000000000002E-002   1.48723640399556     
  2.400000000000002E-002   1.48491591386601     
  2.800000000000002E-002   1.48218283499544     
  3.200000000000003E-002   1.47904175754311     
  3.600000000000003E-002   1.47549792549396     
  4.000000000000004E-002   1.47155721502306     
  4.400000000000004E-002   1.46722611049308     
  4.800000000000004E-002   1.46251167826489     
  5.200000000000005E-002   1.45742153851508     
  5.600000000000005E-002   1.45196383526495     
  6.000000000000005E-002   1.44614720483488     
  6.400000000000006E-002   1.43998074294409     
  6.800000000000006E-002   1.43347397068011     
  7.200000000000006E-002   1.42663679956392     
  7.600000000000007E-002   1.41947949593647     
  8.000000000000007E-002   1.41201264488936     
  8.400000000000007E-002   1.40424711395780     
  8.800000000000008E-002   1.39619401678767     
  9.200000000000008E-002   1.38786467697967     
  9.600000000000009E-002   1.37927059230408     
  0.100000000000000        1.37042339946819     
  0.104000000000000        1.36133483960631     
  0.108000000000000        1.35201672464868     
  0.112000000000000        1.34248090471191     
  0.116000000000000        1.33273923663879     
  0.120000000000000        1.32280355380059     
  0.124000000000000        1.31268563725990     
  0.128000000000000        1.30239718837717     
  0.132000000000000        1.29194980292945     
  0.136000000000000        1.28135494679508     
  0.140000000000000        1.27062393324483     
  0.144000000000000        1.25976790186596     
  0.148000000000000        1.24879779913367     
  0.152000000000000        1.23772436063224     
  0.156000000000000        1.22655809491729     
  0.160000000000000        1.21530926900054     
  0.164000000000000        1.20398789542916     
  0.168000000000000        1.19260372092361     
  0.172000000000000        1.18116621653069     
  0.176000000000000        1.16968456924184     
  0.180000000000000        1.15816767502161     
  0.184000000000000        1.14662413318638     
  0.188000000000000        1.13506224206981     
  0.192000000000000        1.12348999590848     
  0.196000000000000        1.11191508287916     
  0.200000000000000        1.10034488421744     
  0.204000000000000        1.08878647434689     
  0.208000000000000        1.07724662194753     
  0.212000000000000        1.06573179189280     
  0.216000000000000        1.05424814798497     
  0.220000000000000        1.04280155642023     
  0.224000000000000        1.03139758991632     
  0.228000000000000        1.02004153243732     
  0.232000000000000        1.00873838445278     
  0.236000000000000       0.997492868670387     
  0.240000000000000       0.986309436184307     
  0.244000000000000       0.975192272983972     
  0.248000000000000       0.964145306770890     
  0.252000000000000       0.953172214034109     
  0.256000000000000       0.942276427337830     
  0.260000000000000       0.931461142777701     
  0.264000000000000       0.920729327565262     
  0.268000000000000       0.910083727702949     
  0.272000000000000       0.899526875714923     
  0.276000000000000       0.889061098401813     
  0.280000000000000       0.878688524590164     
  0.284000000000000       0.868411092849996     
  0.288000000000000       0.858230559156423     
  0.292000000000000       0.848148504473667     
  0.296000000000000       0.838166342242083     
  0.300000000000000       0.828285325751020     
  0.304000000000000       0.818506555382353     
  0.308000000000000       0.808830985711457     
  0.312000000000000       0.799259432454227     
  0.316000000000000       0.789792579250381     
  0.320000000000000       0.780430984274898     
  0.324000000000000       0.771175086670872     
  0.328000000000000       0.762025212798384     
  0.332000000000000       0.752981582295268     
  0.336000000000000       0.744044313946722     
  0.340000000000000       0.735213431361791     
  0.344000000000000       0.726488868455636     
  0.348000000000000       0.717870474737388     
  0.352000000000000       0.709358020404101     
  0.356000000000000       0.700951201242044     
  0.360000000000000       0.692649643337124     
  0.364000000000000       0.684452907596814     
  0.368000000000000       0.676360494086388     
  0.372000000000000       0.668371846182699     
  0.376000000000000       0.660486354549075     
  0.380000000000000       0.652703360935217     
  0.384000000000000       0.645022161806216     
  0.388000000000000       0.637442011805046     
  0.392000000000000       0.629962127053019     
  0.396000000000000       0.622581688292863     
  0.400000000000000       0.615299843879144     
  0.404000000000000       0.608115712620852     
  0.408000000000000       0.601028386480988     
  0.412000000000000       0.594036933138040     
  0.416000000000000       0.587140398414195     
  0.420000000000000       0.580337808575141     
  0.424000000000000       0.573628172506259     
  0.428000000000000       0.567010483769960     
  0.432000000000000       0.560483722548846     
  0.436000000000000       0.554046857479302     
  0.440000000000000       0.547698847380038     
  0.444000000000000       0.541438642880001     
  0.448000000000000       0.535265187949982     
  0.452000000000000       0.529177421342120     
  0.456000000000000       0.523174277941411     
  0.460000000000000       0.517254690033197     
  0.464000000000000       0.511417588490509     
  0.468000000000000       0.505661903884993     
  0.472000000000000       0.499986567525052     
  0.476000000000000       0.494390512424698     
  0.480000000000000       0.488872674206494     
  0.484000000000000       0.483431991941838     
  0.488000000000000       0.478067408931726     
  0.492000000000000       0.472777873431013     
  0.496000000000000       0.467562339319062     
  0.500000000000000       0.462419766719580     
  0.504000000000000       0.457349122572295     
  0.508000000000000       0.452349381159041     
  0.512000000000000       0.447419524586705     
  0.516000000000000       0.442558543229383     
  0.520000000000000       0.437765436131983     
  0.524000000000000       0.433039211377427     
  0.528000000000000       0.428378886419494     
  0.532000000000000       0.423783488383272     
  0.536000000000000       0.419252054335066     
  0.540000000000000       0.414783631523556     
  0.544000000000000       0.410377277593891     
  0.548000000000000       0.406032060776333     
  0.552000000000000       0.401747060050992     
  0.556000000000000       0.397521365290096     
  0.560000000000000       0.393354077379205     
  0.564000000000000       0.389244308318674     
  0.568000000000000       0.385191181306614     
  0.572000000000000       0.381193830804558     
  0.576000000000000       0.377251402586931     
  0.580000000000000       0.373363053775425     
  0.584000000000000       0.369527952859264     
  0.588000000000000       0.365745279702338     
  0.592000000000000       0.362014225538104     
  0.596000000000000       0.358333992953121     
  0.600000000000000       0.354703795860024     
  0.604000000000000       0.351122859460717     
  0.608000000000000       0.347590420200503     
  0.612000000000000       0.344105725713840     
  0.616000000000000       0.340668034762376     
  0.620000000000000       0.337276617165870     
  0.624000000000000       0.333930753726567     
  0.628000000000000       0.330629736147601     
  0.632000000000000       0.327372866945895     
  0.636000000000000       0.324159459360080     
  0.640000000000000       0.320988837253869     
  0.644000000000000       0.317860335015305     
  0.648000000000000       0.314773297452310     
  0.652000000000000       0.311727079684886     
  0.656000000000000       0.308721047034343     
  0.660000000000000       0.305754574909871     
  0.664000000000000       0.302827048692782     
  0.668000000000000       0.299937863618701     
  0.672000000000000       0.297086424657996     
  0.676000000000000       0.294272146394683     
  0.680000000000000       0.291494452904068     
  0.684000000000000       0.288752777629331     
  0.688000000000000       0.286046563257276     
  0.692000000000000       0.283375261593432     
  0.696000000000000       0.280738333436690     
  0.700000000000000       0.278135248453651     
  0.704000000000000       0.275565485052835     
  0.708000000000000       0.273028530258896     
  0.712000000000000       0.270523879586995     
  0.716000000000000       0.268051036917429     
  0.720000000000000       0.265609514370664     
  0.724000000000000       0.263198832182853     
  0.728000000000000       0.260818518581957     
  0.732000000000000       0.258468109664547     
  0.736000000000000       0.256147149273383     
  0.740000000000000       0.253855188875838     
  0.744000000000000       0.251591787443242     
  0.748000000000000       0.249356511331206     
  0.752000000000000       0.247148934160999     
  0.756000000000000       0.244968636702005     
  0.760000000000000       0.242815206755336     
  0.764000000000000       0.240688239038626     
  0.768000000000000       0.238587335072053     
  0.772000000000000       0.236512103065620     
  0.776000000000000       0.234462157807730     
  0.780000000000000       0.232437120555074     
  0.784000000000000       0.230436618923868     
  0.788000000000000       0.228460286782447     
  0.792000000000000       0.226507764145241     
  0.796000000000000       0.224578697068142     
  0.800000000000000       0.222672737545282     
  0.804000000000000       0.220789543407224     
  0.808000000000000       0.218928778220573     
  0.812000000000000       0.217090111189019     
  0.816000000000000       0.215273217055808     
  0.820000000000000       0.213477776007647     
  0.824000000000000       0.211703473580038     
  0.828000000000000       0.209950000564045     
  0.832000000000000       0.208217052914479     
  0.836000000000000       0.206504331659518     
  0.840000000000000       0.204811542811726     
  0.844000000000000       0.203138397280492     
  0.848000000000000       0.201484610785862     
  0.852000000000000       0.199849903773763     
  0.856000000000000       0.198234001332606     
  0.860000000000000       0.196636633111261     
  0.864000000000000       0.195057533238386     
  0.868000000000000       0.193496440243101     
  0.872000000000000       0.191953096976997     
  0.876000000000000       0.190427250537460     
  0.880000000000000       0.188918652192302     
  0.884000000000000       0.187427057305683     
  0.888000000000000       0.185952225265301     
  0.892000000000000       0.184493919410853     
  0.896000000000000       0.183051906963732     
  0.900000000000000       0.181625958957955     
  0.904000000000000       0.180215850172308     
  0.908000000000000       0.178821359063681     
  0.912000000000000       0.177442267701588     
  0.916000000000000       0.176078361703850     
  0.920000000000000       0.174729430173425     
  0.924000000000000       0.173395265636371     
  0.928000000000000       0.172075663980917     
  0.932000000000000       0.170770424397639     
  0.936000000000000       0.169479349320717     
  0.940000000000000       0.168202244370246     
  0.944000000000000       0.166938918295608     
  0.948000000000000       0.165689182919869     
  0.952000000000000       0.164452853085185     
  0.956000000000000       0.163229746599218     
  0.960000000000000       0.162019684182526     
  0.964000000000000       0.160822489416920     
  0.968000000000000       0.159637988694771     
  0.972000000000000       0.158466011169252     
  0.976000000000000       0.157306388705495     
  0.980000000000000       0.156158955832654     
  0.984000000000000       0.155023549696848     
  0.988000000000000       0.153900010014986     
  0.992000000000000       0.152788179029435     
  0.996000000000000       0.151687901463539     
