  -1.00000000000000       0.152384367156687     
 -0.996000000000000       0.153482795481467     
 -0.992000000000000       0.154592675580905     
 -0.988000000000000       0.155714160096140     
 -0.984000000000000       0.156847404083199     
 -0.980000000000000       0.157992565055762     
 -0.976000000000000       0.159149803028714     
 -0.972000000000000       0.160319280562513     
 -0.968000000000000       0.161501162808372     
 -0.964000000000000       0.162695617554283     
 -0.960000000000000       0.163902815271886     
 -0.956000000000000       0.165122929164206     
 -0.952000000000000       0.166356135214267     
 -0.948000000000000       0.167602612234596     
 -0.944000000000000       0.168862541917643     
 -0.940000000000000       0.170136108887110     
 -0.936000000000000       0.171423500750230     
 -0.932000000000000       0.172724908150990     
 -0.928000000000000       0.174040524824321     
 -0.924000000000000       0.175370547651273     
 -0.920000000000000       0.176715176715177     
 -0.916000000000000       0.178074615358831     
 -0.912000000000000       0.179449070242700     
 -0.908000000000000       0.180838751404160     
 -0.904000000000000       0.182243872317799     
 -0.900000000000000       0.183664649956785     
 -0.896000000000000       0.185101304855316     
 -0.892000000000000       0.186554061172174     
 -0.888000000000000       0.188023146755384     
 -0.884000000000000       0.189508793208005     
 -0.880000000000000       0.191011235955056     
 -0.876000000000000       0.192530714311601     
 -0.872000000000000       0.194067471551992     
 -0.868000000000000       0.195621754980300     
 -0.864000000000000       0.197193816001930     
 -0.860000000000000       0.198783910196445     
 -0.856000000000000       0.200392297391600     
 -0.852000000000000       0.202019241738601     
 -0.848000000000000       0.203665011788610     
 -0.844000000000000       0.205329880570479     
 -0.840000000000000       0.207014125669752     
 -0.836000000000000       0.208718029308922     
 -0.832000000000000       0.210441878428965     
 -0.828000000000000       0.212185964772137     
 -0.824000000000000       0.213950584966070     
 -0.820000000000000       0.215736040609137     
 -0.816000000000000       0.217542638357118     
 -0.812000000000000       0.219370690011149     
 -0.808000000000000       0.221220512606967     
 -0.804000000000000       0.223092428505438     
 -0.800000000000000       0.224986765484383     
 -0.796000000000000       0.226903856831675     
 -0.792000000000000       0.228844041439618     
 -0.788000000000000       0.230807663900595     
 -0.784000000000000       0.232795074603975     
 -0.780000000000000       0.234806629834254     
 -0.776000000000000       0.236842691870444     
 -0.772000000000000       0.238903629086657     
 -0.768000000000000       0.240989816053891     
 -0.764000000000000       0.243101633642978     
 -0.760000000000000       0.245239469128679     
 -0.756000000000000       0.247403716294882     
 -0.752000000000000       0.249594775540887     
 -0.748000000000000       0.251813053988719     
 -0.744000000000000       0.254058965591449     
 -0.740000000000000       0.256332931242461     
 -0.736000000000000       0.258635378885616     
 -0.732000000000000       0.260966743626271     
 -0.728000000000000       0.263327467843069     
 -0.724000000000000       0.265718001300455     
 -0.720000000000000       0.268138801261830     
 -0.716000000000000       0.270590332603270     
 -0.712000000000000       0.273073067927729     
 -0.708000000000000       0.275587487679618     
 -0.704000000000000       0.278134080259679     
 -0.700000000000000       0.280713342140026     
 -0.696000000000000       0.283325777979254     
 -0.692000000000000       0.285971900737471     
 -0.688000000000000       0.288652231791138     
 -0.684000000000000       0.291367301047551     
 -0.680000000000000       0.294117647058824     
 -0.676000000000000       0.296903817135193     
 -0.672000000000000       0.299726367457474     
 -0.668000000000000       0.302585863188472     
 -0.664000000000000       0.305482878583135     
 -0.660000000000000       0.308417997097242     
 -0.656000000000000       0.311391811494388     
 -0.652000000000000       0.314404923950997     
 -0.648000000000000       0.317457946159132     
 -0.644000000000000       0.320551499426779     
 -0.640000000000000       0.323686214775324     
 -0.636000000000000       0.326862733033901     
 -0.632000000000000       0.330081704930256     
 -0.628000000000000       0.333343791177762     
 -0.624000000000000       0.336649662558221     
 -0.620000000000000       0.340000000000000     
 -0.616000000000000       0.343395494651110     
 -0.612000000000000       0.346836847946726     
 -0.608000000000000       0.350324771670678     
 -0.604000000000000       0.353859988010391     
 -0.600000000000000       0.357443229604710     
 -0.596000000000000       0.361075239584041     
 -0.592000000000000       0.364756771602183     
 -0.588000000000000       0.368488589859194     
 -0.584000000000000       0.372271469114607     
 -0.580000000000000       0.376106194690265     
 -0.576000000000000       0.379993562462001     
 -0.572000000000000       0.383934378839344     
 -0.568000000000000       0.387929460732411     
 -0.564000000000000       0.391979635505054     
 -0.560000000000000       0.396085740913327     
 -0.556000000000000       0.400248625028253     
 -0.552000000000000       0.404469146141840     
 -0.548000000000000       0.408748172655228     
 -0.544000000000000       0.413086582947786     
 -0.540000000000000       0.417485265225933     
 -0.536000000000000       0.421945117350383     
 -0.532000000000000       0.426467046640443     
 -0.528000000000000       0.431051969653941     
 -0.524000000000000       0.435700811941278     
 -0.520000000000000       0.440414507772021     
 -0.516000000000000       0.445193999832398     
 -0.512000000000000       0.450040238891948     
 -0.508000000000000       0.454954183437527     
 -0.504000000000000       0.459936799272759     
 -0.500000000000000       0.464989059080963     
 -0.496000000000000       0.470111941949471     
 -0.492000000000000       0.475306432853181     
 -0.488000000000000       0.480573522095074     
 -0.484000000000000       0.485914204701363     
 -0.480000000000000       0.491329479768786     
 -0.476000000000000       0.496820349761526     
 -0.472000000000000       0.502387819755071     
 -0.468000000000000       0.508032896624271     
 -0.464000000000000       0.513756588172719     
 -0.460000000000000       0.519559902200489     
 -0.456000000000000       0.525443845507146     
 -0.452000000000000       0.531409422826848     
 -0.448000000000000       0.537457635692245     
 -0.444000000000000       0.543589481223780     
 -0.440000000000000       0.549805950840880     
 -0.436000000000000       0.556108028891448     
 -0.432000000000000       0.562496691195934     
 -0.428000000000000       0.568972903502195     
 -0.424000000000000       0.575537619847245     
 -0.420000000000000       0.582191780821918     
 -0.416000000000000       0.588936311734383     
 -0.412000000000000       0.595772120668386     
 -0.408000000000000       0.602700096432015     
 -0.404000000000000       0.609721106392746     
 -0.400000000000000       0.616835994194485     
 -0.396000000000000       0.624045577352285     
 -0.392000000000000       0.631350644720423     
 -0.388000000000000       0.638751953829506     
 -0.384000000000000       0.646250228088316     
 -0.380000000000000       0.653846153846154     
 -0.376000000000000       0.661540377311500     
 -0.372000000000000       0.669333501322918     
 -0.368000000000000       0.677226081968258     
 -0.364000000000000       0.685218625048368     
 -0.360000000000000       0.693311582381729     
 -0.356000000000000       0.701505347946653     
 -0.352000000000000       0.709800253857973     
 -0.348000000000000       0.718196566175476     
 -0.344000000000000       0.726694480541687     
 -0.340000000000000       0.735294117647059     
 -0.336000000000000       0.743995518521112     
 -0.332000000000000       0.752798639648576     
 -0.328000000000000       0.761703347910244     
 -0.324000000000000       0.770709415348905     
 -0.320000000000000       0.779816513761468     
 -0.316000000000000       0.789024209119263     
 -0.312000000000000       0.798331955819370     
 -0.308000000000000       0.807739090770868     
 -0.304000000000000       0.817244827320975     
 -0.300000000000000       0.826848249027237     
 -0.296000000000000       0.836548303283206     
 -0.292000000000000       0.846343794806436     
 -0.288000000000000       0.856233378999113     
 -0.284000000000000       0.866215555193217     
 -0.280000000000000       0.876288659793814     
 -0.276000000000000       0.886450859335892     
 -0.272000000000000       0.896700143472023     
 -0.268000000000000       0.907034317910193     
 -0.264000000000000       0.917450997323202     
 -0.260000000000000       0.927947598253275     
 -0.256000000000000       0.938521332037806     
 -0.252000000000000       0.949169197784527     
 -0.248000000000000       0.959887975426868     
 -0.244000000000000       0.970674218892746     
 -0.240000000000000       0.981524249422633     
 -0.236000000000000       0.992434149075285     
 -0.232000000000000        1.00339975446218     
 -0.228000000000000        1.01441665075425     
 -0.224000000000000        1.02548016600714     
 -0.220000000000000        1.03658536585366     
 -0.216000000000000        1.04772704861454     
 -0.212000000000000        1.05889974088100     
 -0.208000000000000        1.07009769362474     
 -0.204000000000000        1.08131487889273     
 -0.200000000000000        1.09254498714653     
 -0.196000000000000        1.10378142530646     
 -0.192000000000000        1.11501731556302     
 -0.188000000000000        1.12624549501802     
 -0.184000000000000        1.13745851621882     
 -0.180000000000000        1.14864864864865     
 -0.176000000000000        1.15980788123567     
 -0.172000000000000        1.17092792594225     
 -0.168000000000000        1.18200022249416     
 -0.164000000000000        1.19301594430721     
 -0.160000000000000        1.20396600566572     
 -0.156000000000000        1.21484107020352     
 -0.152000000000000        1.22563156073365     
 -0.148000000000000        1.23632767046777     
 -0.144000000000000        1.24691937566013     
 -0.140000000000000        1.25739644970414     
 -0.136000000000000        1.26774847870183     
 -0.132000000000000        1.27796487851816     
 -0.128000000000000        1.28803491332283     
 -0.124000000000000        1.29794771561202     
 -0.120000000000000        1.30769230769231     
 -0.116000000000000        1.31725762459707     
 -0.112000000000000        1.32663253839431     
 -0.108000000000000        1.33580588383203     
 -0.104000000000000        1.34476648525503     
 -0.100000000000000        1.35350318471338     
 -9.599999999999997E-002   1.36200487117036     
 -9.199999999999997E-002   1.37026051070415     
 -8.799999999999997E-002   1.37825917758464     
 -8.399999999999996E-002   1.38599008609444     
 -7.999999999999996E-002   1.39344262295082     
 -7.599999999999996E-002   1.40060638017400     
 -7.199999999999995E-002   1.40747118823685     
 -6.799999999999995E-002   1.41402714932127     
 -6.399999999999995E-002   1.42026467049860     
 -6.000000000000005E-002   1.42617449664430     
 -5.600000000000005E-002   1.43174774289179     
 -5.200000000000005E-002   1.43697592642683     
 -4.800000000000004E-002   1.44185099742163     
 -4.400000000000004E-002   1.44636536890825     
 -4.000000000000004E-002   1.45051194539249     
 -3.600000000000003E-002   1.45428415001369     
 -3.200000000000003E-002   1.45767595006174     
 -2.800000000000002E-002   1.46068188067088     
 -2.400000000000002E-002   1.46329706651976     
 -2.000000000000002E-002   1.46551724137931     
 -1.600000000000001E-002   1.46733876536390     
 -1.200000000000001E-002   1.46875863975670     
 -8.000000000000007E-003   1.46977451929727     
 -4.000000000000004E-003   1.47038472183781     
  0.000000000000000E+000   1.47058823529412     
  4.000000000000004E-003   1.47038472183781     
  8.000000000000007E-003   1.46977451929727     
  1.200000000000001E-002   1.46875863975670     
  1.600000000000001E-002   1.46733876536390     
  2.000000000000002E-002   1.46551724137931     
  2.400000000000002E-002   1.46329706651976     
  2.800000000000002E-002   1.46068188067088     
  3.200000000000003E-002   1.45767595006174     
  3.600000000000003E-002   1.45428415001369     
  4.000000000000004E-002   1.45051194539249     
  4.400000000000004E-002   1.44636536890825     
  4.800000000000004E-002   1.44185099742163     
  5.200000000000005E-002   1.43697592642683     
  5.600000000000005E-002   1.43174774289179     
  6.000000000000005E-002   1.42617449664430     
  6.400000000000006E-002   1.42026467049860     
  6.800000000000006E-002   1.41402714932127     
  7.200000000000006E-002   1.40747118823685     
  7.600000000000007E-002   1.40060638017400     
  8.000000000000007E-002   1.39344262295082     
  8.400000000000007E-002   1.38599008609444     
  8.800000000000008E-002   1.37825917758464     
  9.200000000000008E-002   1.37026051070415     
  9.600000000000009E-002   1.36200487117036     
  0.100000000000000        1.35350318471338     
  0.104000000000000        1.34476648525503     
  0.108000000000000        1.33580588383203     
  0.112000000000000        1.32663253839431     
  0.116000000000000        1.31725762459707     
  0.120000000000000        1.30769230769231     
  0.124000000000000        1.29794771561202     
  0.128000000000000        1.28803491332283     
  0.132000000000000        1.27796487851816     
  0.136000000000000        1.26774847870183     
  0.140000000000000        1.25739644970414     
  0.144000000000000        1.24691937566013     
  0.148000000000000        1.23632767046777     
  0.152000000000000        1.22563156073365     
  0.156000000000000        1.21484107020352     
  0.160000000000000        1.20396600566572     
  0.164000000000000        1.19301594430721     
  0.168000000000000        1.18200022249416     
  0.172000000000000        1.17092792594225     
  0.176000000000000        1.15980788123567     
  0.180000000000000        1.14864864864865     
  0.184000000000000        1.13745851621882     
  0.188000000000000        1.12624549501802     
  0.192000000000000        1.11501731556302     
  0.196000000000000        1.10378142530646     
  0.200000000000000        1.09254498714653     
  0.204000000000000        1.08131487889273     
  0.208000000000000        1.07009769362474     
  0.212000000000000        1.05889974088100     
  0.216000000000000        1.04772704861454     
  0.220000000000000        1.03658536585366     
  0.224000000000000        1.02548016600714     
  0.228000000000000        1.01441665075425     
  0.232000000000000        1.00339975446218     
  0.236000000000000       0.992434149075285     
  0.240000000000000       0.981524249422633     
  0.244000000000000       0.970674218892746     
  0.248000000000000       0.959887975426868     
  0.252000000000000       0.949169197784528     
  0.256000000000000       0.938521332037806     
  0.260000000000000       0.927947598253275     
  0.264000000000000       0.917450997323202     
  0.268000000000000       0.907034317910193     
  0.272000000000000       0.896700143472023     
  0.276000000000000       0.886450859335892     
  0.280000000000000       0.876288659793815     
  0.284000000000000       0.866215555193217     
  0.288000000000000       0.856233378999114     
  0.292000000000000       0.846343794806436     
  0.296000000000000       0.836548303283206     
  0.300000000000000       0.826848249027237     
  0.304000000000000       0.817244827320975     
  0.308000000000000       0.807739090770868     
  0.312000000000000       0.798331955819370     
  0.316000000000000       0.789024209119263     
  0.320000000000000       0.779816513761468     
  0.324000000000000       0.770709415348905     
  0.328000000000000       0.761703347910244     
  0.332000000000000       0.752798639648576     
  0.336000000000000       0.743995518521112     
  0.340000000000000       0.735294117647059     
  0.344000000000000       0.726694480541687     
  0.348000000000000       0.718196566175476     
  0.352000000000000       0.709800253857973     
  0.356000000000000       0.701505347946653     
  0.360000000000000       0.693311582381729     
  0.364000000000000       0.685218625048368     
  0.368000000000000       0.677226081968258     
  0.372000000000000       0.669333501322918     
  0.376000000000000       0.661540377311500     
  0.380000000000000       0.653846153846154     
  0.384000000000000       0.646250228088316     
  0.388000000000000       0.638751953829506     
  0.392000000000000       0.631350644720423     
  0.396000000000000       0.624045577352285     
  0.400000000000000       0.616835994194485     
  0.404000000000000       0.609721106392747     
  0.408000000000000       0.602700096432016     
  0.412000000000000       0.595772120668386     
  0.416000000000000       0.588936311734383     
  0.420000000000000       0.582191780821918     
  0.424000000000000       0.575537619847246     
  0.428000000000000       0.568972903502196     
  0.432000000000000       0.562496691195934     
  0.436000000000000       0.556108028891448     
  0.440000000000000       0.549805950840880     
  0.444000000000000       0.543589481223780     
  0.448000000000000       0.537457635692246     
  0.452000000000000       0.531409422826848     
  0.456000000000000       0.525443845507146     
  0.460000000000000       0.519559902200489     
  0.464000000000000       0.513756588172719     
  0.468000000000000       0.508032896624271     
  0.472000000000000       0.502387819755071     
  0.476000000000000       0.496820349761526     
  0.480000000000000       0.491329479768786     
  0.484000000000000       0.485914204701363     
  0.488000000000000       0.480573522095074     
  0.492000000000000       0.475306432853181     
  0.496000000000000       0.470111941949471     
  0.500000000000000       0.464989059080963     
  0.504000000000000       0.459936799272759     
  0.508000000000000       0.454954183437527     
  0.512000000000000       0.450040238891948     
  0.516000000000000       0.445193999832397     
  0.520000000000000       0.440414507772021     
  0.524000000000000       0.435700811941278     
  0.528000000000000       0.431051969653941     
  0.532000000000000       0.426467046640443     
  0.536000000000000       0.421945117350383     
  0.540000000000000       0.417485265225933     
  0.544000000000000       0.413086582947786     
  0.548000000000000       0.408748172655228     
  0.552000000000000       0.404469146141840     
  0.556000000000000       0.400248625028253     
  0.560000000000000       0.396085740913327     
  0.564000000000000       0.391979635505054     
  0.568000000000000       0.387929460732411     
  0.572000000000000       0.383934378839344     
  0.576000000000000       0.379993562462001     
  0.580000000000000       0.376106194690265     
  0.584000000000000       0.372271469114607     
  0.588000000000000       0.368488589859194     
  0.592000000000000       0.364756771602183     
  0.596000000000000       0.361075239584041     
  0.600000000000000       0.357443229604710     
  0.604000000000000       0.353859988010391     
  0.608000000000000       0.350324771670678     
  0.612000000000000       0.346836847946726     
  0.616000000000000       0.343395494651110     
  0.620000000000000       0.340000000000000     
  0.624000000000000       0.336649662558220     
  0.628000000000000       0.333343791177763     
  0.632000000000000       0.330081704930256     
  0.636000000000000       0.326862733033902     
  0.640000000000000       0.323686214775324     
  0.644000000000000       0.320551499426779     
  0.648000000000000       0.317457946159132     
  0.652000000000000       0.314404923950997     
  0.656000000000000       0.311391811494388     
  0.660000000000000       0.308417997097242     
  0.664000000000000       0.305482878583135     
  0.668000000000000       0.302585863188472     
  0.672000000000000       0.299726367457474     
  0.676000000000000       0.296903817135193     
  0.680000000000000       0.294117647058824     
  0.684000000000000       0.291367301047551     
  0.688000000000000       0.288652231791138     
  0.692000000000000       0.285971900737471     
  0.696000000000000       0.283325777979254     
  0.700000000000000       0.280713342140026     
  0.704000000000000       0.278134080259679     
  0.708000000000000       0.275587487679618     
  0.712000000000000       0.273073067927729     
  0.716000000000000       0.270590332603270     
  0.720000000000000       0.268138801261830     
  0.724000000000000       0.265718001300455     
  0.728000000000000       0.263327467843069     
  0.732000000000000       0.260966743626271     
  0.736000000000000       0.258635378885616     
  0.740000000000000       0.256332931242461     
  0.744000000000000       0.254058965591449     
  0.748000000000000       0.251813053988719     
  0.752000000000000       0.249594775540887     
  0.756000000000000       0.247403716294882     
  0.760000000000000       0.245239469128679     
  0.764000000000000       0.243101633642978     
  0.768000000000000       0.240989816053891     
  0.772000000000000       0.238903629086657     
  0.776000000000000       0.236842691870444     
  0.780000000000000       0.234806629834254     
  0.784000000000000       0.232795074603974     
  0.788000000000000       0.230807663900595     
  0.792000000000000       0.228844041439617     
  0.796000000000000       0.226903856831675     
  0.800000000000000       0.224986765484383     
  0.804000000000000       0.223092428505438     
  0.808000000000000       0.221220512606967     
  0.812000000000000       0.219370690011149     
  0.816000000000000       0.217542638357118     
  0.820000000000000       0.215736040609137     
  0.824000000000000       0.213950584966070     
  0.828000000000000       0.212185964772137     
  0.832000000000000       0.210441878428965     
  0.836000000000000       0.208718029308922     
  0.840000000000000       0.207014125669752     
  0.844000000000000       0.205329880570479     
  0.848000000000000       0.203665011788610     
  0.852000000000000       0.202019241738601     
  0.856000000000000       0.200392297391599     
  0.860000000000000       0.198783910196445     
  0.864000000000000       0.197193816001930     
  0.868000000000000       0.195621754980300     
  0.872000000000000       0.194067471551992     
  0.876000000000000       0.192530714311601     
  0.880000000000000       0.191011235955056     
  0.884000000000000       0.189508793208005     
  0.888000000000000       0.188023146755384     
  0.892000000000000       0.186554061172174     
  0.896000000000000       0.185101304855316     
  0.900000000000000       0.183664649956785     
  0.904000000000000       0.182243872317799     
  0.908000000000000       0.180838751404160     
  0.912000000000000       0.179449070242700     
  0.916000000000000       0.178074615358831     
  0.920000000000000       0.176715176715177     
  0.924000000000000       0.175370547651273     
  0.928000000000000       0.174040524824321     
  0.932000000000000       0.172724908150990     
  0.936000000000000       0.171423500750230     
  0.940000000000000       0.170136108887110     
  0.944000000000000       0.168862541917643     
  0.948000000000000       0.167602612234596     
  0.952000000000000       0.166356135214267     
  0.956000000000000       0.165122929164206     
  0.960000000000000       0.163902815271886     
  0.964000000000000       0.162695617554283     
  0.968000000000000       0.161501162808372     
  0.972000000000000       0.160319280562513     
  0.976000000000000       0.159149803028714     
  0.980000000000000       0.157992565055762     
  0.984000000000000       0.156847404083199     
  0.988000000000000       0.155714160096140     
  0.992000000000000       0.154592675580905     
  0.996000000000000       0.153482795481466     
