  -1.00000000000000       0.154152052009562     
 -0.996000000000000       0.155259796893184     
 -0.992000000000000       0.156379041038393     
 -0.988000000000000       0.157509936822536     
 -0.984000000000000       0.158652639014202     
 -0.980000000000000       0.159807304815064     
 -0.976000000000000       0.160974093902488     
 -0.972000000000000       0.162153168472912     
 -0.968000000000000       0.163344693286012     
 -0.964000000000000       0.164548835709673     
 -0.960000000000000       0.165765765765766     
 -0.956000000000000       0.166995656176758     
 -0.952000000000000       0.168238682413157     
 -0.948000000000000       0.169495022741810     
 -0.944000000000000       0.170764858275067     
 -0.940000000000000       0.172048373020820     
 -0.936000000000000       0.173345753933441     
 -0.932000000000000       0.174657190965616     
 -0.928000000000000       0.175982877121104     
 -0.924000000000000       0.177323008508421     
 -0.920000000000000       0.178677784395474     
 -0.916000000000000       0.180047407265148     
 -0.912000000000000       0.181432082871865     
 -0.908000000000000       0.182832020299124     
 -0.904000000000000       0.184247432018038     
 -0.900000000000000       0.185678533946880     
 -0.896000000000000       0.187125545511645     
 -0.892000000000000       0.188588689707649     
 -0.888000000000000       0.190068193162173     
 -0.884000000000000       0.191564286198154     
 -0.880000000000000       0.193077202898956     
 -0.876000000000000       0.194607181174209     
 -0.872000000000000       0.196154462826739     
 -0.868000000000000       0.197719293620601     
 -0.864000000000000       0.199301923350213     
 -0.860000000000000       0.200902605910613     
 -0.856000000000000       0.202521599368837     
 -0.852000000000000       0.204159166036436     
 -0.848000000000000       0.205815572543129     
 -0.844000000000000       0.207491089911603     
 -0.840000000000000       0.209185993633470     
 -0.836000000000000       0.210900563746377     
 -0.832000000000000       0.212635084912277     
 -0.828000000000000       0.214389846496870     
 -0.824000000000000       0.216165142650197     
 -0.820000000000000       0.217961272388413     
 -0.816000000000000       0.219778539676715     
 -0.812000000000000       0.221617253513436     
 -0.808000000000000       0.223477728015298     
 -0.804000000000000       0.225360282503812     
 -0.800000000000000       0.227265241592833     
 -0.796000000000000       0.229192935277244     
 -0.792000000000000       0.231143699022765     
 -0.788000000000000       0.233117873856878     
 -0.784000000000000       0.235115806460846     
 -0.780000000000000       0.237137849262811     
 -0.776000000000000       0.239184360531946     
 -0.772000000000000       0.241255704473650     
 -0.768000000000000       0.243352251325741     
 -0.764000000000000       0.245474377455633     
 -0.760000000000000       0.247622465458460     
 -0.756000000000000       0.249796904256105     
 -0.752000000000000       0.251998089197098     
 -0.748000000000000       0.254226422157343     
 -0.744000000000000       0.256482311641621     
 -0.740000000000000       0.258766172885805     
 -0.736000000000000       0.261078427959759     
 -0.732000000000000       0.263419505870819     
 -0.728000000000000       0.265789842667821     
 -0.724000000000000       0.268189881545582     
 -0.720000000000000       0.270620072949759     
 -0.716000000000000       0.273080874681999     
 -0.712000000000000       0.275572752005291     
 -0.708000000000000       0.278096177749404     
 -0.704000000000000       0.280651632416321     
 -0.700000000000000       0.283239604285538     
 -0.696000000000000       0.285860589519108     
 -0.692000000000000       0.288515092266290     
 -0.688000000000000       0.291203624767670     
 -0.684000000000000       0.293926707458582     
 -0.680000000000000       0.296684869071677     
 -0.676000000000000       0.299478646738461     
 -0.672000000000000       0.302308586089599     
 -0.668000000000000       0.305175241353811     
 -0.664000000000000       0.308079175455109     
 -0.660000000000000       0.311020960108181     
 -0.656000000000000       0.314001175911650     
 -0.652000000000000       0.317020412438962     
 -0.648000000000000       0.320079268326626     
 -0.644000000000000       0.323178351359504     
 -0.640000000000000       0.326318278552849     
 -0.636000000000000       0.329499676230753     
 -0.632000000000000       0.332723180100646     
 -0.628000000000000       0.335989435323495     
 -0.624000000000000       0.339299096579275     
 -0.620000000000000       0.342652828127328     
 -0.616000000000000       0.346051303861130     
 -0.612000000000000       0.349495207357026     
 -0.608000000000000       0.352985231916413     
 -0.604000000000000       0.356522080600859     
 -0.600000000000000       0.360106466259590     
 -0.596000000000000       0.363739111548770     
 -0.592000000000000       0.367420748941935     
 -0.588000000000000       0.371152120730944     
 -0.584000000000000       0.374933979016738     
 -0.580000000000000       0.378767085689191     
 -0.576000000000000       0.382652212395270     
 -0.572000000000000       0.386590140494701     
 -0.568000000000000       0.390581661002289     
 -0.564000000000000       0.394627574515981     
 -0.560000000000000       0.398728691129731     
 -0.556000000000000       0.402885830330179     
 -0.552000000000000       0.407099820876079     
 -0.548000000000000       0.411371500659387     
 -0.544000000000000       0.415701716546856     
 -0.540000000000000       0.420091324200913     
 -0.536000000000000       0.424541187878549     
 -0.532000000000000       0.429052180206890     
 -0.528000000000000       0.433625181934044     
 -0.524000000000000       0.438261081653756     
 -0.520000000000000       0.442960775502343     
 -0.516000000000000       0.447725166826290     
 -0.512000000000000       0.452555165818836     
 -0.508000000000000       0.457451689123788     
 -0.504000000000000       0.462415659404730     
 -0.500000000000000       0.467448004877718     
 -0.496000000000000       0.472549658805449     
 -0.492000000000000       0.477721558950840     
 -0.488000000000000       0.482964646987840     
 -0.484000000000000       0.488279867867222     
 -0.480000000000000       0.493668169135008     
 -0.476000000000000       0.499130500201099     
 -0.472000000000000       0.504667811555576     
 -0.468000000000000       0.510281053930052     
 -0.464000000000000       0.515971177401360     
 -0.460000000000000       0.521739130434783     
 -0.456000000000000       0.527585858863901     
 -0.452000000000000       0.533512304804085     
 -0.448000000000000       0.539519405496530     
 -0.444000000000000       0.545608092079668     
 -0.440000000000000       0.551779288284686     
 -0.436000000000000       0.558033909051795     
 -0.432000000000000       0.564372859063828     
 -0.428000000000000       0.570797031193644     
 -0.424000000000000       0.577307304861764     
 -0.420000000000000       0.583904544300584     
 -0.416000000000000       0.590589596721457     
 -0.412000000000000       0.597363290380893     
 -0.408000000000000       0.604226432542059     
 -0.404000000000000       0.611179807327780     
 -0.400000000000000       0.618224173461159     
 -0.396000000000000       0.625360261890002     
 -0.392000000000000       0.632588773291185     
 -0.388000000000000       0.639910375451183     
 -0.384000000000000       0.647325700518986     
 -0.380000000000000       0.654835342127740     
 -0.376000000000000       0.662439852381519     
 -0.372000000000000       0.670139738703775     
 -0.368000000000000       0.677935460544156     
 -0.364000000000000       0.685827425940577     
 -0.360000000000000       0.693815987933635     
 -0.356000000000000       0.701901440830726     
 -0.352000000000000       0.710084016317525     
 -0.348000000000000       0.718363879414814     
 -0.344000000000000       0.726741124279052     
 -0.340000000000000       0.735215769845498     
 -0.336000000000000       0.743787755313232     
 -0.332000000000000       0.752456935471910     
 -0.328000000000000       0.761223075870773     
 -0.324000000000000       0.770085847831036     
 -0.320000000000000       0.779044823303602     
 -0.316000000000000       0.788099469574792     
 -0.312000000000000       0.797249143823745     
 -0.308000000000000       0.806493087536058     
 -0.304000000000000       0.815830420779319     
 -0.300000000000000       0.825260136347327     
 -0.296000000000000       0.834781093781002     
 -0.292000000000000       0.844392013275311     
 -0.288000000000000       0.854091469482940     
 -0.284000000000000       0.863877885226937     
 -0.280000000000000       0.873749525136127     
 -0.276000000000000       0.883704489218805     
 -0.272000000000000       0.893740706391930     
 -0.268000000000000       0.903855927984951     
 -0.264000000000000       0.914047721239290     
 -0.260000000000000       0.924313462826524     
 -0.256000000000000       0.934650332410422     
 -0.252000000000000       0.945055306280098     
 -0.248000000000000       0.955525151083759     
 -0.244000000000000       0.966056417694793     
 -0.240000000000000       0.976645435244161     
 -0.236000000000000       0.987288305355395     
 -0.232000000000000       0.997980896620750     
 -0.228000000000000        1.00871883935933     
 -0.224000000000000        1.01949752070023     
 -0.220000000000000        1.03031208003584     
 -0.216000000000000        1.04115740489253     
 -0.212000000000000        1.05202812726796     
 -0.208000000000000        1.06291862048568     
 -0.204000000000000        1.07382299661979     
 -0.200000000000000        1.08473510454331     
 -0.196000000000000        1.09564852865518     
 -0.192000000000000        1.10655658834170     
 -0.188000000000000        1.11745233822853     
 -0.184000000000000        1.12832856927937     
 -0.180000000000000        1.13917781079742     
 -0.176000000000000        1.14999233338444     
 -0.172000000000000        1.16076415291133     
 -0.168000000000000        1.17148503555202     
 -0.164000000000000        1.18214650393021     
 -0.160000000000000        1.19273984442524     
 -0.156000000000000        1.20325611568000     
 -0.152000000000000        1.21368615834911     
 -0.148000000000000        1.22402060612081     
 -0.144000000000000        1.23424989804023     
 -0.140000000000000        1.24436429215509     
 -0.136000000000000        1.25435388049825     
 -0.132000000000000        1.26420860541301     
 -0.128000000000000        1.27391827721939     
 -0.124000000000000        1.28347259320987     
 -0.120000000000000        1.29286115795391     
 -0.116000000000000        1.30207350487994     
 -0.112000000000000        1.31109911909340     
 -0.108000000000000        1.31992746137777     
 -0.104000000000000        1.32854799331490     
 -0.100000000000000        1.33695020344894     
 -9.599999999999997E-002   1.34512363440709     
 -9.199999999999997E-002   1.35305791087859     
 -8.799999999999997E-002   1.36074276834242     
 -8.399999999999996E-002   1.36816808242320     
 -7.999999999999996E-002   1.37532389874427     
 -7.599999999999996E-002   1.38220046313731     
 -7.199999999999995E-002   1.38878825205903     
 -6.799999999999995E-002   1.39507800305704     
 -6.399999999999995E-002   1.40106074512065     
 -6.000000000000005E-002   1.40672782874618     
 -5.600000000000005E-002   1.41207095554228     
 -5.200000000000005E-002   1.41708220719796     
 -4.800000000000004E-002   1.42175407363450     
 -4.400000000000004E-002   1.42607948016303     
 -4.000000000000004E-002   1.43005181347150     
 -3.600000000000003E-002   1.43366494626873     
 -3.200000000000003E-002   1.43691326041866     
 -2.800000000000002E-002   1.43979166840555     
 -2.400000000000002E-002   1.44229563297966     
 -2.000000000000002E-002   1.44442118484404     
 -1.600000000000001E-002   1.44616493825504     
 -1.200000000000001E-002   1.44752410442313     
 -8.000000000000007E-003   1.44849650261569     
 -4.000000000000004E-003   1.44908056887963     
  0.000000000000000E+000   1.44927536231884     
  4.000000000000004E-003   1.44908056887963     
  8.000000000000007E-003   1.44849650261569     
  1.200000000000001E-002   1.44752410442313     
  1.600000000000001E-002   1.44616493825504     
  2.000000000000002E-002   1.44442118484404     
  2.400000000000002E-002   1.44229563297966     
  2.800000000000002E-002   1.43979166840555     
  3.200000000000003E-002   1.43691326041866     
  3.600000000000003E-002   1.43366494626873     
  4.000000000000004E-002   1.43005181347150     
  4.400000000000004E-002   1.42607948016303     
  4.800000000000004E-002   1.42175407363450     
  5.200000000000005E-002   1.41708220719796     
  5.600000000000005E-002   1.41207095554228     
  6.000000000000005E-002   1.40672782874618     
  6.400000000000006E-002   1.40106074512065     
  6.800000000000006E-002   1.39507800305704     
  7.200000000000006E-002   1.38878825205903     
  7.600000000000007E-002   1.38220046313731     
  8.000000000000007E-002   1.37532389874427     
  8.400000000000007E-002   1.36816808242320     
  8.800000000000008E-002   1.36074276834242     
  9.200000000000008E-002   1.35305791087859     
  9.600000000000009E-002   1.34512363440709     
  0.100000000000000        1.33695020344894     
  0.104000000000000        1.32854799331490     
  0.108000000000000        1.31992746137777     
  0.112000000000000        1.31109911909340     
  0.116000000000000        1.30207350487994     
  0.120000000000000        1.29286115795391     
  0.124000000000000        1.28347259320987     
  0.128000000000000        1.27391827721939     
  0.132000000000000        1.26420860541301     
  0.136000000000000        1.25435388049825     
  0.140000000000000        1.24436429215510     
  0.144000000000000        1.23424989804023     
  0.148000000000000        1.22402060612081     
  0.152000000000000        1.21368615834911     
  0.156000000000000        1.20325611568000     
  0.160000000000000        1.19273984442524     
  0.164000000000000        1.18214650393021     
  0.168000000000000        1.17148503555202     
  0.172000000000000        1.16076415291133     
  0.176000000000000        1.14999233338444     
  0.180000000000000        1.13917781079742     
  0.184000000000000        1.12832856927937     
  0.188000000000000        1.11745233822853     
  0.192000000000000        1.10655658834170     
  0.196000000000000        1.09564852865518     
  0.200000000000000        1.08473510454331     
  0.204000000000000        1.07382299661979     
  0.208000000000000        1.06291862048568     
  0.212000000000000        1.05202812726796     
  0.216000000000000        1.04115740489253     
  0.220000000000000        1.03031208003584     
  0.224000000000000        1.01949752070023     
  0.228000000000000        1.00871883935933     
  0.232000000000000       0.997980896620750     
  0.236000000000000       0.987288305355395     
  0.240000000000000       0.976645435244161     
  0.244000000000000       0.966056417694793     
  0.248000000000000       0.955525151083759     
  0.252000000000000       0.945055306280098     
  0.256000000000000       0.934650332410423     
  0.260000000000000       0.924313462826524     
  0.264000000000000       0.914047721239290     
  0.268000000000000       0.903855927984952     
  0.272000000000000       0.893740706391930     
  0.276000000000000       0.883704489218805     
  0.280000000000000       0.873749525136128     
  0.284000000000000       0.863877885226937     
  0.288000000000000       0.854091469482940     
  0.292000000000000       0.844392013275311     
  0.296000000000000       0.834781093781002     
  0.300000000000000       0.825260136347327     
  0.304000000000000       0.815830420779319     
  0.308000000000000       0.806493087536058     
  0.312000000000000       0.797249143823746     
  0.316000000000000       0.788099469574792     
  0.320000000000000       0.779044823303602     
  0.324000000000000       0.770085847831036     
  0.328000000000000       0.761223075870773     
  0.332000000000000       0.752456935471910     
  0.336000000000000       0.743787755313232     
  0.340000000000000       0.735215769845498     
  0.344000000000000       0.726741124279052     
  0.348000000000000       0.718363879414814     
  0.352000000000000       0.710084016317525     
  0.356000000000000       0.701901440830726     
  0.360000000000000       0.693815987933635     
  0.364000000000000       0.685827425940577     
  0.368000000000000       0.677935460544156     
  0.372000000000000       0.670139738703775     
  0.376000000000000       0.662439852381520     
  0.380000000000000       0.654835342127741     
  0.384000000000000       0.647325700518987     
  0.388000000000000       0.639910375451183     
  0.392000000000000       0.632588773291185     
  0.396000000000000       0.625360261890002     
  0.400000000000000       0.618224173461160     
  0.404000000000000       0.611179807327780     
  0.408000000000000       0.604226432542060     
  0.412000000000000       0.597363290380893     
  0.416000000000000       0.590589596721458     
  0.420000000000000       0.583904544300584     
  0.424000000000000       0.577307304861764     
  0.428000000000000       0.570797031193644     
  0.432000000000000       0.564372859063828     
  0.436000000000000       0.558033909051795     
  0.440000000000000       0.551779288284686     
  0.444000000000000       0.545608092079668     
  0.448000000000000       0.539519405496530     
  0.452000000000000       0.533512304804085     
  0.456000000000000       0.527585858863901     
  0.460000000000000       0.521739130434783     
  0.464000000000000       0.515971177401360     
  0.468000000000000       0.510281053930052     
  0.472000000000000       0.504667811555576     
  0.476000000000000       0.499130500201099     
  0.480000000000000       0.493668169135008     
  0.484000000000000       0.488279867867222     
  0.488000000000000       0.482964646987841     
  0.492000000000000       0.477721558950840     
  0.496000000000000       0.472549658805449     
  0.500000000000000       0.467448004877718     
  0.504000000000000       0.462415659404730     
  0.508000000000000       0.457451689123788     
  0.512000000000000       0.452555165818836     
  0.516000000000000       0.447725166826290     
  0.520000000000000       0.442960775502343     
  0.524000000000000       0.438261081653756     
  0.528000000000000       0.433625181934044     
  0.532000000000000       0.429052180206890     
  0.536000000000000       0.424541187878549     
  0.540000000000000       0.420091324200913     
  0.544000000000000       0.415701716546856     
  0.548000000000000       0.411371500659387     
  0.552000000000000       0.407099820876079     
  0.556000000000000       0.402885830330179     
  0.560000000000000       0.398728691129731     
  0.564000000000000       0.394627574515981     
  0.568000000000000       0.390581661002289     
  0.572000000000000       0.386590140494701     
  0.576000000000000       0.382652212395270     
  0.580000000000000       0.378767085689191     
  0.584000000000000       0.374933979016738     
  0.588000000000000       0.371152120730944     
  0.592000000000000       0.367420748941935     
  0.596000000000000       0.363739111548769     
  0.600000000000000       0.360106466259590     
  0.604000000000000       0.356522080600858     
  0.608000000000000       0.352985231916413     
  0.612000000000000       0.349495207357026     
  0.616000000000000       0.346051303861130     
  0.620000000000000       0.342652828127328     
  0.624000000000000       0.339299096579275     
  0.628000000000000       0.335989435323495     
  0.632000000000000       0.332723180100646     
  0.636000000000000       0.329499676230753     
  0.640000000000000       0.326318278552849     
  0.644000000000000       0.323178351359504     
  0.648000000000000       0.320079268326626     
  0.652000000000000       0.317020412438962     
  0.656000000000000       0.314001175911650     
  0.660000000000000       0.311020960108181     
  0.664000000000000       0.308079175455109     
  0.668000000000000       0.305175241353811     
  0.672000000000000       0.302308586089599     
  0.676000000000000       0.299478646738461     
  0.680000000000000       0.296684869071677     
  0.684000000000000       0.293926707458582     
  0.688000000000000       0.291203624767670     
  0.692000000000000       0.288515092266290     
  0.696000000000000       0.285860589519108     
  0.700000000000000       0.283239604285538     
  0.704000000000000       0.280651632416321     
  0.708000000000000       0.278096177749404     
  0.712000000000000       0.275572752005291     
  0.716000000000000       0.273080874681999     
  0.720000000000000       0.270620072949759     
  0.724000000000000       0.268189881545582     
  0.728000000000000       0.265789842667821     
  0.732000000000000       0.263419505870819     
  0.736000000000000       0.261078427959759     
  0.740000000000000       0.258766172885805     
  0.744000000000000       0.256482311641621     
  0.748000000000000       0.254226422157343     
  0.752000000000000       0.251998089197098     
  0.756000000000000       0.249796904256105     
  0.760000000000000       0.247622465458460     
  0.764000000000000       0.245474377455633     
  0.768000000000000       0.243352251325741     
  0.772000000000000       0.241255704473650     
  0.776000000000000       0.239184360531946     
  0.780000000000000       0.237137849262811     
  0.784000000000000       0.235115806460846     
  0.788000000000000       0.233117873856878     
  0.792000000000000       0.231143699022765     
  0.796000000000000       0.229192935277244     
  0.800000000000000       0.227265241592833     
  0.804000000000000       0.225360282503811     
  0.808000000000000       0.223477728015297     
  0.812000000000000       0.221617253513436     
  0.816000000000000       0.219778539676715     
  0.820000000000000       0.217961272388413     
  0.824000000000000       0.216165142650197     
  0.828000000000000       0.214389846496870     
  0.832000000000000       0.212635084912277     
  0.836000000000000       0.210900563746376     
  0.840000000000000       0.209185993633470     
  0.844000000000000       0.207491089911603     
  0.848000000000000       0.205815572543129     
  0.852000000000000       0.204159166036436     
  0.856000000000000       0.202521599368837     
  0.860000000000000       0.200902605910613     
  0.864000000000000       0.199301923350213     
  0.868000000000000       0.197719293620601     
  0.872000000000000       0.196154462826739     
  0.876000000000000       0.194607181174209     
  0.880000000000000       0.193077202898956     
  0.884000000000000       0.191564286198154     
  0.888000000000000       0.190068193162173     
  0.892000000000000       0.188588689707649     
  0.896000000000000       0.187125545511645     
  0.900000000000000       0.185678533946880     
  0.904000000000000       0.184247432018038     
  0.908000000000000       0.182832020299124     
  0.912000000000000       0.181432082871865     
  0.916000000000000       0.180047407265148     
  0.920000000000000       0.178677784395473     
  0.924000000000000       0.177323008508421     
  0.928000000000000       0.175982877121104     
  0.932000000000000       0.174657190965616     
  0.936000000000000       0.173345753933441     
  0.940000000000000       0.172048373020820     
  0.944000000000000       0.170764858275067     
  0.948000000000000       0.169495022741810     
  0.952000000000000       0.168238682413157     
  0.956000000000000       0.166995656176758     
  0.960000000000000       0.165765765765766     
  0.964000000000000       0.164548835709673     
  0.968000000000000       0.163344693286012     
  0.972000000000000       0.162153168472912     
  0.976000000000000       0.160974093902488     
  0.980000000000000       0.159807304815064     
  0.984000000000000       0.158652639014201     
  0.988000000000000       0.157509936822536     
  0.992000000000000       0.156379041038393     
  0.996000000000000       0.155259796893184     
