  -1.00000000000000       1.747858872880722E-002
 -0.996000000000000       1.761908741181647E-002
 -0.992000000000000       1.776128628250189E-002
 -0.988000000000000       1.790521287251796E-002
 -0.984000000000000       1.805089527283155E-002
 -0.980000000000000       1.819836214740674E-002
 -0.976000000000000       1.834764274728167E-002
 -0.972000000000000       1.849876692505040E-002
 -0.968000000000000       1.865176514976302E-002
 -0.964000000000000       1.880666852225797E-002
 -0.960000000000000       1.896350879094087E-002
 -0.956000000000000       1.912231836802487E-002
 -0.952000000000000       1.928313034624789E-002
 -0.948000000000000       1.944597851608294E-002
 -0.944000000000000       1.961089738345805E-002
 -0.940000000000000       1.977792218800329E-002
 -0.936000000000000       1.994708892184275E-002
 -0.932000000000000       2.011843434895023E-002
 -0.928000000000000       2.029199602508787E-002
 -0.924000000000000       2.046781231834817E-002
 -0.920000000000000       2.064592243032002E-002
 -0.916000000000000       2.082636641790068E-002
 -0.912000000000000       2.100918521577634E-002
 -0.908000000000000       2.119442065959460E-002
 -0.904000000000000       2.138211550985349E-002
 -0.900000000000000       2.157231347653241E-002
 -0.896000000000000       2.176505924449127E-002
 -0.892000000000000       2.196039849966558E-002
 -0.888000000000000       2.215837795608590E-002
 -0.884000000000000       2.235904538375150E-002
 -0.880000000000000       2.256244963738921E-002
 -0.876000000000000       2.276864068612974E-002
 -0.872000000000000       2.297766964413499E-002
 -0.868000000000000       2.318958880221136E-002
 -0.864000000000000       2.340445166044555E-002
 -0.860000000000000       2.362231296190059E-002
 -0.856000000000000       2.384322872741195E-002
 -0.852000000000000       2.406725629152462E-002
 -0.848000000000000       2.429445433961427E-002
 -0.844000000000000       2.452488294623726E-002
 -0.840000000000000       2.475860361475614E-002
 -0.836000000000000       2.499567931828928E-002
 -0.832000000000000       2.523617454203555E-002
 -0.828000000000000       2.548015532702688E-002
 -0.824000000000000       2.572768931536414E-002
 -0.820000000000000       2.597884579699388E-002
 -0.816000000000000       2.623369575808635E-002
 -0.812000000000000       2.649231193107760E-002
 -0.808000000000000       2.675476884644139E-002
 -0.804000000000000       2.702114288625952E-002
 -0.800000000000000       2.729151233966237E-002
 -0.796000000000000       2.756595746021445E-002
 -0.792000000000000       2.784456052532344E-002
 -0.788000000000000       2.812740589775447E-002
 -0.784000000000000       2.841458008933544E-002
 -0.780000000000000       2.870617182694280E-002
 -0.776000000000000       2.900227212086159E-002
 -0.772000000000000       2.930297433561786E-002
 -0.768000000000000       2.960837426338595E-002
 -0.764000000000000       2.991857020007831E-002
 -0.760000000000000       3.023366302423013E-002
 -0.756000000000000       3.055375627879692E-002
 -0.752000000000000       3.087895625598832E-002
 -0.748000000000000       3.120937208526758E-002
 -0.744000000000000       3.154511582465242E-002
 -0.740000000000000       3.188630255545939E-002
 -0.736000000000000       3.223305048064083E-002
 -0.732000000000000       3.258548102687092E-002
 -0.728000000000000       3.294371895054490E-002
 -0.724000000000000       3.330789244786363E-002
 -0.720000000000000       3.367813326918451E-002
 -0.716000000000000       3.405457683782822E-002
 -0.712000000000000       3.443736237354109E-002
 -0.708000000000000       3.482663302082235E-002
 -0.704000000000000       3.522253598233641E-002
 -0.700000000000000       3.562522265764162E-002
 -0.696000000000000       3.603484878747883E-002
 -0.692000000000000       3.645157460387554E-002
 -0.688000000000000       3.687556498633498E-002
 -0.684000000000000       3.730698962439324E-002
 -0.680000000000000       3.774602318684282E-002
 -0.676000000000000       3.819284549793651E-002
 -0.672000000000000       3.864764172090220E-002
 -0.668000000000000       3.911060254911734E-002
 -0.664000000000000       3.958192440530987E-002
 -0.660000000000000       4.006180964917302E-002
 -0.656000000000000       4.055046679380204E-002
 -0.652000000000000       4.104811073138351E-002
 -0.648000000000000       4.155496296859158E-002
 -0.644000000000000       4.207125187217071E-002
 -0.640000000000000       4.259721292521147E-002
 -0.636000000000000       4.313308899465396E-002
 -0.632000000000000       4.367913061058433E-002
 -0.628000000000000       4.423559625792133E-002
 -0.624000000000000       4.480275268112473E-002
 -0.620000000000000       4.538087520259320E-002
 -0.616000000000000       4.597024805545851E-002
 -0.612000000000000       4.657116473152390E-002
 -0.608000000000000       4.718392834513831E-002
 -0.604000000000000       4.780885201384546E-002
 -0.600000000000000       4.844625925669598E-002
 -0.596000000000000       4.909648441116483E-002
 -0.592000000000000       4.975987306967235E-002
 -0.588000000000000       5.043678253676841E-002
 -0.584000000000000       5.112758230810358E-002
 -0.580000000000000       5.183265457238060E-002
 -0.576000000000000       5.255239473755334E-002
 -0.572000000000000       5.328721198261924E-002
 -0.568000000000000       5.403752983643612E-002
 -0.564000000000000       5.480378678508460E-002
 -0.560000000000000       5.558643690939411E-002
 -0.556000000000000       5.638595055435445E-002
 -0.552000000000000       5.720281503224605E-002
 -0.548000000000000       5.803753536144119E-002
 -0.544000000000000       5.889063504295652E-002
 -0.540000000000000       5.976265687697431E-002
 -0.536000000000000       6.065416382169756E-002
 -0.532000000000000       6.156573989706209E-002
 -0.528000000000000       6.249799113599921E-002
 -0.524000000000000       6.345154658612551E-002
 -0.520000000000000       6.442705936493327E-002
 -0.516000000000000       6.542520777176697E-002
 -0.512000000000000       6.644669646009971E-002
 -0.508000000000000       6.749225767386970E-002
 -0.504000000000000       6.856265255190193E-002
 -0.500000000000000       6.965867250472685E-002
 -0.496000000000000       7.078114066841663E-002
 -0.492000000000000       7.193091344039393E-002
 -0.488000000000000       7.310888210252789E-002
 -0.484000000000000       7.431597453722380E-002
 -0.480000000000000       7.555315704263356E-002
 -0.476000000000000       7.682143625357220E-002
 -0.472000000000000       7.812186117522063E-002
 -0.468000000000000       7.945552533723195E-002
 -0.464000000000000       8.082356907644062E-002
 -0.460000000000000       8.222718195700693E-002
 -0.456000000000000       8.366760533751512E-002
 -0.452000000000000       8.514613509529069E-002
 -0.448000000000000       8.666412451901412E-002
 -0.444000000000000       8.822298738159215E-002
 -0.440000000000000       8.982420120621071E-002
 -0.436000000000000       9.146931073954241E-002
 -0.432000000000000       9.315993164722726E-002
 -0.428000000000000       9.489775444799328E-002
 -0.424000000000000       9.668454870415077E-002
 -0.420000000000000       9.852216748768469E-002
 -0.416000000000000       0.100412552142804     
 -0.412000000000000       0.102357737367593     
 -0.408000000000000       0.104359856639374     
 -0.404000000000000       0.106421148010533     
 -0.400000000000000       0.108543960303923     
 -0.396000000000000       0.110730759739561     
 -0.392000000000000       0.112984137027161     
 -0.388000000000000       0.115306814962212     
 -0.384000000000000       0.117701656566744     
 -0.380000000000000       0.120171673819742     
 -0.376000000000000       0.122720037026388     
 -0.372000000000000       0.125350084879915     
 -0.368000000000000       0.128065335275048     
 -0.364000000000000       0.130869496937654     
 -0.360000000000000       0.133766481941525     
 -0.356000000000000       0.136760419190222     
 -0.352000000000000       0.139855668949644     
 -0.348000000000000       0.143056838525615     
 -0.344000000000000       0.146368799190371     
 -0.340000000000000       0.149796704472502     
 -0.336000000000000       0.153346009936821     
 -0.332000000000000       0.157022494593940     
 -0.328000000000000       0.160832284094147     
 -0.324000000000000       0.164781875876875     
 -0.320000000000000       0.168878166465621     
 -0.316000000000000       0.173128481119103     
 -0.312000000000000       0.177540606072903     
 -0.308000000000000       0.182122823632257     
 -0.304000000000000       0.186883950406339     
 -0.300000000000000       0.191833379007947     
 -0.296000000000000       0.196981123580329     
 -0.292000000000000       0.202337869555666     
 -0.288000000000000       0.207915028098231     
 -0.284000000000000       0.213724795740159     
 -0.280000000000000       0.219780219780220     
 -0.276000000000000       0.226095270086950     
 -0.272000000000000       0.232684918028427     
 -0.268000000000000       0.239565223343235     
 -0.264000000000000       0.246753429872675     
 -0.260000000000000       0.254268071195060     
 -0.256000000000000       0.262129087341412     
 -0.252000000000000       0.270357953931005     
 -0.248000000000000       0.278977825248290     
 -0.244000000000000       0.288013692993861     
 -0.240000000000000       0.297492562685933     
 -0.236000000000000       0.307443649971012     
 -0.232000000000000       0.317898599429599     
 -0.228000000000000       0.328891728842865     
 -0.224000000000000       0.340460302328748     
 -0.220000000000000       0.352644836272040     
 -0.216000000000000       0.365489442576387     
 -0.212000000000000       0.379042214472915     
 -0.208000000000000       0.393355660949898     
 -0.204000000000000       0.408487196844145     
 -0.200000000000000       0.424499696785931     
 -0.196000000000000       0.441462122549885     
 -0.192000000000000       0.459450234975977     
 -0.188000000000000       0.478547403538516     
 -0.184000000000000       0.498845528918788     
 -0.180000000000000       0.520446096654275     
 -0.176000000000000       0.543461383186857     
 -0.172000000000000       0.568015839527410     
 -0.168000000000000       0.594247682434038     
 -0.164000000000000       0.622310728636961     
 -0.160000000000000       0.652376514445480     
 -0.156000000000000       0.684636751300809     
 -0.152000000000000       0.719306177812487     
 -0.148000000000000       0.756625880928704     
 -0.144000000000000       0.796867173625973     
 -0.140000000000000       0.840336134453781     
 -0.136000000000000       0.887378936159424     
 -0.132000000000000       0.938388117325325     
 -0.128000000000000       0.993809983531148     
 -0.124000000000000        1.05415336425517     
 -0.120000000000000        1.12000000000000     
 -0.116000000000000        1.19201689258225     
 -0.112000000000000        1.27097102186070     
 -0.108000000000000        1.35774691597486     
 -0.104000000000000        1.45336766049331     
 -0.100000000000000        1.55902004454343     
 -9.599999999999997E-002   1.67608466621971     
 -9.199999999999997E-002   1.80617194756941     
 -8.799999999999997E-002   1.95116512431709     
 -8.399999999999996E-002   2.11327134404058     
 -7.999999999999996E-002   2.29508196721312     
 -7.599999999999996E-002   2.49964290815598     
 -7.199999999999995E-002   2.73053518489624     
 -6.799999999999995E-002   2.99196443836553     
 -6.399999999999995E-002   3.28885547829356     
 -6.000000000000005E-002   3.62694300518134     
 -5.600000000000005E-002   4.01284109149277     
 -5.200000000000005E-002   4.45405955713921     
 -4.800000000000004E-002   4.95891187305185     
 -4.400000000000004E-002   5.53622271433090     
 -4.000000000000004E-002   6.19469026548671     
 -3.600000000000003E-002   6.94168980563267     
 -3.200000000000003E-002   7.78123610493551     
 -2.800000000000002E-002   8.71080139372821     
 -2.400000000000002E-002   9.71682398667406     
 -2.000000000000002E-002   10.7692307692308     
 -1.600000000000001E-002   11.8163403106009     
 -1.200000000000001E-002   12.7830533235939     
 -8.000000000000007E-003   13.5764158262219     
 -4.000000000000004E-003   14.1015310233682     
  0.000000000000000E+000   14.2857142857143     
  4.000000000000004E-003   14.1015310233683     
  8.000000000000007E-003   13.5764158262219     
  1.200000000000001E-002   12.7830533235939     
  1.600000000000001E-002   11.8163403106009     
  2.000000000000002E-002   10.7692307692308     
  2.400000000000002E-002   9.71682398667407     
  2.800000000000002E-002   8.71080139372823     
  3.200000000000003E-002   7.78123610493553     
  3.600000000000003E-002   6.94168980563268     
  4.000000000000004E-002   6.19469026548672     
  4.400000000000004E-002   5.53622271433091     
  4.800000000000004E-002   4.95891187305185     
  5.200000000000005E-002   4.45405955713922     
  5.600000000000005E-002   4.01284109149278     
  6.000000000000005E-002   3.62694300518134     
  6.400000000000006E-002   3.28885547829355     
  6.800000000000006E-002   2.99196443836553     
  7.200000000000006E-002   2.73053518489624     
  7.600000000000007E-002   2.49964290815598     
  8.000000000000007E-002   2.29508196721311     
  8.400000000000007E-002   2.11327134404057     
  8.800000000000008E-002   1.95116512431709     
  9.200000000000008E-002   1.80617194756941     
  9.600000000000009E-002   1.67608466621971     
  0.100000000000000        1.55902004454343     
  0.104000000000000        1.45336766049331     
  0.108000000000000        1.35774691597486     
  0.112000000000000        1.27097102186070     
  0.116000000000000        1.19201689258225     
  0.120000000000000        1.12000000000000     
  0.124000000000000        1.05415336425516     
  0.128000000000000       0.993809983531151     
  0.132000000000000       0.938388117325328     
  0.136000000000000       0.887378936159426     
  0.140000000000000       0.840336134453783     
  0.144000000000000       0.796867173625975     
  0.148000000000000       0.756625880928705     
  0.152000000000000       0.719306177812488     
  0.156000000000000       0.684636751300811     
  0.160000000000000       0.652376514445481     
  0.164000000000000       0.622310728636962     
  0.168000000000000       0.594247682434039     
  0.172000000000000       0.568015839527412     
  0.176000000000000       0.543461383186858     
  0.180000000000000       0.520446096654276     
  0.184000000000000       0.498845528918788     
  0.188000000000000       0.478547403538517     
  0.192000000000000       0.459450234975978     
  0.196000000000000       0.441462122549886     
  0.200000000000000       0.424499696785931     
  0.204000000000000       0.408487196844145     
  0.208000000000000       0.393355660949898     
  0.212000000000000       0.379042214472915     
  0.216000000000000       0.365489442576387     
  0.220000000000000       0.352644836272041     
  0.224000000000000       0.340460302328749     
  0.228000000000000       0.328891728842865     
  0.232000000000000       0.317898599429599     
  0.236000000000000       0.307443649971013     
  0.240000000000000       0.297492562685933     
  0.244000000000000       0.288013692993861     
  0.248000000000000       0.278977825248290     
  0.252000000000000       0.270357953931005     
  0.256000000000000       0.262129087341412     
  0.260000000000000       0.254268071195060     
  0.264000000000000       0.246753429872675     
  0.268000000000000       0.239565223343235     
  0.272000000000000       0.232684918028428     
  0.276000000000000       0.226095270086950     
  0.280000000000000       0.219780219780220     
  0.284000000000000       0.213724795740160     
  0.288000000000000       0.207915028098231     
  0.292000000000000       0.202337869555666     
  0.296000000000000       0.196981123580329     
  0.300000000000000       0.191833379007947     
  0.304000000000000       0.186883950406339     
  0.308000000000000       0.182122823632258     
  0.312000000000000       0.177540606072903     
  0.316000000000000       0.173128481119103     
  0.320000000000000       0.168878166465621     
  0.324000000000000       0.164781875876875     
  0.328000000000000       0.160832284094147     
  0.332000000000000       0.157022494593940     
  0.336000000000000       0.153346009936821     
  0.340000000000000       0.149796704472502     
  0.344000000000000       0.146368799190371     
  0.348000000000000       0.143056838525615     
  0.352000000000000       0.139855668949644     
  0.356000000000000       0.136760419190222     
  0.360000000000000       0.133766481941525     
  0.364000000000000       0.130869496937654     
  0.368000000000000       0.128065335275048     
  0.372000000000000       0.125350084879915     
  0.376000000000000       0.122720037026388     
  0.380000000000000       0.120171673819743     
  0.384000000000000       0.117701656566744     
  0.388000000000000       0.115306814962212     
  0.392000000000000       0.112984137027161     
  0.396000000000000       0.110730759739561     
  0.400000000000000       0.108543960303923     
  0.404000000000000       0.106421148010533     
  0.408000000000000       0.104359856639374     
  0.412000000000000       0.102357737367593     
  0.416000000000000       0.100412552142804     
  0.420000000000000       9.852216748768480E-002
  0.424000000000000       9.668454870415087E-002
  0.428000000000000       9.489775444799338E-002
  0.432000000000000       9.315993164722736E-002
  0.436000000000000       9.146931073954249E-002
  0.440000000000000       8.982420120621075E-002
  0.444000000000000       8.822298738159219E-002
  0.448000000000000       8.666412451901416E-002
  0.452000000000000       8.514613509529073E-002
  0.456000000000000       8.366760533751516E-002
  0.460000000000000       8.222718195700697E-002
  0.464000000000000       8.082356907644066E-002
  0.468000000000000       7.945552533723199E-002
  0.472000000000000       7.812186117522067E-002
  0.476000000000000       7.682143625357223E-002
  0.480000000000000       7.555315704263360E-002
  0.484000000000000       7.431597453722384E-002
  0.488000000000000       7.310888210252792E-002
  0.492000000000000       7.193091344039396E-002
  0.496000000000000       7.078114066841668E-002
  0.500000000000000       6.965867250472686E-002
  0.504000000000000       6.856265255190193E-002
  0.508000000000000       6.749225767386970E-002
  0.512000000000000       6.644669646009971E-002
  0.516000000000000       6.542520777176697E-002
  0.520000000000000       6.442705936493327E-002
  0.524000000000000       6.345154658612551E-002
  0.528000000000000       6.249799113599919E-002
  0.532000000000000       6.156573989706208E-002
  0.536000000000000       6.065416382169755E-002
  0.540000000000000       5.976265687697430E-002
  0.544000000000000       5.889063504295650E-002
  0.548000000000000       5.803753536144118E-002
  0.552000000000000       5.720281503224604E-002
  0.556000000000000       5.638595055435443E-002
  0.560000000000000       5.558643690939410E-002
  0.564000000000000       5.480378678508459E-002
  0.568000000000000       5.403752983643610E-002
  0.572000000000000       5.328721198261922E-002
  0.576000000000000       5.255239473755333E-002
  0.580000000000000       5.183265457238059E-002
  0.584000000000000       5.112758230810356E-002
  0.588000000000000       5.043678253676840E-002
  0.592000000000000       4.975987306967233E-002
  0.596000000000000       4.909648441116481E-002
  0.600000000000000       4.844625925669595E-002
  0.604000000000000       4.780885201384542E-002
  0.608000000000000       4.718392834513829E-002
  0.612000000000000       4.657116473152387E-002
  0.616000000000000       4.597024805545850E-002
  0.620000000000000       4.538087520259318E-002
  0.624000000000000       4.480275268112471E-002
  0.628000000000000       4.423559625792135E-002
  0.632000000000000       4.367913061058434E-002
  0.636000000000000       4.313308899465398E-002
  0.640000000000000       4.259721292521148E-002
  0.644000000000000       4.207125187217072E-002
  0.648000000000000       4.155496296859159E-002
  0.652000000000000       4.104811073138352E-002
  0.656000000000000       4.055046679380205E-002
  0.660000000000000       4.006180964917302E-002
  0.664000000000000       3.958192440530987E-002
  0.668000000000000       3.911060254911734E-002
  0.672000000000000       3.864764172090220E-002
  0.676000000000000       3.819284549793651E-002
  0.680000000000000       3.774602318684282E-002
  0.684000000000000       3.730698962439324E-002
  0.688000000000000       3.687556498633498E-002
  0.692000000000000       3.645157460387554E-002
  0.696000000000000       3.603484878747883E-002
  0.700000000000000       3.562522265764162E-002
  0.704000000000000       3.522253598233641E-002
  0.708000000000000       3.482663302082235E-002
  0.712000000000000       3.443736237354109E-002
  0.716000000000000       3.405457683782822E-002
  0.720000000000000       3.367813326918451E-002
  0.724000000000000       3.330789244786363E-002
  0.728000000000000       3.294371895054490E-002
  0.732000000000000       3.258548102687092E-002
  0.736000000000000       3.223305048064083E-002
  0.740000000000000       3.188630255545939E-002
  0.744000000000000       3.154511582465242E-002
  0.748000000000000       3.120937208526757E-002
  0.752000000000000       3.087895625598831E-002
  0.756000000000000       3.055375627879691E-002
  0.760000000000000       3.023366302423012E-002
  0.764000000000000       2.991857020007830E-002
  0.768000000000000       2.960837426338594E-002
  0.772000000000000       2.930297433561785E-002
  0.776000000000000       2.900227212086158E-002
  0.780000000000000       2.870617182694279E-002
  0.784000000000000       2.841458008933544E-002
  0.788000000000000       2.812740589775447E-002
  0.792000000000000       2.784456052532343E-002
  0.796000000000000       2.756595746021444E-002
  0.800000000000000       2.729151233966236E-002
  0.804000000000000       2.702114288625951E-002
  0.808000000000000       2.675476884644138E-002
  0.812000000000000       2.649231193107760E-002
  0.816000000000000       2.623369575808635E-002
  0.820000000000000       2.597884579699387E-002
  0.824000000000000       2.572768931536413E-002
  0.828000000000000       2.548015532702687E-002
  0.832000000000000       2.523617454203553E-002
  0.836000000000000       2.499567931828926E-002
  0.840000000000000       2.475860361475612E-002
  0.844000000000000       2.452488294623725E-002
  0.848000000000000       2.429445433961425E-002
  0.852000000000000       2.406725629152461E-002
  0.856000000000000       2.384322872741194E-002
  0.860000000000000       2.362231296190058E-002
  0.864000000000000       2.340445166044553E-002
  0.868000000000000       2.318958880221135E-002
  0.872000000000000       2.297766964413498E-002
  0.876000000000000       2.276864068612974E-002
  0.880000000000000       2.256244963738921E-002
  0.884000000000000       2.235904538375149E-002
  0.888000000000000       2.215837795608590E-002
  0.892000000000000       2.196039849966558E-002
  0.896000000000000       2.176505924449127E-002
  0.900000000000000       2.157231347653241E-002
  0.904000000000000       2.138211550985349E-002
  0.908000000000000       2.119442065959460E-002
  0.912000000000000       2.100918521577634E-002
  0.916000000000000       2.082636641790068E-002
  0.920000000000000       2.064592243032001E-002
  0.924000000000000       2.046781231834817E-002
  0.928000000000000       2.029199602508787E-002
  0.932000000000000       2.011843434895022E-002
  0.936000000000000       1.994708892184275E-002
  0.940000000000000       1.977792218800328E-002
  0.944000000000000       1.961089738345804E-002
  0.948000000000000       1.944597851608294E-002
  0.952000000000000       1.928313034624789E-002
  0.956000000000000       1.912231836802486E-002
  0.960000000000000       1.896350879094086E-002
  0.964000000000000       1.880666852225796E-002
  0.968000000000000       1.865176514976302E-002
  0.972000000000000       1.849876692505039E-002
  0.976000000000000       1.834764274728166E-002
  0.980000000000000       1.819836214740673E-002
  0.984000000000000       1.805089527283155E-002
  0.988000000000000       1.790521287251795E-002
  0.992000000000000       1.776128628250188E-002
  0.996000000000000       1.761908741181646E-002
