  -1.00000000000000       0.155902004454343     
 -0.996000000000000       0.157018831492774     
 -0.992000000000000       0.158147201607860     
 -0.988000000000000       0.159287266848952     
 -0.984000000000000       0.160439181631822     
 -0.980000000000000       0.161603102779573     
 -0.976000000000000       0.162779189564273     
 -0.972000000000000       0.163967603749330     
 -0.968000000000000       0.165168509632628     
 -0.964000000000000       0.166382074090413     
 -0.960000000000000       0.167608466621971     
 -0.956000000000000       0.168847859395081     
 -0.952000000000000       0.170100427292273     
 -0.948000000000000       0.171366347957901     
 -0.944000000000000       0.172645801846028     
 -0.940000000000000       0.173938972269158     
 -0.936000000000000       0.175246045447809     
 -0.932000000000000       0.176567210560939     
 -0.928000000000000       0.177902659797252     
 -0.924000000000000       0.179252588407377     
 -0.920000000000000       0.180617194756941     
 -0.916000000000000       0.181996680380550     
 -0.912000000000000       0.183391250036678     
 -0.908000000000000       0.184801111763488     
 -0.904000000000000       0.186226476935585     
 -0.900000000000000       0.187667560321716     
 -0.896000000000000       0.189124580143432     
 -0.892000000000000       0.190597758134712     
 -0.888000000000000       0.192087319602566     
 -0.884000000000000       0.193593493488621     
 -0.880000000000000       0.195116512431709     
 -0.876000000000000       0.196656612831451     
 -0.872000000000000       0.198214034912854     
 -0.868000000000000       0.199789022791932     
 -0.864000000000000       0.201381824542345     
 -0.860000000000000       0.202992692263079     
 -0.856000000000000       0.204621882147150     
 -0.852000000000000       0.206269654551369     
 -0.848000000000000       0.207936274067139     
 -0.844000000000000       0.209622009592303     
 -0.840000000000000       0.211327134404058     
 -0.836000000000000       0.213051926232901     
 -0.832000000000000       0.214796667337651     
 -0.828000000000000       0.216561644581504     
 -0.824000000000000       0.218347149509156     
 -0.820000000000000       0.220153478424959     
 -0.816000000000000       0.221980932472132     
 -0.812000000000000       0.223829817712996     
 -0.808000000000000       0.225700445210250     
 -0.804000000000000       0.227593131109250     
 -0.800000000000000       0.229508196721312     
 -0.796000000000000       0.231445968607991     
 -0.792000000000000       0.233406778666354     
 -0.788000000000000       0.235390964215193     
 -0.784000000000000       0.237398868082197     
 -0.780000000000000       0.239430838692024     
 -0.776000000000000       0.241487230155269     
 -0.772000000000000       0.243568402358299     
 -0.768000000000000       0.245674721053902     
 -0.764000000000000       0.247806557952750     
 -0.760000000000000       0.249964290815598     
 -0.756000000000000       0.252148303546214     
 -0.752000000000000       0.254358986284963     
 -0.748000000000000       0.256596735503018     
 -0.744000000000000       0.258861954097119     
 -0.740000000000000       0.261155051484853     
 -0.736000000000000       0.263476443700354     
 -0.732000000000000       0.265826553490379     
 -0.728000000000000       0.268205810410677     
 -0.724000000000000       0.270614650922564     
 -0.720000000000000       0.273053518489624     
 -0.716000000000000       0.275522863674436     
 -0.712000000000000       0.278023144235230     
 -0.708000000000000       0.280554825222360     
 -0.704000000000000       0.283118379074478     
 -0.700000000000000       0.285714285714286     
 -0.696000000000000       0.288343032643727     
 -0.692000000000000       0.291005115038479     
 -0.688000000000000       0.293701035841596     
 -0.684000000000000       0.296431305856128     
 -0.680000000000000       0.299196443836553     
 -0.676000000000000       0.301996976578840     
 -0.672000000000000       0.304833439008926     
 -0.668000000000000       0.307706374269417     
 -0.664000000000000       0.310616333804287     
 -0.660000000000000       0.313563877441319     
 -0.656000000000000       0.316549573472060     
 -0.652000000000000       0.319573998729009     
 -0.648000000000000       0.322637738659744     
 -0.644000000000000       0.325741387397717     
 -0.640000000000000       0.328885547829355     
 -0.636000000000000       0.332070831657166     
 -0.632000000000000       0.335297859458465     
 -0.628000000000000       0.338567260739354     
 -0.624000000000000       0.341879673983543     
 -0.620000000000000       0.345235746695601     
 -0.616000000000000       0.348636135438166     
 -0.612000000000000       0.352081505862660     
 -0.608000000000000       0.355572532732991     
 -0.604000000000000       0.359109899941722     
 -0.600000000000000       0.362694300518135     
 -0.596000000000000       0.366326436627620     
 -0.592000000000000       0.370007019561742     
 -0.588000000000000       0.373736769718352     
 -0.584000000000000       0.377516416571029     
 -0.580000000000000       0.381346698627152     
 -0.576000000000000       0.385228363373808     
 -0.572000000000000       0.389162167210752     
 -0.568000000000000       0.393148875369560     
 -0.564000000000000       0.397189261818083     
 -0.560000000000000       0.401284109149278     
 -0.556000000000000       0.405434208453419     
 -0.552000000000000       0.409640359172667     
 -0.548000000000000       0.413903368936907     
 -0.544000000000000       0.418224053379728     
 -0.540000000000000       0.422603235933349     
 -0.536000000000000       0.427041747601246     
 -0.532000000000000       0.431540426707174     
 -0.528000000000000       0.436100118619232     
 -0.524000000000000       0.440721675447521     
 -0.520000000000000       0.445405955713922     
 -0.516000000000000       0.450153823992427     
 -0.512000000000000       0.454966150518402     
 -0.508000000000000       0.459843810765075     
 -0.504000000000000       0.464787684985499     
 -0.500000000000000       0.469798657718121     
 -0.496000000000000       0.474877617254068     
 -0.492000000000000       0.480025455064131     
 -0.488000000000000       0.485243065183394     
 -0.484000000000000       0.490531343551335     
 -0.480000000000000       0.495891187305186     
 -0.476000000000000       0.501323494024224     
 -0.472000000000000       0.506829160922603     
 -0.468000000000000       0.512409083988241     
 -0.464000000000000       0.518064157065211     
 -0.460000000000000       0.523795270876983     
 -0.456000000000000       0.529603311987798     
 -0.452000000000000       0.535489161699367     
 -0.448000000000000       0.541453694880014     
 -0.444000000000000       0.547497778723298     
 -0.440000000000000       0.553622271433091     
 -0.436000000000000       0.559828020832000     
 -0.432000000000000       0.566115862889973     
 -0.428000000000000       0.572486620169848     
 -0.424000000000000       0.578941100186584     
 -0.420000000000000       0.585480093676815     
 -0.416000000000000       0.592104372775379     
 -0.412000000000000       0.598814689095413     
 -0.408000000000000       0.605611771708586     
 -0.404000000000000       0.612496325022050     
 -0.400000000000000       0.619469026548672     
 -0.396000000000000       0.626530524567157     
 -0.392000000000000       0.633681435668661     
 -0.388000000000000       0.640922342186607     
 -0.384000000000000       0.648253789506438     
 -0.380000000000000       0.655676283252154     
 -0.376000000000000       0.663190286346617     
 -0.372000000000000       0.670796215942718     
 -0.368000000000000       0.678494440222701     
 -0.364000000000000       0.686285275063138     
 -0.360000000000000       0.694168980563268     
 -0.356000000000000       0.702145757434720     
 -0.352000000000000       0.710215743250921     
 -0.348000000000000       0.718379008554868     
 -0.344000000000000       0.726635552824329     
 -0.340000000000000       0.734985300293994     
 -0.336000000000000       0.743428095634590     
 -0.332000000000000       0.751963699489524     
 -0.328000000000000       0.760591783870239     
 -0.324000000000000       0.769311927412123     
 -0.320000000000000       0.778123610493553     
 -0.316000000000000       0.787026210221447     
 -0.312000000000000       0.796018995287567     
 -0.308000000000000       0.805101120700760     
 -0.304000000000000       0.814271622401310     
 -0.300000000000000       0.823529411764706     
 -0.296000000000000       0.832873270003236     
 -0.292000000000000       0.842301842475116     
 -0.288000000000000       0.851813632912132     
 -0.284000000000000       0.861406997578215     
 -0.280000000000000       0.871080139372822     
 -0.276000000000000       0.880831101894542     
 -0.272000000000000       0.890657763482014     
 -0.268000000000000       0.900557831250900     
 -0.264000000000000       0.910528835147453     
 -0.260000000000000       0.920568122041031     
 -0.256000000000000       0.930672849879810     
 -0.252000000000000       0.940839981935872     
 -0.248000000000000       0.951066281167801     
 -0.244000000000000       0.961348304730932     
 -0.240000000000000       0.971682398667407     
 -0.236000000000000       0.982064692810164     
 -0.232000000000000       0.992491095937025     
 -0.228000000000000        1.00295729121295     
 -0.224000000000000        1.01345873196043     
 -0.220000000000000        1.02399063779988     
 -0.216000000000000        1.03454799120339     
 -0.212000000000000        1.04512553450706     
 -0.208000000000000        1.05571776742839     
 -0.204000000000000        1.06631894513637     
 -0.200000000000000        1.07692307692308     
 -0.196000000000000        1.08752392552636     
 -0.192000000000000        1.09811500715343     
 -0.188000000000000        1.10868959225564     
 -0.184000000000000        1.11924070710430     
 -0.180000000000000        1.12976113621691     
 -0.176000000000000        1.14024342568219     
 -0.172000000000000        1.15067988743063     
 -0.168000000000000        1.16106260449563     
 -0.164000000000000        1.17138343730756     
 -0.160000000000000        1.18163403106009     
 -0.156000000000000        1.19180582418480     
 -0.152000000000000        1.20189005796544     
 -0.148000000000000        1.21187778731891     
 -0.144000000000000        1.22175989276439     
 -0.140000000000000        1.23152709359606     
 -0.136000000000000        1.24116996226843     
 -0.132000000000000        1.25067893999600     
 -0.128000000000000        1.26004435356125     
 -0.124000000000000        1.26925643331689     
 -0.120000000000000        1.27830533235939     
 -0.116000000000000        1.28718114684162     
 -0.112000000000000        1.29587393738337     
 -0.108000000000000        1.30437375152798     
 -0.104000000000000        1.31267064718413     
 -0.100000000000000        1.32075471698113     
 -9.599999999999997E-002   1.32861611345622     
 -9.199999999999997E-002   1.33624507498244     
 -8.799999999999997E-002   1.34363195233562     
 -8.399999999999996E-002   1.35076723578993     
 -7.999999999999996E-002   1.35764158262219     
 -7.599999999999996E-002   1.36424584489694     
 -7.199999999999995E-002   1.37057109739670     
 -6.799999999999995E-002   1.37660866555489     
 -6.399999999999995E-002   1.38235015324339     
 -6.000000000000005E-002   1.38778747026170     
 -5.600000000000005E-002   1.39291285937152     
 -5.200000000000005E-002   1.39771892271812     
 -4.800000000000004E-002   1.40219864747925     
 -4.400000000000004E-002   1.40634543058279     
 -4.000000000000004E-002   1.41015310233683     
 -3.600000000000003E-002   1.41361594881902     
 -3.200000000000003E-002   1.41672873287782     
 -2.800000000000002E-002   1.41948671360436     
 -2.400000000000002E-002   1.42188566414248     
 -2.000000000000002E-002   1.42392188771359     
 -1.600000000000001E-002   1.42559223174427     
 -1.200000000000001E-002   1.42689409999674     
 -8.000000000000007E-003   1.42782546261545     
 -4.000000000000004E-003   1.42838486401776     
  0.000000000000000E+000   1.42857142857143     
  4.000000000000004E-003   1.42838486401776     
  8.000000000000007E-003   1.42782546261545     
  1.200000000000001E-002   1.42689409999674     
  1.600000000000001E-002   1.42559223174427     
  2.000000000000002E-002   1.42392188771359     
  2.400000000000002E-002   1.42188566414248     
  2.800000000000002E-002   1.41948671360436     
  3.200000000000003E-002   1.41672873287782     
  3.600000000000003E-002   1.41361594881902     
  4.000000000000004E-002   1.41015310233683     
  4.400000000000004E-002   1.40634543058279     
  4.800000000000004E-002   1.40219864747925     
  5.200000000000005E-002   1.39771892271812     
  5.600000000000005E-002   1.39291285937152     
  6.000000000000005E-002   1.38778747026170     
  6.400000000000006E-002   1.38235015324339     
  6.800000000000006E-002   1.37660866555489     
  7.200000000000006E-002   1.37057109739670     
  7.600000000000007E-002   1.36424584489694     
  8.000000000000007E-002   1.35764158262219     
  8.400000000000007E-002   1.35076723578993     
  8.800000000000008E-002   1.34363195233562     
  9.200000000000008E-002   1.33624507498244     
  9.600000000000009E-002   1.32861611345622     
  0.100000000000000        1.32075471698113     
  0.104000000000000        1.31267064718413     
  0.108000000000000        1.30437375152798     
  0.112000000000000        1.29587393738337     
  0.116000000000000        1.28718114684162     
  0.120000000000000        1.27830533235939     
  0.124000000000000        1.26925643331689     
  0.128000000000000        1.26004435356125     
  0.132000000000000        1.25067893999600     
  0.136000000000000        1.24116996226843     
  0.140000000000000        1.23152709359606     
  0.144000000000000        1.22175989276439     
  0.148000000000000        1.21187778731891     
  0.152000000000000        1.20189005796544     
  0.156000000000000        1.19180582418481     
  0.160000000000000        1.18163403106009     
  0.164000000000000        1.17138343730756     
  0.168000000000000        1.16106260449563     
  0.172000000000000        1.15067988743063     
  0.176000000000000        1.14024342568219     
  0.180000000000000        1.12976113621691     
  0.184000000000000        1.11924070710430     
  0.188000000000000        1.10868959225565     
  0.192000000000000        1.09811500715344     
  0.196000000000000        1.08752392552636     
  0.200000000000000        1.07692307692308     
  0.204000000000000        1.06631894513637     
  0.208000000000000        1.05571776742839     
  0.212000000000000        1.04512553450706     
  0.216000000000000        1.03454799120339     
  0.220000000000000        1.02399063779988     
  0.224000000000000        1.01345873196043     
  0.228000000000000        1.00295729121295     
  0.232000000000000       0.992491095937025     
  0.236000000000000       0.982064692810164     
  0.240000000000000       0.971682398667407     
  0.244000000000000       0.961348304730932     
  0.248000000000000       0.951066281167801     
  0.252000000000000       0.940839981935872     
  0.256000000000000       0.930672849879810     
  0.260000000000000       0.920568122041031     
  0.264000000000000       0.910528835147454     
  0.268000000000000       0.900557831250901     
  0.272000000000000       0.890657763482014     
  0.276000000000000       0.880831101894542     
  0.280000000000000       0.871080139372822     
  0.284000000000000       0.861406997578216     
  0.288000000000000       0.851813632912132     
  0.292000000000000       0.842301842475116     
  0.296000000000000       0.832873270003236     
  0.300000000000000       0.823529411764706     
  0.304000000000000       0.814271622401310     
  0.308000000000000       0.805101120700760     
  0.312000000000000       0.796018995287568     
  0.316000000000000       0.787026210221447     
  0.320000000000000       0.778123610493553     
  0.324000000000000       0.769311927412123     
  0.328000000000000       0.760591783870239     
  0.332000000000000       0.751963699489524     
  0.336000000000000       0.743428095634590     
  0.340000000000000       0.734985300293994     
  0.344000000000000       0.726635552824329     
  0.348000000000000       0.718379008554868     
  0.352000000000000       0.710215743250921     
  0.356000000000000       0.702145757434720     
  0.360000000000000       0.694168980563268     
  0.364000000000000       0.686285275063138     
  0.368000000000000       0.678494440222701     
  0.372000000000000       0.670796215942718     
  0.376000000000000       0.663190286346618     
  0.380000000000000       0.655676283252155     
  0.384000000000000       0.648253789506438     
  0.388000000000000       0.640922342186608     
  0.392000000000000       0.633681435668661     
  0.396000000000000       0.626530524567157     
  0.400000000000000       0.619469026548673     
  0.404000000000000       0.612496325022050     
  0.408000000000000       0.605611771708587     
  0.412000000000000       0.598814689095414     
  0.416000000000000       0.592104372775380     
  0.420000000000000       0.585480093676815     
  0.424000000000000       0.578941100186585     
  0.428000000000000       0.572486620169849     
  0.432000000000000       0.566115862889973     
  0.436000000000000       0.559828020832001     
  0.440000000000000       0.553622271433091     
  0.444000000000000       0.547497778723298     
  0.448000000000000       0.541453694880014     
  0.452000000000000       0.535489161699367     
  0.456000000000000       0.529603311987798     
  0.460000000000000       0.523795270876983     
  0.464000000000000       0.518064157065211     
  0.468000000000000       0.512409083988241     
  0.472000000000000       0.506829160922603     
  0.476000000000000       0.501323494024224     
  0.480000000000000       0.495891187305186     
  0.484000000000000       0.490531343551335     
  0.488000000000000       0.485243065183394     
  0.492000000000000       0.480025455064131     
  0.496000000000000       0.474877617254068     
  0.500000000000000       0.469798657718121     
  0.504000000000000       0.464787684985499     
  0.508000000000000       0.459843810765075     
  0.512000000000000       0.454966150518401     
  0.516000000000000       0.450153823992427     
  0.520000000000000       0.445405955713922     
  0.524000000000000       0.440721675447521     
  0.528000000000000       0.436100118619232     
  0.532000000000000       0.431540426707174     
  0.536000000000000       0.427041747601245     
  0.540000000000000       0.422603235933349     
  0.544000000000000       0.418224053379728     
  0.548000000000000       0.413903368936907     
  0.552000000000000       0.409640359172667     
  0.556000000000000       0.405434208453419     
  0.560000000000000       0.401284109149278     
  0.564000000000000       0.397189261818083     
  0.568000000000000       0.393148875369560     
  0.572000000000000       0.389162167210752     
  0.576000000000000       0.385228363373808     
  0.580000000000000       0.381346698627152     
  0.584000000000000       0.377516416571029     
  0.588000000000000       0.373736769718352     
  0.592000000000000       0.370007019561742     
  0.596000000000000       0.366326436627620     
  0.600000000000000       0.362694300518135     
  0.604000000000000       0.359109899941722     
  0.608000000000000       0.355572532732991     
  0.612000000000000       0.352081505862660     
  0.616000000000000       0.348636135438166     
  0.620000000000000       0.345235746695601     
  0.624000000000000       0.341879673983543     
  0.628000000000000       0.338567260739354     
  0.632000000000000       0.335297859458465     
  0.636000000000000       0.332070831657166     
  0.640000000000000       0.328885547829355     
  0.644000000000000       0.325741387397717     
  0.648000000000000       0.322637738659744     
  0.652000000000000       0.319573998729009     
  0.656000000000000       0.316549573472061     
  0.660000000000000       0.313563877441319     
  0.664000000000000       0.310616333804287     
  0.668000000000000       0.307706374269417     
  0.672000000000000       0.304833439008926     
  0.676000000000000       0.301996976578840     
  0.680000000000000       0.299196443836553     
  0.684000000000000       0.296431305856128     
  0.688000000000000       0.293701035841596     
  0.692000000000000       0.291005115038479     
  0.696000000000000       0.288343032643727     
  0.700000000000000       0.285714285714286     
  0.704000000000000       0.283118379074478     
  0.708000000000000       0.280554825222360     
  0.712000000000000       0.278023144235230     
  0.716000000000000       0.275522863674436     
  0.720000000000000       0.273053518489624     
  0.724000000000000       0.270614650922564     
  0.728000000000000       0.268205810410677     
  0.732000000000000       0.265826553490379     
  0.736000000000000       0.263476443700354     
  0.740000000000000       0.261155051484853     
  0.744000000000000       0.258861954097119     
  0.748000000000000       0.256596735503018     
  0.752000000000000       0.254358986284963     
  0.756000000000000       0.252148303546214     
  0.760000000000000       0.249964290815598     
  0.764000000000000       0.247806557952750     
  0.768000000000000       0.245674721053902     
  0.772000000000000       0.243568402358299     
  0.776000000000000       0.241487230155269     
  0.780000000000000       0.239430838692024     
  0.784000000000000       0.237398868082197     
  0.788000000000000       0.235390964215193     
  0.792000000000000       0.233406778666354     
  0.796000000000000       0.231445968607991     
  0.800000000000000       0.229508196721311     
  0.804000000000000       0.227593131109250     
  0.808000000000000       0.225700445210250     
  0.812000000000000       0.223829817712996     
  0.816000000000000       0.221980932472132     
  0.820000000000000       0.220153478424959     
  0.824000000000000       0.218347149509156     
  0.828000000000000       0.216561644581504     
  0.832000000000000       0.214796667337650     
  0.836000000000000       0.213051926232901     
  0.840000000000000       0.211327134404057     
  0.844000000000000       0.209622009592303     
  0.848000000000000       0.207936274067138     
  0.852000000000000       0.206269654551369     
  0.856000000000000       0.204621882147150     
  0.860000000000000       0.202992692263078     
  0.864000000000000       0.201381824542345     
  0.868000000000000       0.199789022791932     
  0.872000000000000       0.198214034912854     
  0.876000000000000       0.196656612831451     
  0.880000000000000       0.195116512431709     
  0.884000000000000       0.193593493488621     
  0.888000000000000       0.192087319602566     
  0.892000000000000       0.190597758134712     
  0.896000000000000       0.189124580143432     
  0.900000000000000       0.187667560321716     
  0.904000000000000       0.186226476935585     
  0.908000000000000       0.184801111763488     
  0.912000000000000       0.183391250036678     
  0.916000000000000       0.181996680380550     
  0.920000000000000       0.180617194756941     
  0.924000000000000       0.179252588407377     
  0.928000000000000       0.177902659797252     
  0.932000000000000       0.176567210560939     
  0.936000000000000       0.175246045447809     
  0.940000000000000       0.173938972269158     
  0.944000000000000       0.172645801846028     
  0.948000000000000       0.171366347957901     
  0.952000000000000       0.170100427292273     
  0.956000000000000       0.168847859395081     
  0.960000000000000       0.167608466621971     
  0.964000000000000       0.166382074090413     
  0.968000000000000       0.165168509632627     
  0.972000000000000       0.163967603749330     
  0.976000000000000       0.162779189564273     
  0.980000000000000       0.161603102779573     
  0.984000000000000       0.160439181631822     
  0.988000000000000       0.159287266848952     
  0.992000000000000       0.158147201607860     
  0.996000000000000       0.157018831492774     
