  -1.00000000000000       0.157634155547168     
 -0.996000000000000       0.158759830811214     
 -0.992000000000000       0.159897089332477     
 -0.988000000000000       0.161046082769521     
 -0.984000000000000       0.162206965121390     
 -0.980000000000000       0.163379892767563     
 -0.976000000000000       0.164565024508600     
 -0.972000000000000       0.165762521607495     
 -0.968000000000000       0.166972547831756     
 -0.964000000000000       0.168195269496201     
 -0.960000000000000       0.169430855506503     
 -0.956000000000000       0.170679477403480     
 -0.952000000000000       0.171941309408144     
 -0.948000000000000       0.173216528467527     
 -0.944000000000000       0.174505314301276     
 -0.940000000000000       0.175807849449053     
 -0.936000000000000       0.177124319318725     
 -0.932000000000000       0.178454912235372     
 -0.928000000000000       0.179799819491111     
 -0.924000000000000       0.181159235395759     
 -0.920000000000000       0.182533357328329     
 -0.916000000000000       0.183922385789379     
 -0.912000000000000       0.185326524454226     
 -0.908000000000000       0.186745980227020     
 -0.904000000000000       0.188180963295701     
 -0.900000000000000       0.189631687187842     
 -0.896000000000000       0.191098368827388     
 -0.892000000000000       0.192581228592291     
 -0.888000000000000       0.194080490373061     
 -0.884000000000000       0.195596381632233     
 -0.880000000000000       0.197129133464753     
 -0.876000000000000       0.198678980659301     
 -0.872000000000000       0.200246161760542     
 -0.868000000000000       0.201830919132320     
 -0.864000000000000       0.203433499021800     
 -0.860000000000000       0.205054151624549     
 -0.856000000000000       0.206693131150576     
 -0.852000000000000       0.208350695891324     
 -0.848000000000000       0.210027108287611     
 -0.844000000000000       0.211722634998527     
 -0.840000000000000       0.213437546971291     
 -0.836000000000000       0.215172119512050     
 -0.832000000000000       0.216926632357632     
 -0.828000000000000       0.218701369748241     
 -0.824000000000000       0.220496620501093     
 -0.820000000000000       0.222312678084980     
 -0.816000000000000       0.224149840695761     
 -0.812000000000000       0.226008411332762     
 -0.808000000000000       0.227888697876077     
 -0.804000000000000       0.229791013164760     
 -0.800000000000000       0.231715675075879     
 -0.796000000000000       0.233663006604436     
 -0.792000000000000       0.235633335944106     
 -0.788000000000000       0.237626996568800     
 -0.784000000000000       0.239644327314998     
 -0.780000000000000       0.241685672464853     
 -0.776000000000000       0.243751381830017     
 -0.772000000000000       0.245841810836153     
 -0.768000000000000       0.247957320608117     
 -0.764000000000000       0.250098278055743     
 -0.760000000000000       0.252265055960206     
 -0.756000000000000       0.254458033060908     
 -0.752000000000000       0.256677594142834     
 -0.748000000000000       0.258924130124327     
 -0.744000000000000       0.261198038145214     
 -0.740000000000000       0.263499721655224     
 -0.736000000000000       0.265829590502620     
 -0.732000000000000       0.268188061022983     
 -0.728000000000000       0.270575556128041     
 -0.724000000000000       0.272992505394486     
 -0.720000000000000       0.275439345152656     
 -0.716000000000000       0.277916518575001     
 -0.712000000000000       0.280424475764216     
 -0.708000000000000       0.282963673840925     
 -0.704000000000000       0.285534577030794     
 -0.700000000000000       0.288137656750944     
 -0.696000000000000       0.290773391695512     
 -0.692000000000000       0.293442267920230     
 -0.688000000000000       0.296144778925837     
 -0.684000000000000       0.298881425740174     
 -0.680000000000000       0.301652716998768     
 -0.676000000000000       0.304459169023724     
 -0.672000000000000       0.307301305900704     
 -0.668000000000000       0.310179659553796     
 -0.664000000000000       0.313094769818017     
 -0.660000000000000       0.316047184509237     
 -0.656000000000000       0.319037459491230     
 -0.652000000000000       0.322066158739605     
 -0.648000000000000       0.325133854402312     
 -0.644000000000000       0.328241126856412     
 -0.640000000000000       0.331388564760793     
 -0.636000000000000       0.334576765104492     
 -0.632000000000000       0.337806333250230     
 -0.628000000000000       0.341077882972816     
 -0.624000000000000       0.344392036491974     
 -0.620000000000000       0.347749424499192     
 -0.616000000000000       0.351150686178116     
 -0.612000000000000       0.354596469218030     
 -0.608000000000000       0.358087429819907     
 -0.604000000000000       0.361624232694498     
 -0.600000000000000       0.365207551051901     
 -0.596000000000000       0.368838066582024     
 -0.592000000000000       0.372516469425317     
 -0.588000000000000       0.376243458133112     
 -0.584000000000000       0.380019739616897     
 -0.580000000000000       0.383846029085798     
 -0.576000000000000       0.387723049971494     
 -0.572000000000000       0.391651533839796     
 -0.568000000000000       0.395632220288020     
 -0.564000000000000       0.399665856827306     
 -0.560000000000000       0.403753198748934     
 -0.556000000000000       0.407895008973690     
 -0.552000000000000       0.412092057883263     
 -0.548000000000000       0.416345123132604     
 -0.544000000000000       0.420654989442152     
 -0.540000000000000       0.425022448368752     
 -0.536000000000000       0.429448298054055     
 -0.532000000000000       0.433933342949133     
 -0.528000000000000       0.438478393513978     
 -0.524000000000000       0.443084265890500     
 -0.520000000000000       0.447751781547582     
 -0.516000000000000       0.452481766896689     
 -0.512000000000000       0.457275052876453     
 -0.508000000000000       0.462132474504607     
 -0.504000000000000       0.467054870395563     
 -0.500000000000000       0.472043082241872     
 -0.496000000000000       0.477097954257730     
 -0.492000000000000       0.482220332582609     
 -0.488000000000000       0.487411064643064     
 -0.484000000000000       0.492670998470638     
 -0.480000000000000       0.498000981973767     
 -0.476000000000000       0.503401862161480     
 -0.472000000000000       0.508874484316632     
 -0.468000000000000       0.514419691116334     
 -0.464000000000000       0.520038321697171     
 -0.460000000000000       0.525731210662717     
 -0.456000000000000       0.531499187030821     
 -0.452000000000000       0.537343073118013     
 -0.448000000000000       0.543263683358380     
 -0.444000000000000       0.549261823054143     
 -0.440000000000000       0.555338287055143     
 -0.436000000000000       0.561493858364360     
 -0.432000000000000       0.567729306666581     
 -0.428000000000000       0.574045386777228     
 -0.424000000000000       0.580442837008381     
 -0.420000000000000       0.586922377448954     
 -0.416000000000000       0.593484708155984     
 -0.412000000000000       0.600130507253972     
 -0.408000000000000       0.606860428939208     
 -0.404000000000000       0.613675101386041     
 -0.400000000000000       0.620575124552050     
 -0.396000000000000       0.627561067879126     
 -0.392000000000000       0.634633467887546     
 -0.388000000000000       0.641792825660143     
 -0.384000000000000       0.649039604213821     
 -0.380000000000000       0.656374225755755     
 -0.376000000000000       0.663797068821732     
 -0.372000000000000       0.671308465294298     
 -0.368000000000000       0.678908697298517     
 -0.364000000000000       0.686597993973410     
 -0.360000000000000       0.694376528117359     
 -0.356000000000000       0.702244412706074     
 -0.352000000000000       0.710201697282028     
 -0.348000000000000       0.718248364214641     
 -0.344000000000000       0.726384324830885     
 -0.340000000000000       0.734609415416451     
 -0.336000000000000       0.742923393088092     
 -0.332000000000000       0.751325931538334     
 -0.328000000000000       0.759816616654324     
 -0.324000000000000       0.768394942013238     
 -0.320000000000000       0.777060304257415     
 -0.316000000000000       0.785811998353115     
 -0.312000000000000       0.794649212737667     
 -0.308000000000000       0.803571024360652     
 -0.304000000000000       0.812576393625739     
 -0.300000000000000       0.821664159240828     
 -0.296000000000000       0.830833032985241     
 -0.292000000000000       0.840081594403873     
 -0.288000000000000       0.849408285439467     
 -0.284000000000000       0.858811405015458     
 -0.280000000000000       0.868289103583221     
 -0.276000000000000       0.877839377648973     
 -0.272000000000000       0.887460064297106     
 -0.268000000000000       0.897148835728257     
 -0.264000000000000       0.906903193832036     
 -0.260000000000000       0.916720464816010     
 -0.256000000000000       0.926597793914210     
 -0.252000000000000       0.936532140200180     
 -0.248000000000000       0.946520271531336     
 -0.244000000000000       0.956558759653160     
 -0.240000000000000       0.966643975493533     
 -0.236000000000000       0.976772084679261     
 -0.232000000000000       0.986939043308553     
 -0.228000000000000       0.997140594014909     
 -0.224000000000000        1.00737226235946     
 -0.220000000000000        1.01762935359037     
 -0.216000000000000        1.02790694980919     
 -0.212000000000000        1.03819990758559     
 -0.208000000000000        1.04850285606271     
 -0.204000000000000        1.05881019559654     
 -0.200000000000000        1.06911609697335     
 -0.196000000000000        1.07941450124969     
 -0.192000000000000        1.08969912025981     
 -0.188000000000000        1.09996343783502     
 -0.184000000000000        1.11020071177939     
 -0.180000000000000        1.12040397664510     
 -0.176000000000000        1.13056604735002     
 -0.172000000000000        1.14067952367794     
 -0.168000000000000        1.15073679570046     
 -0.164000000000000        1.16073005015662     
 -0.160000000000000        1.17065127782358     
 -0.156000000000000        1.18049228190821     
 -0.152000000000000        1.19024468748533     
 -0.148000000000000        1.19989995200400     
 -0.144000000000000        1.20944937687805     
 -0.140000000000000        1.21888412017167     
 -0.136000000000000        1.22819521038465     
 -0.132000000000000        1.23737356133539     
 -0.128000000000000        1.24640998813277     
 -0.124000000000000        1.25529522422048     
 -0.120000000000000        1.26401993946947     
 -0.116000000000000        1.27257475928621     
 -0.112000000000000        1.28095028469571     
 -0.108000000000000        1.28913711334965     
 -0.104000000000000        1.29712586140119     
 -0.100000000000000        1.30490718617901     
 -9.599999999999997E-002   1.31247180958437     
 -9.199999999999997E-002   1.31981054212612     
 -8.799999999999997E-002   1.32691430750024     
 -8.399999999999996E-002   1.33377416761221     
 -7.999999999999996E-002   1.34038134793279     
 -7.599999999999996E-002   1.34672726307084     
 -7.199999999999995E-002   1.35280354243992     
 -6.799999999999995E-002   1.35860205589021     
 -6.399999999999995E-002   1.36411493917200     
 -6.000000000000005E-002   1.36933461909354     
 -5.600000000000005E-002   1.37425383823290     
 -5.200000000000005E-002   1.37886567906222     
 -4.800000000000004E-002   1.38316358734191     
 -4.400000000000004E-002   1.38714139464368     
 -4.000000000000004E-002   1.39079333986288     
 -3.600000000000003E-002   1.39411408958459     
 -3.200000000000003E-002   1.39709875717243     
 -2.800000000000002E-002   1.39974292045517     
 -2.400000000000002E-002   1.40204263789386     
 -2.000000000000002E-002   1.40399446312043     
 -1.600000000000001E-002   1.40559545774899     
 -1.200000000000001E-002   1.40684320237142     
 -8.000000000000007E-003   1.40773580566108     
 -4.000000000000004E-003   1.40827191152085     
  0.000000000000000E+000   1.40845070422535     
  4.000000000000004E-003   1.40827191152085     
  8.000000000000007E-003   1.40773580566108     
  1.200000000000001E-002   1.40684320237142     
  1.600000000000001E-002   1.40559545774899     
  2.000000000000002E-002   1.40399446312043     
  2.400000000000002E-002   1.40204263789386     
  2.800000000000002E-002   1.39974292045517     
  3.200000000000003E-002   1.39709875717243     
  3.600000000000003E-002   1.39411408958459     
  4.000000000000004E-002   1.39079333986288     
  4.400000000000004E-002   1.38714139464368     
  4.800000000000004E-002   1.38316358734191     
  5.200000000000005E-002   1.37886567906222     
  5.600000000000005E-002   1.37425383823290     
  6.000000000000005E-002   1.36933461909354     
  6.400000000000006E-002   1.36411493917200     
  6.800000000000006E-002   1.35860205589021     
  7.200000000000006E-002   1.35280354243992     
  7.600000000000007E-002   1.34672726307084     
  8.000000000000007E-002   1.34038134793279     
  8.400000000000007E-002   1.33377416761221     
  8.800000000000008E-002   1.32691430750024     
  9.200000000000008E-002   1.31981054212612     
  9.600000000000009E-002   1.31247180958437     
  0.100000000000000        1.30490718617901     
  0.104000000000000        1.29712586140119     
  0.108000000000000        1.28913711334965     
  0.112000000000000        1.28095028469571     
  0.116000000000000        1.27257475928621     
  0.120000000000000        1.26401993946947     
  0.124000000000000        1.25529522422048     
  0.128000000000000        1.24640998813277     
  0.132000000000000        1.23737356133539     
  0.136000000000000        1.22819521038465     
  0.140000000000000        1.21888412017167     
  0.144000000000000        1.20944937687805     
  0.148000000000000        1.19989995200400     
  0.152000000000000        1.19024468748533     
  0.156000000000000        1.18049228190821     
  0.160000000000000        1.17065127782358     
  0.164000000000000        1.16073005015662     
  0.168000000000000        1.15073679570046     
  0.172000000000000        1.14067952367794     
  0.176000000000000        1.13056604735002     
  0.180000000000000        1.12040397664510     
  0.184000000000000        1.11020071177939     
  0.188000000000000        1.09996343783502     
  0.192000000000000        1.08969912025981     
  0.196000000000000        1.07941450124969     
  0.200000000000000        1.06911609697335     
  0.204000000000000        1.05881019559654     
  0.208000000000000        1.04850285606271     
  0.212000000000000        1.03819990758559     
  0.216000000000000        1.02790694980919     
  0.220000000000000        1.01762935359037     
  0.224000000000000        1.00737226235946     
  0.228000000000000       0.997140594014910     
  0.232000000000000       0.986939043308553     
  0.236000000000000       0.976772084679261     
  0.240000000000000       0.966643975493533     
  0.244000000000000       0.956558759653160     
  0.248000000000000       0.946520271531337     
  0.252000000000000       0.936532140200181     
  0.256000000000000       0.926597793914210     
  0.260000000000000       0.916720464816010     
  0.264000000000000       0.906903193832037     
  0.268000000000000       0.897148835728258     
  0.272000000000000       0.887460064297107     
  0.276000000000000       0.877839377648973     
  0.280000000000000       0.868289103583221     
  0.284000000000000       0.858811405015459     
  0.288000000000000       0.849408285439467     
  0.292000000000000       0.840081594403873     
  0.296000000000000       0.830833032985242     
  0.300000000000000       0.821664159240829     
  0.304000000000000       0.812576393625739     
  0.308000000000000       0.803571024360652     
  0.312000000000000       0.794649212737667     
  0.316000000000000       0.785811998353115     
  0.320000000000000       0.777060304257415     
  0.324000000000000       0.768394942013238     
  0.328000000000000       0.759816616654324     
  0.332000000000000       0.751325931538334     
  0.336000000000000       0.742923393088092     
  0.340000000000000       0.734609415416451     
  0.344000000000000       0.726384324830885     
  0.348000000000000       0.718248364214641     
  0.352000000000000       0.710201697282028     
  0.356000000000000       0.702244412706074     
  0.360000000000000       0.694376528117359     
  0.364000000000000       0.686597993973410     
  0.368000000000000       0.678908697298517     
  0.372000000000000       0.671308465294298     
  0.376000000000000       0.663797068821733     
  0.380000000000000       0.656374225755755     
  0.384000000000000       0.649039604213821     
  0.388000000000000       0.641792825660143     
  0.392000000000000       0.634633467887547     
  0.396000000000000       0.627561067879127     
  0.400000000000000       0.620575124552050     
  0.404000000000000       0.613675101386042     
  0.408000000000000       0.606860428939208     
  0.412000000000000       0.600130507253972     
  0.416000000000000       0.593484708155985     
  0.420000000000000       0.586922377448954     
  0.424000000000000       0.580442837008382     
  0.428000000000000       0.574045386777228     
  0.432000000000000       0.567729306666582     
  0.436000000000000       0.561493858364361     
  0.440000000000000       0.555338287055143     
  0.444000000000000       0.549261823054143     
  0.448000000000000       0.543263683358380     
  0.452000000000000       0.537343073118013     
  0.456000000000000       0.531499187030821     
  0.460000000000000       0.525731210662718     
  0.464000000000000       0.520038321697171     
  0.468000000000000       0.514419691116334     
  0.472000000000000       0.508874484316632     
  0.476000000000000       0.503401862161480     
  0.480000000000000       0.498000981973767     
  0.484000000000000       0.492670998470638     
  0.488000000000000       0.487411064643064     
  0.492000000000000       0.482220332582609     
  0.496000000000000       0.477097954257730     
  0.500000000000000       0.472043082241872     
  0.504000000000000       0.467054870395563     
  0.508000000000000       0.462132474504607     
  0.512000000000000       0.457275052876453     
  0.516000000000000       0.452481766896689     
  0.520000000000000       0.447751781547581     
  0.524000000000000       0.443084265890499     
  0.528000000000000       0.438478393513978     
  0.532000000000000       0.433933342949133     
  0.536000000000000       0.429448298054055     
  0.540000000000000       0.425022448368752     
  0.544000000000000       0.420654989442152     
  0.548000000000000       0.416345123132604     
  0.552000000000000       0.412092057883263     
  0.556000000000000       0.407895008973690     
  0.560000000000000       0.403753198748934     
  0.564000000000000       0.399665856827306     
  0.568000000000000       0.395632220288020     
  0.572000000000000       0.391651533839796     
  0.576000000000000       0.387723049971494     
  0.580000000000000       0.383846029085798     
  0.584000000000000       0.380019739616897     
  0.588000000000000       0.376243458133112     
  0.592000000000000       0.372516469425317     
  0.596000000000000       0.368838066582024     
  0.600000000000000       0.365207551051901     
  0.604000000000000       0.361624232694498     
  0.608000000000000       0.358087429819907     
  0.612000000000000       0.354596469218030     
  0.616000000000000       0.351150686178115     
  0.620000000000000       0.347749424499192     
  0.624000000000000       0.344392036491974     
  0.628000000000000       0.341077882972816     
  0.632000000000000       0.337806333250230     
  0.636000000000000       0.334576765104492     
  0.640000000000000       0.331388564760794     
  0.644000000000000       0.328241126856412     
  0.648000000000000       0.325133854402312     
  0.652000000000000       0.322066158739605     
  0.656000000000000       0.319037459491230     
  0.660000000000000       0.316047184509237     
  0.664000000000000       0.313094769818017     
  0.668000000000000       0.310179659553796     
  0.672000000000000       0.307301305900704     
  0.676000000000000       0.304459169023724     
  0.680000000000000       0.301652716998768     
  0.684000000000000       0.298881425740174     
  0.688000000000000       0.296144778925837     
  0.692000000000000       0.293442267920230     
  0.696000000000000       0.290773391695512     
  0.700000000000000       0.288137656750944     
  0.704000000000000       0.285534577030794     
  0.708000000000000       0.282963673840925     
  0.712000000000000       0.280424475764216     
  0.716000000000000       0.277916518575001     
  0.720000000000000       0.275439345152656     
  0.724000000000000       0.272992505394486     
  0.728000000000000       0.270575556128041     
  0.732000000000000       0.268188061022983     
  0.736000000000000       0.265829590502620     
  0.740000000000000       0.263499721655224     
  0.744000000000000       0.261198038145214     
  0.748000000000000       0.258924130124327     
  0.752000000000000       0.256677594142834     
  0.756000000000000       0.254458033060908     
  0.760000000000000       0.252265055960206     
  0.764000000000000       0.250098278055743     
  0.768000000000000       0.247957320608117     
  0.772000000000000       0.245841810836153     
  0.776000000000000       0.243751381830017     
  0.780000000000000       0.241685672464853     
  0.784000000000000       0.239644327314998     
  0.788000000000000       0.237626996568800     
  0.792000000000000       0.235633335944106     
  0.796000000000000       0.233663006604435     
  0.800000000000000       0.231715675075879     
  0.804000000000000       0.229791013164759     
  0.808000000000000       0.227888697876077     
  0.812000000000000       0.226008411332762     
  0.816000000000000       0.224149840695761     
  0.820000000000000       0.222312678084980     
  0.824000000000000       0.220496620501092     
  0.828000000000000       0.218701369748241     
  0.832000000000000       0.216926632357632     
  0.836000000000000       0.215172119512050     
  0.840000000000000       0.213437546971291     
  0.844000000000000       0.211722634998527     
  0.848000000000000       0.210027108287610     
  0.852000000000000       0.208350695891324     
  0.856000000000000       0.206693131150576     
  0.860000000000000       0.205054151624549     
  0.864000000000000       0.203433499021800     
  0.868000000000000       0.201830919132320     
  0.872000000000000       0.200246161760542     
  0.876000000000000       0.198678980659301     
  0.880000000000000       0.197129133464753     
  0.884000000000000       0.195596381632233     
  0.888000000000000       0.194080490373061     
  0.892000000000000       0.192581228592291     
  0.896000000000000       0.191098368827388     
  0.900000000000000       0.189631687187842     
  0.904000000000000       0.188180963295701     
  0.908000000000000       0.186745980227020     
  0.912000000000000       0.185326524454226     
  0.916000000000000       0.183922385789379     
  0.920000000000000       0.182533357328329     
  0.924000000000000       0.181159235395759     
  0.928000000000000       0.179799819491111     
  0.932000000000000       0.178454912235371     
  0.936000000000000       0.177124319318725     
  0.940000000000000       0.175807849449053     
  0.944000000000000       0.174505314301276     
  0.948000000000000       0.173216528467527     
  0.952000000000000       0.171941309408144     
  0.956000000000000       0.170679477403480     
  0.960000000000000       0.169430855506503     
  0.964000000000000       0.168195269496201     
  0.968000000000000       0.166972547831756     
  0.972000000000000       0.165762521607495     
  0.976000000000000       0.164565024508600     
  0.980000000000000       0.163379892767563     
  0.984000000000000       0.162206965121390     
  0.988000000000000       0.161046082769521     
  0.992000000000000       0.159897089332477     
  0.996000000000000       0.158759830811214     
