  -1.00000000000000       0.159348441926346     
 -0.996000000000000       0.160482732058031     
 -0.992000000000000       0.161628642032067     
 -0.988000000000000       0.162786323054884     
 -0.984000000000000       0.163955928646380     
 -0.980000000000000       0.165137614678899     
 -0.976000000000000       0.166331539416879     
 -0.972000000000000       0.167537863557164     
 -0.968000000000000       0.168756750270011     
 -0.964000000000000       0.169988365240779     
 -0.960000000000000       0.171232876712329     
 -0.956000000000000       0.172490455528127     
 -0.952000000000000       0.173761275176078     
 -0.948000000000000       0.175045511833077     
 -0.944000000000000       0.176343344410308     
 -0.940000000000000       0.177654954599289     
 -0.936000000000000       0.178980526918671     
 -0.932000000000000       0.180320248761801     
 -0.928000000000000       0.181674310445062     
 -0.924000000000000       0.183042905256992     
 -0.920000000000000       0.184426229508197     
 -0.916000000000000       0.185824482582052     
 -0.912000000000000       0.187237866986219     
 -0.908000000000000       0.188666588404971     
 -0.904000000000000       0.190110855752332     
 -0.900000000000000       0.191570881226054     
 -0.896000000000000       0.193046880362413     
 -0.892000000000000       0.194539072091857     
 -0.888000000000000       0.196047678795483     
 -0.884000000000000       0.197572926362375     
 -0.880000000000000       0.199115044247788     
 -0.876000000000000       0.200674265532188     
 -0.872000000000000       0.202250826981159     
 -0.868000000000000       0.203844969106162     
 -0.864000000000000       0.205456936226167     
 -0.860000000000000       0.207086976530143     
 -0.856000000000000       0.208735342140419     
 -0.852000000000000       0.210402289176906     
 -0.848000000000000       0.212088077822185     
 -0.844000000000000       0.213792972387450     
 -0.840000000000000       0.215517241379310     
 -0.836000000000000       0.217261157567448     
 -0.832000000000000       0.219024998053111     
 -0.828000000000000       0.220809044338456     
 -0.824000000000000       0.222613582396707     
 -0.820000000000000       0.224438902743142     
 -0.816000000000000       0.226285300506879     
 -0.812000000000000       0.228153075503458     
 -0.808000000000000       0.230042532308196     
 -0.804000000000000       0.231953980330302     
 -0.800000000000000       0.233887733887734     
 -0.796000000000000       0.235844112282761     
 -0.792000000000000       0.237823439878234     
 -0.788000000000000       0.239826046174508     
 -0.784000000000000       0.241852265887007     
 -0.780000000000000       0.243902439024390     
 -0.776000000000000       0.245976910967291     
 -0.772000000000000       0.248076032547575     
 -0.768000000000000       0.250200160128102     
 -0.764000000000000       0.252349655682914     
 -0.760000000000000       0.254524886877828     
 -0.756000000000000       0.256726227151366     
 -0.752000000000000       0.258954055795967     
 -0.748000000000000       0.261208758039425     
 -0.744000000000000       0.263490725126476     
 -0.740000000000000       0.265800354400473     
 -0.736000000000000       0.268138049385070     
 -0.732000000000000       0.270504219865830     
 -0.728000000000000       0.272899281971667     
 -0.724000000000000       0.275323658256039     
 -0.720000000000000       0.277777777777778     
 -0.716000000000000       0.280262076181460     
 -0.712000000000000       0.282776995777197     
 -0.708000000000000       0.285322985619722     
 -0.704000000000000       0.287900501586652     
 -0.700000000000000       0.290510006455778     
 -0.696000000000000       0.293151969981238     
 -0.692000000000000       0.295826868968419     
 -0.688000000000000       0.298535187347415     
 -0.684000000000000       0.301277416244878     
 -0.680000000000000       0.304054054054054     
 -0.676000000000000       0.306865606502823     
 -0.672000000000000       0.309712586719524     
 -0.668000000000000       0.312595515296341     
 -0.664000000000000       0.315514920350011     
 -0.660000000000000       0.318471337579618     
 -0.656000000000000       0.321465310321180     
 -0.652000000000000       0.324497389598777     
 -0.648000000000000       0.327568134171908     
 -0.644000000000000       0.330678110578760     
 -0.640000000000000       0.333827893175074     
 -0.636000000000000       0.337018064168239     
 -0.632000000000000       0.340249213646262     
 -0.628000000000000       0.343521939601209     
 -0.624000000000000       0.346836847946726     
 -0.620000000000000       0.350194552529183     
 -0.616000000000000       0.353595675132009     
 -0.612000000000000       0.357040845472722     
 -0.608000000000000       0.360530701192155     
 -0.604000000000000       0.364065887835345     
 -0.600000000000000       0.367647058823529     
 -0.596000000000000       0.371274875416653     
 -0.592000000000000       0.374950006665778     
 -0.588000000000000       0.378673129354741     
 -0.584000000000000       0.382444927930378     
 -0.580000000000000       0.386266094420601     
 -0.576000000000000       0.390137328339575     
 -0.572000000000000       0.394059336579215     
 -0.568000000000000       0.398032833286159     
 -0.564000000000000       0.402058539723384     
 -0.560000000000000       0.406137184115523     
 -0.556000000000000       0.410269501476970     
 -0.552000000000000       0.414456233421751     
 -0.548000000000000       0.418698127954148     
 -0.544000000000000       0.422995939238983     
 -0.540000000000000       0.427350427350427     
 -0.536000000000000       0.431762357998158     
 -0.532000000000000       0.436232502229633     
 -0.528000000000000       0.440761636107193     
 -0.524000000000000       0.445350540358656     
 -0.520000000000000       0.450000000000000     
 -0.516000000000000       0.454710803928701     
 -0.512000000000000       0.459483744486195     
 -0.508000000000000       0.464319616987907     
 -0.504000000000000       0.469219219219219     
 -0.500000000000000       0.474183350895680     
 -0.496000000000000       0.479212813085705     
 -0.492000000000000       0.484308407593956     
 -0.488000000000000       0.489470936303515     
 -0.484000000000000       0.494701200474913     
 -0.480000000000000       0.500000000000000     
 -0.476000000000000       0.505368132608598     
 -0.472000000000000       0.510806393025790     
 -0.468000000000000       0.516315572077654     
 -0.464000000000000       0.521896455743181     
 -0.460000000000000       0.527549824150059     
 -0.456000000000000       0.533276450511945     
 -0.452000000000000       0.539077100004792     
 -0.448000000000000       0.544952528579733     
 -0.444000000000000       0.550903481710004     
 -0.440000000000000       0.556930693069307     
 -0.436000000000000       0.563034883138982     
 -0.432000000000000       0.569216757741348     
 -0.428000000000000       0.575477006496496     
 -0.424000000000000       0.581816301199834     
 -0.420000000000000       0.588235294117647     
 -0.416000000000000       0.594734616197928     
 -0.412000000000000       0.601314875193757     
 -0.408000000000000       0.607976653696498     
 -0.404000000000000       0.614720507076116     
 -0.400000000000000       0.621546961325967     
 -0.396000000000000       0.628456510809452     
 -0.392000000000000       0.635449615906010     
 -0.388000000000000       0.642526700554001     
 -0.384000000000000       0.649688149688150     
 -0.380000000000000       0.656934306569343     
 -0.376000000000000       0.664265470004724     
 -0.372000000000000       0.671681891456206     
 -0.368000000000000       0.679183772035740     
 -0.364000000000000       0.686771259385874     
 -0.360000000000000       0.694444444444444     
 -0.356000000000000       0.702203358092504     
 -0.352000000000000       0.710047967684928     
 -0.348000000000000       0.717978173463527     
 -0.344000000000000       0.725993804852865     
 -0.340000000000000       0.734094616639478     
 -0.336000000000000       0.742280285035629     
 -0.332000000000000       0.750550403629328     
 -0.328000000000000       0.758904479222882     
 -0.324000000000000       0.767341927562922     
 -0.320000000000000       0.775862068965517     
 -0.316000000000000       0.784464123840736     
 -0.312000000000000       0.793147208121827     
 -0.308000000000000       0.801910328605032     
 -0.304000000000000       0.810752378206976     
 -0.300000000000000       0.819672131147541     
 -0.296000000000000       0.828668238067177     
 -0.292000000000000       0.837739221088688     
 -0.288000000000000       0.846883468834688     
 -0.284000000000000       0.856099231413134     
 -0.280000000000000       0.865384615384615     
 -0.276000000000000       0.874737578726382     
 -0.272000000000000       0.884155925809494     
 -0.268000000000000       0.893637302406863     
 -0.264000000000000       0.903179190751445     
 -0.260000000000000       0.912778904665314     
 -0.256000000000000       0.922433584781896     
 -0.252000000000000       0.932140193885160     
 -0.248000000000000       0.941895512391159     
 -0.244000000000000       0.951696133998816     
 -0.240000000000000       0.961538461538461     
 -0.236000000000000       0.971418703048096     
 -0.232000000000000       0.981332868108863     
 -0.228000000000000       0.991276764472641     
 -0.224000000000000        1.00124599501602     
 -0.220000000000000        1.01123595505618     
 -0.216000000000000        1.02124183006536     
 -0.212000000000000        1.03125859382162     
 -0.208000000000000        1.04128100703443     
 -0.204000000000000        1.05130361648444     
 -0.200000000000000        1.06132075471698     
 -0.196000000000000        1.07132654032949     
 -0.192000000000000        1.08131487889273     
 -0.188000000000000        1.09127946454554     
 -0.184000000000000        1.10121378230227     
 -0.180000000000000        1.11111111111111     
 -0.176000000000000        1.12096452770028     
 -0.172000000000000        1.13076691124736     
 -0.168000000000000        1.14051094890511     
 -0.164000000000000        1.15018914221450     
 -0.160000000000000        1.15979381443299     
 -0.156000000000000        1.16931711880262     
 -0.152000000000000        1.17875104777871     
 -0.148000000000000        1.18808744323582     
 -0.144000000000000        1.19731800766284     
 -0.140000000000000        1.20643431635389     
 -0.136000000000000        1.21542783059637     
 -0.132000000000000        1.22428991185113     
 -0.128000000000000        1.23301183691363     
 -0.124000000000000        1.24158481403819     
 -0.120000000000000        1.25000000000000     
 -0.116000000000000        1.25824851806286     
 -0.112000000000000        1.26632147681225     
 -0.108000000000000        1.27420998980632     
 -0.104000000000000        1.28190519598906     
 -0.100000000000000        1.28939828080229     
 -9.599999999999997E-002   1.29668049792531     
 -9.199999999999997E-002   1.30374319156333     
 -8.799999999999997E-002   1.31057781919851     
 -8.399999999999996E-002   1.31717597471022     
 -7.999999999999996E-002   1.32352941176471     
 -7.599999999999996E-002   1.32963006736792     
 -7.199999999999995E-002   1.33547008547009     
 -6.799999999999995E-002   1.34104184050542     
 -6.399999999999995E-002   1.34633796074677     
 -6.000000000000005E-002   1.35135135135135     
 -5.600000000000005E-002   1.35607521697203     
 -5.200000000000005E-002   1.36050308380699     
 -4.800000000000004E-002   1.36462882096070     
 -4.400000000000004E-002   1.36844666099015     
 -4.000000000000004E-002   1.37195121951220     
 -3.600000000000003E-002   1.37513751375138     
 -3.200000000000003E-002   1.37800097991181     
 -2.800000000000002E-002   1.38053748926249     
 -2.400000000000002E-002   1.38274336283186     
 -2.000000000000002E-002   1.38461538461538     
 -1.600000000000001E-002   1.38615081320848     
 -1.200000000000001E-002   1.38734739178690     
 -8.000000000000007E-003   1.38820335636723     
 -4.000000000000004E-003   1.38871744229108     
  0.000000000000000E+000   1.38888888888889     
  4.000000000000004E-003   1.38871744229108     
  8.000000000000007E-003   1.38820335636723     
  1.200000000000001E-002   1.38734739178690     
  1.600000000000001E-002   1.38615081320848     
  2.000000000000002E-002   1.38461538461538     
  2.400000000000002E-002   1.38274336283186     
  2.800000000000002E-002   1.38053748926249     
  3.200000000000003E-002   1.37800097991181     
  3.600000000000003E-002   1.37513751375138     
  4.000000000000004E-002   1.37195121951220     
  4.400000000000004E-002   1.36844666099015     
  4.800000000000004E-002   1.36462882096070     
  5.200000000000005E-002   1.36050308380699     
  5.600000000000005E-002   1.35607521697203     
  6.000000000000005E-002   1.35135135135135     
  6.400000000000006E-002   1.34633796074677     
  6.800000000000006E-002   1.34104184050542     
  7.200000000000006E-002   1.33547008547009     
  7.600000000000007E-002   1.32963006736792     
  8.000000000000007E-002   1.32352941176471     
  8.400000000000007E-002   1.31717597471022     
  8.800000000000008E-002   1.31057781919851     
  9.200000000000008E-002   1.30374319156333     
  9.600000000000009E-002   1.29668049792531     
  0.100000000000000        1.28939828080229     
  0.104000000000000        1.28190519598906     
  0.108000000000000        1.27420998980632     
  0.112000000000000        1.26632147681225     
  0.116000000000000        1.25824851806286     
  0.120000000000000        1.25000000000000     
  0.124000000000000        1.24158481403819     
  0.128000000000000        1.23301183691363     
  0.132000000000000        1.22428991185113     
  0.136000000000000        1.21542783059637     
  0.140000000000000        1.20643431635389     
  0.144000000000000        1.19731800766284     
  0.148000000000000        1.18808744323582     
  0.152000000000000        1.17875104777871     
  0.156000000000000        1.16931711880262     
  0.160000000000000        1.15979381443299     
  0.164000000000000        1.15018914221450     
  0.168000000000000        1.14051094890511     
  0.172000000000000        1.13076691124736     
  0.176000000000000        1.12096452770028     
  0.180000000000000        1.11111111111111     
  0.184000000000000        1.10121378230227     
  0.188000000000000        1.09127946454554     
  0.192000000000000        1.08131487889273     
  0.196000000000000        1.07132654032949     
  0.200000000000000        1.06132075471698     
  0.204000000000000        1.05130361648444     
  0.208000000000000        1.04128100703443     
  0.212000000000000        1.03125859382162     
  0.216000000000000        1.02124183006536     
  0.220000000000000        1.01123595505618     
  0.224000000000000        1.00124599501602     
  0.228000000000000       0.991276764472641     
  0.232000000000000       0.981332868108863     
  0.236000000000000       0.971418703048096     
  0.240000000000000       0.961538461538462     
  0.244000000000000       0.951696133998816     
  0.248000000000000       0.941895512391159     
  0.252000000000000       0.932140193885160     
  0.256000000000000       0.922433584781896     
  0.260000000000000       0.912778904665315     
  0.264000000000000       0.903179190751445     
  0.268000000000000       0.893637302406863     
  0.272000000000000       0.884155925809494     
  0.276000000000000       0.874737578726382     
  0.280000000000000       0.865384615384615     
  0.284000000000000       0.856099231413134     
  0.288000000000000       0.846883468834688     
  0.292000000000000       0.837739221088689     
  0.296000000000000       0.828668238067177     
  0.300000000000000       0.819672131147541     
  0.304000000000000       0.810752378206976     
  0.308000000000000       0.801910328605032     
  0.312000000000000       0.793147208121827     
  0.316000000000000       0.784464123840736     
  0.320000000000000       0.775862068965517     
  0.324000000000000       0.767341927562922     
  0.328000000000000       0.758904479222882     
  0.332000000000000       0.750550403629328     
  0.336000000000000       0.742280285035629     
  0.340000000000000       0.734094616639478     
  0.344000000000000       0.725993804852865     
  0.348000000000000       0.717978173463527     
  0.352000000000000       0.710047967684928     
  0.356000000000000       0.702203358092504     
  0.360000000000000       0.694444444444444     
  0.364000000000000       0.686771259385874     
  0.368000000000000       0.679183772035740     
  0.372000000000000       0.671681891456206     
  0.376000000000000       0.664265470004724     
  0.380000000000000       0.656934306569343     
  0.384000000000000       0.649688149688150     
  0.388000000000000       0.642526700554001     
  0.392000000000000       0.635449615906010     
  0.396000000000000       0.628456510809452     
  0.400000000000000       0.621546961325967     
  0.404000000000000       0.614720507076116     
  0.408000000000000       0.607976653696498     
  0.412000000000000       0.601314875193757     
  0.416000000000000       0.594734616197928     
  0.420000000000000       0.588235294117647     
  0.424000000000000       0.581816301199835     
  0.428000000000000       0.575477006496496     
  0.432000000000000       0.569216757741348     
  0.436000000000000       0.563034883138982     
  0.440000000000000       0.556930693069307     
  0.444000000000000       0.550903481710005     
  0.448000000000000       0.544952528579733     
  0.452000000000000       0.539077100004792     
  0.456000000000000       0.533276450511945     
  0.460000000000000       0.527549824150059     
  0.464000000000000       0.521896455743181     
  0.468000000000000       0.516315572077654     
  0.472000000000000       0.510806393025790     
  0.476000000000000       0.505368132608598     
  0.480000000000000       0.500000000000000     
  0.484000000000000       0.494701200474913     
  0.488000000000000       0.489470936303516     
  0.492000000000000       0.484308407593956     
  0.496000000000000       0.479212813085705     
  0.500000000000000       0.474183350895680     
  0.504000000000000       0.469219219219219     
  0.508000000000000       0.464319616987907     
  0.512000000000000       0.459483744486195     
  0.516000000000000       0.454710803928701     
  0.520000000000000       0.450000000000000     
  0.524000000000000       0.445350540358656     
  0.528000000000000       0.440761636107193     
  0.532000000000000       0.436232502229633     
  0.536000000000000       0.431762357998158     
  0.540000000000000       0.427350427350427     
  0.544000000000000       0.422995939238983     
  0.548000000000000       0.418698127954148     
  0.552000000000000       0.414456233421751     
  0.556000000000000       0.410269501476970     
  0.560000000000000       0.406137184115523     
  0.564000000000000       0.402058539723384     
  0.568000000000000       0.398032833286159     
  0.572000000000000       0.394059336579215     
  0.576000000000000       0.390137328339575     
  0.580000000000000       0.386266094420601     
  0.584000000000000       0.382444927930378     
  0.588000000000000       0.378673129354741     
  0.592000000000000       0.374950006665778     
  0.596000000000000       0.371274875416653     
  0.600000000000000       0.367647058823529     
  0.604000000000000       0.364065887835345     
  0.608000000000000       0.360530701192155     
  0.612000000000000       0.357040845472722     
  0.616000000000000       0.353595675132009     
  0.620000000000000       0.350194552529183     
  0.624000000000000       0.346836847946726     
  0.628000000000000       0.343521939601209     
  0.632000000000000       0.340249213646262     
  0.636000000000000       0.337018064168239     
  0.640000000000000       0.333827893175074     
  0.644000000000000       0.330678110578760     
  0.648000000000000       0.327568134171908     
  0.652000000000000       0.324497389598777     
  0.656000000000000       0.321465310321180     
  0.660000000000000       0.318471337579618     
  0.664000000000000       0.315514920350011     
  0.668000000000000       0.312595515296341     
  0.672000000000000       0.309712586719524     
  0.676000000000000       0.306865606502823     
  0.680000000000000       0.304054054054054     
  0.684000000000000       0.301277416244878     
  0.688000000000000       0.298535187347415     
  0.692000000000000       0.295826868968419     
  0.696000000000000       0.293151969981238     
  0.700000000000000       0.290510006455778     
  0.704000000000000       0.287900501586652     
  0.708000000000000       0.285322985619722     
  0.712000000000000       0.282776995777197     
  0.716000000000000       0.280262076181460     
  0.720000000000000       0.277777777777778     
  0.724000000000000       0.275323658256039     
  0.728000000000000       0.272899281971667     
  0.732000000000000       0.270504219865830     
  0.736000000000000       0.268138049385070     
  0.740000000000000       0.265800354400473     
  0.744000000000000       0.263490725126476     
  0.748000000000000       0.261208758039425     
  0.752000000000000       0.258954055795967     
  0.756000000000000       0.256726227151366     
  0.760000000000000       0.254524886877828     
  0.764000000000000       0.252349655682914     
  0.768000000000000       0.250200160128102     
  0.772000000000000       0.248076032547575     
  0.776000000000000       0.245976910967290     
  0.780000000000000       0.243902439024390     
  0.784000000000000       0.241852265887007     
  0.788000000000000       0.239826046174508     
  0.792000000000000       0.237823439878234     
  0.796000000000000       0.235844112282761     
  0.800000000000000       0.233887733887734     
  0.804000000000000       0.231953980330302     
  0.808000000000000       0.230042532308196     
  0.812000000000000       0.228153075503458     
  0.816000000000000       0.226285300506879     
  0.820000000000000       0.224438902743142     
  0.824000000000000       0.222613582396707     
  0.828000000000000       0.220809044338456     
  0.832000000000000       0.219024998053111     
  0.836000000000000       0.217261157567447     
  0.840000000000000       0.215517241379310     
  0.844000000000000       0.213792972387450     
  0.848000000000000       0.212088077822185     
  0.852000000000000       0.210402289176906     
  0.856000000000000       0.208735342140419     
  0.860000000000000       0.207086976530143     
  0.864000000000000       0.205456936226167     
  0.868000000000000       0.203844969106162     
  0.872000000000000       0.202250826981159     
  0.876000000000000       0.200674265532188     
  0.880000000000000       0.199115044247788     
  0.884000000000000       0.197572926362375     
  0.888000000000000       0.196047678795483     
  0.892000000000000       0.194539072091857     
  0.896000000000000       0.193046880362413     
  0.900000000000000       0.191570881226054     
  0.904000000000000       0.190110855752332     
  0.908000000000000       0.188666588404971     
  0.912000000000000       0.187237866986219     
  0.916000000000000       0.185824482582052     
  0.920000000000000       0.184426229508197     
  0.924000000000000       0.183042905256992     
  0.928000000000000       0.181674310445062     
  0.932000000000000       0.180320248761801     
  0.936000000000000       0.178980526918671     
  0.940000000000000       0.177654954599289     
  0.944000000000000       0.176343344410308     
  0.948000000000000       0.175045511833077     
  0.952000000000000       0.173761275176078     
  0.956000000000000       0.172490455528127     
  0.960000000000000       0.171232876712329     
  0.964000000000000       0.169988365240779     
  0.968000000000000       0.168756750270011     
  0.972000000000000       0.167537863557164     
  0.976000000000000       0.166331539416879     
  0.980000000000000       0.165137614678899     
  0.984000000000000       0.163955928646380     
  0.988000000000000       0.162786323054884     
  0.992000000000000       0.161628642032067     
  0.996000000000000       0.160482732058031     
