  -1.00000000000000       0.161044805753491     
 -0.996000000000000       0.162187478060256     
 -0.992000000000000       0.163341803239806     
 -0.988000000000000       0.164507931986562     
 -0.984000000000000       0.165686017280371     
 -0.980000000000000       0.166876214424506     
 -0.976000000000000       0.168078681084287     
 -0.972000000000000       0.169293577326349     
 -0.968000000000000       0.170521065658552     
 -0.964000000000000       0.171761311070558     
 -0.960000000000000       0.173014481075060     
 -0.956000000000000       0.174280745749699     
 -0.952000000000000       0.175560277779648     
 -0.948000000000000       0.176853252500899     
 -0.944000000000000       0.178159847944231     
 -0.940000000000000       0.179480244879896     
 -0.936000000000000       0.180814626863010     
 -0.932000000000000       0.182163180279663     
 -0.928000000000000       0.183526094393756     
 -0.924000000000000       0.184903561394568     
 -0.920000000000000       0.186295776445068     
 -0.916000000000000       0.187702937730965     
 -0.912000000000000       0.189125246510510     
 -0.908000000000000       0.190562907165061     
 -0.904000000000000       0.192016127250403     
 -0.900000000000000       0.193485117548835     
 -0.896000000000000       0.194970092122033     
 -0.892000000000000       0.196471268364681     
 -0.888000000000000       0.197988867058884     
 -0.884000000000000       0.199523112429361     
 -0.880000000000000       0.201074232199422     
 -0.876000000000000       0.202642457647726     
 -0.872000000000000       0.204228023665832     
 -0.868000000000000       0.205831168816522     
 -0.864000000000000       0.207452135392926     
 -0.860000000000000       0.209091169478418     
 -0.856000000000000       0.210748521007297     
 -0.852000000000000       0.212424443826247     
 -0.848000000000000       0.214119195756568     
 -0.844000000000000       0.215833038657176     
 -0.840000000000000       0.217566238488362     
 -0.836000000000000       0.219319065376309     
 -0.832000000000000       0.221091793678350     
 -0.828000000000000       0.222884702048952     
 -0.824000000000000       0.224698073506435     
 -0.820000000000000       0.226532195500388     
 -0.816000000000000       0.228387359979777     
 -0.812000000000000       0.230263863461730     
 -0.808000000000000       0.232162007100977     
 -0.804000000000000       0.234082096759919     
 -0.800000000000000       0.236024443079311     
 -0.796000000000000       0.237989361549526     
 -0.792000000000000       0.239977172582378     
 -0.788000000000000       0.241988201583465     
 -0.784000000000000       0.244022779025005     
 -0.780000000000000       0.246081240519130     
 -0.776000000000000       0.248163926891587     
 -0.772000000000000       0.250271184255817     
 -0.768000000000000       0.252403364087358     
 -0.764000000000000       0.254560823298522     
 -0.760000000000000       0.256743924313298     
 -0.756000000000000       0.258953035142410     
 -0.752000000000000       0.261188529458488     
 -0.748000000000000       0.263450786671267     
 -0.744000000000000       0.265740192002749     
 -0.740000000000000       0.268057136562259     
 -0.736000000000000       0.270402017421298     
 -0.732000000000000       0.272775237688122     
 -0.728000000000000       0.275177206581937     
 -0.724000000000000       0.277608339506633     
 -0.720000000000000       0.280069058123921     
 -0.716000000000000       0.282559790425791     
 -0.712000000000000       0.285080970806147     
 -0.708000000000000       0.287633040131507     
 -0.704000000000000       0.290216445810626     
 -0.700000000000000       0.292831641862891     
 -0.696000000000000       0.295479088985349     
 -0.692000000000000       0.298159254618201     
 -0.688000000000000       0.300872613008578     
 -0.684000000000000       0.303619645272434     
 -0.680000000000000       0.306400839454355     
 -0.676000000000000       0.309216690585072     
 -0.672000000000000       0.312067700736480     
 -0.668000000000000       0.314954379073913     
 -0.664000000000000       0.317877241905452     
 -0.660000000000000       0.320836812727992     
 -0.656000000000000       0.323833622269816     
 -0.652000000000000       0.326868208529380     
 -0.648000000000000       0.329941116810003     
 -0.644000000000000       0.333052899750165     
 -0.640000000000000       0.336204117349054     
 -0.636000000000000       0.339395336987025     
 -0.632000000000000       0.342627133440596     
 -0.628000000000000       0.345900088891584     
 -0.624000000000000       0.349214792929979     
 -0.620000000000000       0.352571842550109     
 -0.616000000000000       0.355971842139654     
 -0.612000000000000       0.359415403461023     
 -0.608000000000000       0.362903145624581     
 -0.604000000000000       0.366435695053219     
 -0.600000000000000       0.370013685437681     
 -0.596000000000000       0.373637757682095     
 -0.592000000000000       0.377308559839070     
 -0.588000000000000       0.381026747033733     
 -0.584000000000000       0.384792981376020     
 -0.580000000000000       0.388607931860527     
 -0.576000000000000       0.392472274253174     
 -0.572000000000000       0.396386690963904     
 -0.568000000000000       0.400351870904620     
 -0.564000000000000       0.404368509331496     
 -0.560000000000000       0.408437307670788     
 -0.556000000000000       0.412558973327215     
 -0.552000000000000       0.416734219473933     
 -0.548000000000000       0.420963764823114     
 -0.544000000000000       0.425248333376052     
 -0.540000000000000       0.429588654151710     
 -0.536000000000000       0.433985460892559     
 -0.532000000000000       0.438439491746527     
 -0.528000000000000       0.442951488923786     
 -0.524000000000000       0.447522198327125     
 -0.520000000000000       0.452152369154537     
 -0.516000000000000       0.456842753472631     
 -0.512000000000000       0.461594105759430     
 -0.508000000000000       0.466407182415044     
 -0.504000000000000       0.471282741238660     
 -0.500000000000000       0.476221540870246     
 -0.496000000000000       0.481224340195285     
 -0.492000000000000       0.486291897710831     
 -0.488000000000000       0.491424970851094     
 -0.484000000000000       0.496624315270721     
 -0.480000000000000       0.501890684083878     
 -0.476000000000000       0.507224827057179     
 -0.472000000000000       0.512627489754472     
 -0.468000000000000       0.518099412631406     
 -0.464000000000000       0.523641330077671     
 -0.460000000000000       0.529253969404771     
 -0.456000000000000       0.534938049777085     
 -0.452000000000000       0.540694281083996     
 -0.448000000000000       0.546523362750764     
 -0.444000000000000       0.552425982485826     
 -0.440000000000000       0.558402814962136     
 -0.436000000000000       0.564454520430161     
 -0.432000000000000       0.570581743260101     
 -0.428000000000000       0.576785110410892     
 -0.424000000000000       0.583065229823547     
 -0.420000000000000       0.589422688736374     
 -0.416000000000000       0.595858051919642     
 -0.412000000000000       0.602371859827243     
 -0.408000000000000       0.608964626662974     
 -0.404000000000000       0.615636838359066     
 -0.400000000000000       0.622388950464660     
 -0.396000000000000       0.629221385941987     
 -0.392000000000000       0.636134532868113     
 -0.388000000000000       0.643128742040180     
 -0.384000000000000       0.650204324482241     
 -0.380000000000000       0.657361548851868     
 -0.376000000000000       0.664600638744943     
 -0.372000000000000       0.671921769897168     
 -0.368000000000000       0.679325067281099     
 -0.364000000000000       0.686810602097689     
 -0.360000000000000       0.694378388661657     
 -0.356000000000000       0.702028381180254     
 -0.352000000000000       0.709760470425351     
 -0.348000000000000       0.717574480299140     
 -0.344000000000000       0.725470164294147     
 -0.340000000000000       0.733447201848689     
 -0.336000000000000       0.741505194599404     
 -0.332000000000000       0.749643662533015     
 -0.328000000000000       0.757862040040032     
 -0.324000000000000       0.766159671873754     
 -0.320000000000000       0.774535809018568     
 -0.316000000000000       0.782989604472265     
 -0.312000000000000       0.791520108947864     
 -0.308000000000000       0.800126266501234     
 -0.304000000000000       0.808806910091694     
 -0.300000000000000       0.817560757083660     
 -0.296000000000000       0.826386404698403     
 -0.292000000000000       0.835282325425994     
 -0.288000000000000       0.844246862408578     
 -0.284000000000000       0.853278224807252     
 -0.280000000000000       0.862374483165977     
 -0.276000000000000       0.871533564787178     
 -0.272000000000000       0.880753249134931     
 -0.268000000000000       0.890031163282922     
 -0.264000000000000       0.899364777425698     
 -0.260000000000000       0.908751400473048     
 -0.256000000000000       0.918188175748763     
 -0.252000000000000       0.927672076816331     
 -0.248000000000000       0.937199903455572     
 -0.244000000000000       0.946768277815533     
 -0.240000000000000       0.956373640770339     
 -0.236000000000000       0.966012248505989     
 -0.232000000000000       0.975680169367385     
 -0.228000000000000       0.985373280996064     
 -0.224000000000000       0.995087267790252     
 -0.220000000000000        1.00481761871989     
 -0.216000000000000        1.01455962553021     
 -0.212000000000000        1.02430838136825     
 -0.208000000000000        1.03405877986730     
 -0.204000000000000        1.04380551472481     
 -0.200000000000000        1.05354307980950     
 -0.196000000000000        1.06326576983355     
 -0.192000000000000        1.07296768162550     
 -0.188000000000000        1.08264271603913     
 -0.184000000000000        1.09228458053280     
 -0.180000000000000        1.10188679245283     
 -0.176000000000000        1.11144268305309     
 -0.172000000000000        1.12094540228120     
 -0.168000000000000        1.13038792436001     
 -0.164000000000000        1.13976305419027     
 -0.160000000000000        1.14906343459783     
 -0.156000000000000        1.15828155444558     
 -0.152000000000000        1.16740975762654     
 -0.148000000000000        1.17644025295077     
 -0.144000000000000        1.18536512493424     
 -0.140000000000000        1.19417634549321     
 -0.136000000000000        1.20286578654240     
 -0.132000000000000        1.21142523348977     
 -0.128000000000000        1.21984639961500     
 -0.124000000000000        1.22812094131264     
 -0.120000000000000        1.23624047417443     
 -0.116000000000000        1.24419658987872     
 -0.112000000000000        1.25198087384835     
 -0.108000000000000        1.25958492363119     
 -0.104000000000000        1.26700036795079     
 -0.100000000000000        1.27421888636760     
 -9.599999999999997E-002   1.28123222948449     
 -9.199999999999997E-002   1.28803223962340     
 -8.799999999999997E-002   1.29461087189382     
 -8.399999999999996E-002   1.30096021556733     
 -7.999999999999996E-002   1.30707251566697     
 -7.599999999999996E-002   1.31294019467486     
 -7.199999999999995E-002   1.31855587425673     
 -6.799999999999995E-002   1.32391239689806     
 -6.399999999999995E-002   1.32900284734309     
 -6.000000000000005E-002   1.33382057372556     
 -5.600000000000005E-002   1.33835920827803     
 -5.200000000000005E-002   1.34261268750598     
 -4.800000000000004E-002   1.34657527171307     
 -4.400000000000004E-002   1.35024156376470     
 -4.000000000000004E-002   1.35360652697942     
 -3.600000000000003E-002   1.35666550204057     
 -3.200000000000003E-002   1.35941422282475     
 -2.800000000000002E-002   1.36184883104866     
 -2.400000000000002E-002   1.36396588964208     
 -2.000000000000002E-002   1.36576239476146     
 -1.600000000000001E-002   1.36723578636660     
 -1.200000000000001E-002   1.36838395729142     
 -8.000000000000007E-003   1.36920526074920     
 -4.000000000000004E-003   1.36969851622248     
  0.000000000000000E+000   1.36986301369863     
  4.000000000000004E-003   1.36969851622248     
  8.000000000000007E-003   1.36920526074920     
  1.200000000000001E-002   1.36838395729142     
  1.600000000000001E-002   1.36723578636660     
  2.000000000000002E-002   1.36576239476146     
  2.400000000000002E-002   1.36396588964208     
  2.800000000000002E-002   1.36184883104866     
  3.200000000000003E-002   1.35941422282475     
  3.600000000000003E-002   1.35666550204057     
  4.000000000000004E-002   1.35360652697942     
  4.400000000000004E-002   1.35024156376470     
  4.800000000000004E-002   1.34657527171307     
  5.200000000000005E-002   1.34261268750598     
  5.600000000000005E-002   1.33835920827803     
  6.000000000000005E-002   1.33382057372556     
  6.400000000000006E-002   1.32900284734309     
  6.800000000000006E-002   1.32391239689806     
  7.200000000000006E-002   1.31855587425673     
  7.600000000000007E-002   1.31294019467486     
  8.000000000000007E-002   1.30707251566697     
  8.400000000000007E-002   1.30096021556733     
  8.800000000000008E-002   1.29461087189382     
  9.200000000000008E-002   1.28803223962340     
  9.600000000000009E-002   1.28123222948449     
  0.100000000000000        1.27421888636760     
  0.104000000000000        1.26700036795079     
  0.108000000000000        1.25958492363119     
  0.112000000000000        1.25198087384835     
  0.116000000000000        1.24419658987872     
  0.120000000000000        1.23624047417443     
  0.124000000000000        1.22812094131264     
  0.128000000000000        1.21984639961500     
  0.132000000000000        1.21142523348977     
  0.136000000000000        1.20286578654240     
  0.140000000000000        1.19417634549321     
  0.144000000000000        1.18536512493424     
  0.148000000000000        1.17644025295077     
  0.152000000000000        1.16740975762654     
  0.156000000000000        1.15828155444558     
  0.160000000000000        1.14906343459783     
  0.164000000000000        1.13976305419027     
  0.168000000000000        1.13038792436001     
  0.172000000000000        1.12094540228120     
  0.176000000000000        1.11144268305309     
  0.180000000000000        1.10188679245283     
  0.184000000000000        1.09228458053280     
  0.188000000000000        1.08264271603913     
  0.192000000000000        1.07296768162550     
  0.196000000000000        1.06326576983355     
  0.200000000000000        1.05354307980950     
  0.204000000000000        1.04380551472481     
  0.208000000000000        1.03405877986730     
  0.212000000000000        1.02430838136825     
  0.216000000000000        1.01455962553021     
  0.220000000000000        1.00481761871989     
  0.224000000000000       0.995087267790252     
  0.228000000000000       0.985373280996064     
  0.232000000000000       0.975680169367385     
  0.236000000000000       0.966012248505989     
  0.240000000000000       0.956373640770339     
  0.244000000000000       0.946768277815533     
  0.248000000000000       0.937199903455572     
  0.252000000000000       0.927672076816331     
  0.256000000000000       0.918188175748764     
  0.260000000000000       0.908751400473049     
  0.264000000000000       0.899364777425698     
  0.268000000000000       0.890031163282923     
  0.272000000000000       0.880753249134931     
  0.276000000000000       0.871533564787179     
  0.280000000000000       0.862374483165978     
  0.284000000000000       0.853278224807253     
  0.288000000000000       0.844246862408578     
  0.292000000000000       0.835282325425994     
  0.296000000000000       0.826386404698403     
  0.300000000000000       0.817560757083660     
  0.304000000000000       0.808806910091694     
  0.308000000000000       0.800126266501234     
  0.312000000000000       0.791520108947864     
  0.316000000000000       0.782989604472265     
  0.320000000000000       0.774535809018568     
  0.324000000000000       0.766159671873754     
  0.328000000000000       0.757862040040032     
  0.332000000000000       0.749643662533015     
  0.336000000000000       0.741505194599404     
  0.340000000000000       0.733447201848689     
  0.344000000000000       0.725470164294147     
  0.348000000000000       0.717574480299140     
  0.352000000000000       0.709760470425351     
  0.356000000000000       0.702028381180254     
  0.360000000000000       0.694378388661657     
  0.364000000000000       0.686810602097689     
  0.368000000000000       0.679325067281099     
  0.372000000000000       0.671921769897168     
  0.376000000000000       0.664600638744943     
  0.380000000000000       0.657361548851869     
  0.384000000000000       0.650204324482242     
  0.388000000000000       0.643128742040181     
  0.392000000000000       0.636134532868113     
  0.396000000000000       0.629221385941988     
  0.400000000000000       0.622388950464660     
  0.404000000000000       0.615636838359067     
  0.408000000000000       0.608964626662974     
  0.412000000000000       0.602371859827243     
  0.416000000000000       0.595858051919643     
  0.420000000000000       0.589422688736375     
  0.424000000000000       0.583065229823547     
  0.428000000000000       0.576785110410892     
  0.432000000000000       0.570581743260101     
  0.436000000000000       0.564454520430161     
  0.440000000000000       0.558402814962136     
  0.444000000000000       0.552425982485826     
  0.448000000000000       0.546523362750765     
  0.452000000000000       0.540694281083996     
  0.456000000000000       0.534938049777085     
  0.460000000000000       0.529253969404771     
  0.464000000000000       0.523641330077671     
  0.468000000000000       0.518099412631406     
  0.472000000000000       0.512627489754473     
  0.476000000000000       0.507224827057179     
  0.480000000000000       0.501890684083878     
  0.484000000000000       0.496624315270722     
  0.488000000000000       0.491424970851094     
  0.492000000000000       0.486291897710831     
  0.496000000000000       0.481224340195285     
  0.500000000000000       0.476221540870246     
  0.504000000000000       0.471282741238660     
  0.508000000000000       0.466407182415044     
  0.512000000000000       0.461594105759430     
  0.516000000000000       0.456842753472631     
  0.520000000000000       0.452152369154537     
  0.524000000000000       0.447522198327125     
  0.528000000000000       0.442951488923786     
  0.532000000000000       0.438439491746527     
  0.536000000000000       0.433985460892559     
  0.540000000000000       0.429588654151709     
  0.544000000000000       0.425248333376052     
  0.548000000000000       0.420963764823114     
  0.552000000000000       0.416734219473933     
  0.556000000000000       0.412558973327215     
  0.560000000000000       0.408437307670788     
  0.564000000000000       0.404368509331496     
  0.568000000000000       0.400351870904620     
  0.572000000000000       0.396386690963904     
  0.576000000000000       0.392472274253174     
  0.580000000000000       0.388607931860527     
  0.584000000000000       0.384792981376020     
  0.588000000000000       0.381026747033733     
  0.592000000000000       0.377308559839070     
  0.596000000000000       0.373637757682095     
  0.600000000000000       0.370013685437680     
  0.604000000000000       0.366435695053218     
  0.608000000000000       0.362903145624581     
  0.612000000000000       0.359415403461023     
  0.616000000000000       0.355971842139654     
  0.620000000000000       0.352571842550109     
  0.624000000000000       0.349214792929979     
  0.628000000000000       0.345900088891585     
  0.632000000000000       0.342627133440596     
  0.636000000000000       0.339395336987025     
  0.640000000000000       0.336204117349054     
  0.644000000000000       0.333052899750165     
  0.648000000000000       0.329941116810003     
  0.652000000000000       0.326868208529380     
  0.656000000000000       0.323833622269816     
  0.660000000000000       0.320836812727992     
  0.664000000000000       0.317877241905452     
  0.668000000000000       0.314954379073913     
  0.672000000000000       0.312067700736480     
  0.676000000000000       0.309216690585072     
  0.680000000000000       0.306400839454355     
  0.684000000000000       0.303619645272434     
  0.688000000000000       0.300872613008578     
  0.692000000000000       0.298159254618201     
  0.696000000000000       0.295479088985349     
  0.700000000000000       0.292831641862891     
  0.704000000000000       0.290216445810626     
  0.708000000000000       0.287633040131507     
  0.712000000000000       0.285080970806147     
  0.716000000000000       0.282559790425791     
  0.720000000000000       0.280069058123921     
  0.724000000000000       0.277608339506633     
  0.728000000000000       0.275177206581937     
  0.732000000000000       0.272775237688122     
  0.736000000000000       0.270402017421298     
  0.740000000000000       0.268057136562259     
  0.744000000000000       0.265740192002749     
  0.748000000000000       0.263450786671267     
  0.752000000000000       0.261188529458488     
  0.756000000000000       0.258953035142410     
  0.760000000000000       0.256743924313298     
  0.764000000000000       0.254560823298522     
  0.768000000000000       0.252403364087358     
  0.772000000000000       0.250271184255817     
  0.776000000000000       0.248163926891587     
  0.780000000000000       0.246081240519130     
  0.784000000000000       0.244022779025005     
  0.788000000000000       0.241988201583465     
  0.792000000000000       0.239977172582378     
  0.796000000000000       0.237989361549526     
  0.800000000000000       0.236024443079311     
  0.804000000000000       0.234082096759919     
  0.808000000000000       0.232162007100977     
  0.812000000000000       0.230263863461730     
  0.816000000000000       0.228387359979777     
  0.820000000000000       0.226532195500388     
  0.824000000000000       0.224698073506435     
  0.828000000000000       0.222884702048952     
  0.832000000000000       0.221091793678350     
  0.836000000000000       0.219319065376309     
  0.840000000000000       0.217566238488362     
  0.844000000000000       0.215833038657175     
  0.848000000000000       0.214119195756568     
  0.852000000000000       0.212424443826247     
  0.856000000000000       0.210748521007297     
  0.860000000000000       0.209091169478418     
  0.864000000000000       0.207452135392926     
  0.868000000000000       0.205831168816521     
  0.872000000000000       0.204228023665831     
  0.876000000000000       0.202642457647726     
  0.880000000000000       0.201074232199422     
  0.884000000000000       0.199523112429361     
  0.888000000000000       0.197988867058884     
  0.892000000000000       0.196471268364681     
  0.896000000000000       0.194970092122033     
  0.900000000000000       0.193485117548835     
  0.904000000000000       0.192016127250403     
  0.908000000000000       0.190562907165061     
  0.912000000000000       0.189125246510510     
  0.916000000000000       0.187702937730965     
  0.920000000000000       0.186295776445068     
  0.924000000000000       0.184903561394568     
  0.928000000000000       0.183526094393755     
  0.932000000000000       0.182163180279663     
  0.936000000000000       0.180814626863010     
  0.940000000000000       0.179480244879896     
  0.944000000000000       0.178159847944231     
  0.948000000000000       0.176853252500899     
  0.952000000000000       0.175560277779648     
  0.956000000000000       0.174280745749698     
  0.960000000000000       0.173014481075060     
  0.964000000000000       0.171761311070558     
  0.968000000000000       0.170521065658552     
  0.972000000000000       0.169293577326349     
  0.976000000000000       0.168078681084287     
  0.980000000000000       0.166876214424506     
  0.984000000000000       0.165686017280371     
  0.988000000000000       0.164507931986562     
  0.992000000000000       0.163341803239806     
  0.996000000000000       0.162187478060256     
