  -1.00000000000000       0.162723194652124     
 -0.996000000000000       0.163874017198800     
 -0.992000000000000       0.165036522136304     
 -0.988000000000000       0.166210859588660     
 -0.984000000000000       0.167397181936306     
 -0.980000000000000       0.168595643853094     
 -0.976000000000000       0.169806402343879     
 -0.972000000000000       0.171029616782720     
 -0.968000000000000       0.172265448951695     
 -0.964000000000000       0.173514063080334     
 -0.960000000000000       0.174775625885687     
 -0.956000000000000       0.176050306613021     
 -0.952000000000000       0.177338277077158     
 -0.948000000000000       0.178639711704474     
 -0.944000000000000       0.179954787575532     
 -0.940000000000000       0.181283684468398     
 -0.936000000000000       0.182626584902606     
 -0.932000000000000       0.183983674183809     
 -0.928000000000000       0.185355140449100     
 -0.924000000000000       0.186741174713024     
 -0.920000000000000       0.188141970914268     
 -0.916000000000000       0.189557725963056     
 -0.912000000000000       0.190988639789231     
 -0.908000000000000       0.192434915391049     
 -0.904000000000000       0.193896758884664     
 -0.900000000000000       0.195374379554335     
 -0.896000000000000       0.196867989903333     
 -0.892000000000000       0.198377805705560     
 -0.888000000000000       0.199904046057892     
 -0.884000000000000       0.201446933433222     
 -0.880000000000000       0.203006693734226     
 -0.876000000000000       0.204583556347841     
 -0.872000000000000       0.206177754200454     
 -0.868000000000000       0.207789523813803     
 -0.864000000000000       0.209419105361582     
 -0.860000000000000       0.211066742726754     
 -0.856000000000000       0.212732683559558     
 -0.852000000000000       0.214417179336211     
 -0.848000000000000       0.216120485418292     
 -0.844000000000000       0.217842861112812     
 -0.840000000000000       0.219584569732938     
 -0.836000000000000       0.221345878659386     
 -0.832000000000000       0.223127059402454     
 -0.828000000000000       0.224928387664684     
 -0.824000000000000       0.226750143404145     
 -0.820000000000000       0.228592610898307     
 -0.816000000000000       0.230456078808505     
 -0.812000000000000       0.232340840244950     
 -0.808000000000000       0.234247192832289     
 -0.804000000000000       0.236175438775667     
 -0.800000000000000       0.238125884927275     
 -0.796000000000000       0.240098842853361     
 -0.792000000000000       0.242094628901649     
 -0.788000000000000       0.244113564269164     
 -0.784000000000000       0.246155975070387     
 -0.780000000000000       0.248222192405743     
 -0.776000000000000       0.250312552430332     
 -0.772000000000000       0.252427396422899     
 -0.768000000000000       0.254567070854960     
 -0.764000000000000       0.256731927460047     
 -0.760000000000000       0.258922323303009     
 -0.756000000000000       0.261138620849308     
 -0.752000000000000       0.263381188034237     
 -0.748000000000000       0.265650398332003     
 -0.744000000000000       0.267946630824580     
 -0.740000000000000       0.270270270270270     
 -0.736000000000000       0.272621707171867     
 -0.732000000000000       0.275001337844346     
 -0.728000000000000       0.277409564481979     
 -0.724000000000000       0.279846795224755     
 -0.720000000000000       0.282313444224020     
 -0.716000000000000       0.284809931707197     
 -0.712000000000000       0.287336684041476     
 -0.708000000000000       0.289894133796328     
 -0.704000000000000       0.292482719804716     
 -0.700000000000000       0.295102887222843     
 -0.696000000000000       0.297755087588280     
 -0.692000000000000       0.300439778876323     
 -0.688000000000000       0.303157425554368     
 -0.684000000000000       0.305908498634160     
 -0.680000000000000       0.308693475721675     
 -0.676000000000000       0.311512841064465     
 -0.672000000000000       0.314367085596210     
 -0.668000000000000       0.317256706978276     
 -0.664000000000000       0.320182209638004     
 -0.660000000000000       0.323144104803493     
 -0.656000000000000       0.326142910534592     
 -0.652000000000000       0.329179151749810     
 -0.648000000000000       0.332253360248849     
 -0.644000000000000       0.335366074730438     
 -0.640000000000000       0.338517840805123     
 -0.636000000000000       0.341709211002667     
 -0.632000000000000       0.344940744773682     
 -0.628000000000000       0.348213008485104     
 -0.624000000000000       0.351526575409101     
 -0.620000000000000       0.354882025704968     
 -0.616000000000000       0.358279946393573     
 -0.612000000000000       0.361720931323860     
 -0.608000000000000       0.365205581130913     
 -0.604000000000000       0.368734503185069     
 -0.600000000000000       0.372308311531495     
 -0.596000000000000       0.375927626819693     
 -0.592000000000000       0.379593076222290     
 -0.588000000000000       0.383305293342505     
 -0.584000000000000       0.387064918109617     
 -0.580000000000000       0.390872596661737     
 -0.576000000000000       0.394728981215168     
 -0.572000000000000       0.398634729919584     
 -0.568000000000000       0.402590506698236     
 -0.564000000000000       0.406596981072361     
 -0.560000000000000       0.410654827968923     
 -0.556000000000000       0.414764727510784     
 -0.552000000000000       0.418927364788362     
 -0.548000000000000       0.423143429611806     
 -0.544000000000000       0.427413616242642     
 -0.540000000000000       0.431738623103851     
 -0.536000000000000       0.436119152467256     
 -0.532000000000000       0.440555910117069     
 -0.528000000000000       0.445049604988405     
 -0.524000000000000       0.449600948779516     
 -0.520000000000000       0.454210655536460     
 -0.516000000000000       0.458879441208862     
 -0.512000000000000       0.463608023175389     
 -0.508000000000000       0.468397119737495     
 -0.504000000000000       0.473247449579961     
 -0.500000000000000       0.478159731196692     
 -0.496000000000000       0.483134682280187     
 -0.492000000000000       0.488173019073052     
 -0.488000000000000       0.493275455679867     
 -0.484000000000000       0.498442703337680     
 -0.480000000000000       0.503675469643343     
 -0.476000000000000       0.508974457735861     
 -0.472000000000000       0.514340365431879     
 -0.468000000000000       0.519773884312381     
 -0.464000000000000       0.525275698758646     
 -0.460000000000000       0.530846484935438     
 -0.456000000000000       0.536486909719403     
 -0.452000000000000       0.542197629570579     
 -0.448000000000000       0.547979289344913     
 -0.444000000000000       0.553832521045636     
 -0.440000000000000       0.559757942511346     
 -0.436000000000000       0.565756156038606     
 -0.432000000000000       0.571827746936858     
 -0.428000000000000       0.577973282013471     
 -0.424000000000000       0.584193307986712     
 -0.420000000000000       0.590488349824449     
 -0.416000000000000       0.596858909006439     
 -0.412000000000000       0.603305461708039     
 -0.408000000000000       0.609828456903258     
 -0.404000000000000       0.616428314385104     
 -0.400000000000000       0.623105422701246     
 -0.396000000000000       0.629860137003091     
 -0.392000000000000       0.636692776806487     
 -0.388000000000000       0.643603623662348     
 -0.384000000000000       0.650592918735669     
 -0.380000000000000       0.657660860291504     
 -0.376000000000000       0.664807601086691     
 -0.372000000000000       0.672033245666294     
 -0.368000000000000       0.679337847563931     
 -0.364000000000000       0.686721406405440     
 -0.360000000000000       0.694183864915572     
 -0.356000000000000       0.701725105827732     
 -0.352000000000000       0.709344948697106     
 -0.348000000000000       0.717043146617882     
 -0.344000000000000       0.724819382845680     
 -0.340000000000000       0.732673267326733     
 -0.336000000000000       0.740604333135839     
 -0.332000000000000       0.748612032825626     
 -0.328000000000000       0.756695734690205     
 -0.324000000000000       0.764854718946898     
 -0.320000000000000       0.773088173840368     
 -0.316000000000000       0.781395191674129     
 -0.312000000000000       0.789774764775191     
 -0.308000000000000       0.798225781398319     
 -0.304000000000000       0.806747021577212     
 -0.300000000000000       0.815337152930806     
 -0.296000000000000       0.823994726433751     
 -0.292000000000000       0.832718172161106     
 -0.288000000000000       0.841505795018285     
 -0.284000000000000       0.850355770468293     
 -0.280000000000000       0.859266140269391     
 -0.276000000000000       0.868234808237436     
 -0.272000000000000       0.877259536048254     
 -0.268000000000000       0.886337939096606     
 -0.264000000000000       0.895467482429476     
 -0.260000000000000       0.904645476772616     
 -0.256000000000000       0.913869074670513     
 -0.252000000000000       0.923135266761142     
 -0.248000000000000       0.932440878208101     
 -0.244000000000000       0.941782565313893     
 -0.240000000000000       0.951156812339332     
 -0.236000000000000       0.960559928555110     
 -0.232000000000000       0.969988045552736     
 -0.228000000000000       0.979437114842972     
 -0.224000000000000       0.988902905770917     
 -0.220000000000000       0.998381003777658     
 -0.216000000000000        1.00786680903920     
 -0.212000000000000        1.01735553551396     
 -0.208000000000000        1.02684221043050     
 -0.204000000000000        1.03632167424769     
 -0.200000000000000        1.04578858111928     
 -0.196000000000000        1.05523739989505     
 -0.192000000000000        1.06466241569025     
 -0.188000000000000        1.07405773205453     
 -0.184000000000000        1.08341727377076     
 -0.180000000000000        1.09273479031305     
 -0.176000000000000        1.10200385999190     
 -0.172000000000000        1.11121789481271     
 -0.168000000000000        1.12037014607204     
 -0.164000000000000        1.12945371071333     
 -0.160000000000000        1.13846153846154     
 -0.156000000000000        1.14738643975291     
 -0.152000000000000        1.15622109447264     
 -0.148000000000000        1.16495806150979     
 -0.144000000000000        1.17358978913446     
 -0.140000000000000        1.18210862619808     
 -0.136000000000000        1.19050683415275     
 -0.132000000000000        1.19877659988077     
 -0.128000000000000        1.20691004932022     
 -0.124000000000000        1.21489926186661     
 -0.120000000000000        1.22273628552545     
 -0.116000000000000        1.23041315278406     
 -0.112000000000000        1.23792189716549     
 -0.108000000000000        1.24525457042083     
 -0.104000000000000        1.25240326031033     
 -0.100000000000000        1.25936010891763     
 -9.599999999999997E-002   1.26611733143530     
 -9.199999999999997E-002   1.27266723535401     
 -8.799999999999997E-002   1.27900223998230     
 -8.399999999999996E-002   1.28511489621829     
 -7.999999999999996E-002   1.29099790648988     
 -7.599999999999996E-002   1.29664414477558     
 -7.199999999999995E-002   1.30204667661383     
 -6.799999999999995E-002   1.30719877900568     
 -6.399999999999995E-002   1.31209396011234     
 -6.000000000000005E-002   1.31672597864769     
 -5.600000000000005E-002   1.32108886286383     
 -5.200000000000005E-002   1.32517692902782     
 -4.800000000000004E-002   1.32898479928738     
 -4.400000000000004E-002   1.33250741882509     
 -4.000000000000004E-002   1.33574007220217     
 -3.600000000000003E-002   1.33867839879591     
 -3.200000000000003E-002   1.34131840723877     
 -2.800000000000002E-002   1.34365648877139     
 -2.400000000000002E-002   1.34568942942768     
 -2.000000000000002E-002   1.34741442097597     
 -1.600000000000001E-002   1.34882907054741     
 -1.200000000000001E-002   1.34993140889058     
 -8.000000000000007E-003   1.35071989719926     
 -4.000000000000004E-003   1.35119343246954     
  0.000000000000000E+000   1.35135135135135     
  4.000000000000004E-003   1.35119343246954     
  8.000000000000007E-003   1.35071989719926     
  1.200000000000001E-002   1.34993140889058     
  1.600000000000001E-002   1.34882907054741     
  2.000000000000002E-002   1.34741442097597     
  2.400000000000002E-002   1.34568942942768     
  2.800000000000002E-002   1.34365648877139     
  3.200000000000003E-002   1.34131840723877     
  3.600000000000003E-002   1.33867839879591     
  4.000000000000004E-002   1.33574007220217     
  4.400000000000004E-002   1.33250741882509     
  4.800000000000004E-002   1.32898479928738     
  5.200000000000005E-002   1.32517692902782     
  5.600000000000005E-002   1.32108886286384     
  6.000000000000005E-002   1.31672597864769     
  6.400000000000006E-002   1.31209396011234     
  6.800000000000006E-002   1.30719877900568     
  7.200000000000006E-002   1.30204667661383     
  7.600000000000007E-002   1.29664414477558     
  8.000000000000007E-002   1.29099790648988     
  8.400000000000007E-002   1.28511489621829     
  8.800000000000008E-002   1.27900223998230     
  9.200000000000008E-002   1.27266723535401     
  9.600000000000009E-002   1.26611733143530     
  0.100000000000000        1.25936010891763     
  0.104000000000000        1.25240326031033     
  0.108000000000000        1.24525457042083     
  0.112000000000000        1.23792189716549     
  0.116000000000000        1.23041315278406     
  0.120000000000000        1.22273628552545     
  0.124000000000000        1.21489926186661     
  0.128000000000000        1.20691004932022     
  0.132000000000000        1.19877659988077     
  0.136000000000000        1.19050683415275     
  0.140000000000000        1.18210862619808     
  0.144000000000000        1.17358978913446     
  0.148000000000000        1.16495806150979     
  0.152000000000000        1.15622109447264     
  0.156000000000000        1.14738643975291     
  0.160000000000000        1.13846153846154     
  0.164000000000000        1.12945371071333     
  0.168000000000000        1.12037014607204     
  0.172000000000000        1.11121789481271     
  0.176000000000000        1.10200385999190     
  0.180000000000000        1.09273479031305     
  0.184000000000000        1.08341727377076     
  0.188000000000000        1.07405773205453     
  0.192000000000000        1.06466241569025     
  0.196000000000000        1.05523739989505     
  0.200000000000000        1.04578858111928     
  0.204000000000000        1.03632167424769     
  0.208000000000000        1.02684221043050     
  0.212000000000000        1.01735553551396     
  0.216000000000000        1.00786680903920     
  0.220000000000000       0.998381003777658     
  0.224000000000000       0.988902905770917     
  0.228000000000000       0.979437114842973     
  0.232000000000000       0.969988045552736     
  0.236000000000000       0.960559928555110     
  0.240000000000000       0.951156812339332     
  0.244000000000000       0.941782565313894     
  0.248000000000000       0.932440878208101     
  0.252000000000000       0.923135266761143     
  0.256000000000000       0.913869074670513     
  0.260000000000000       0.904645476772616     
  0.264000000000000       0.895467482429476     
  0.268000000000000       0.886337939096606     
  0.272000000000000       0.877259536048254     
  0.276000000000000       0.868234808237436     
  0.280000000000000       0.859266140269392     
  0.284000000000000       0.850355770468293     
  0.288000000000000       0.841505795018286     
  0.292000000000000       0.832718172161106     
  0.296000000000000       0.823994726433751     
  0.300000000000000       0.815337152930807     
  0.304000000000000       0.806747021577212     
  0.308000000000000       0.798225781398319     
  0.312000000000000       0.789774764775192     
  0.316000000000000       0.781395191674129     
  0.320000000000000       0.773088173840368     
  0.324000000000000       0.764854718946898     
  0.328000000000000       0.756695734690205     
  0.332000000000000       0.748612032825626     
  0.336000000000000       0.740604333135839     
  0.340000000000000       0.732673267326733     
  0.344000000000000       0.724819382845680     
  0.348000000000000       0.717043146617882     
  0.352000000000000       0.709344948697106     
  0.356000000000000       0.701725105827732     
  0.360000000000000       0.694183864915572     
  0.364000000000000       0.686721406405440     
  0.368000000000000       0.679337847563931     
  0.372000000000000       0.672033245666294     
  0.376000000000000       0.664807601086691     
  0.380000000000000       0.657660860291504     
  0.384000000000000       0.650592918735670     
  0.388000000000000       0.643603623662348     
  0.392000000000000       0.636692776806487     
  0.396000000000000       0.629860137003092     
  0.400000000000000       0.623105422701246     
  0.404000000000000       0.616428314385105     
  0.408000000000000       0.609828456903258     
  0.412000000000000       0.603305461708040     
  0.416000000000000       0.596858909006440     
  0.420000000000000       0.590488349824450     
  0.424000000000000       0.584193307986712     
  0.428000000000000       0.577973282013472     
  0.432000000000000       0.571827746936858     
  0.436000000000000       0.565756156038606     
  0.440000000000000       0.559757942511347     
  0.444000000000000       0.553832521045636     
  0.448000000000000       0.547979289344913     
  0.452000000000000       0.542197629570580     
  0.456000000000000       0.536486909719403     
  0.460000000000000       0.530846484935438     
  0.464000000000000       0.525275698758646     
  0.468000000000000       0.519773884312381     
  0.472000000000000       0.514340365431879     
  0.476000000000000       0.508974457735862     
  0.480000000000000       0.503675469643343     
  0.484000000000000       0.498442703337680     
  0.488000000000000       0.493275455679867     
  0.492000000000000       0.488173019073052     
  0.496000000000000       0.483134682280187     
  0.500000000000000       0.478159731196692     
  0.504000000000000       0.473247449579961     
  0.508000000000000       0.468397119737495     
  0.512000000000000       0.463608023175389     
  0.516000000000000       0.458879441208862     
  0.520000000000000       0.454210655536460     
  0.524000000000000       0.449600948779516     
  0.528000000000000       0.445049604988405     
  0.532000000000000       0.440555910117069     
  0.536000000000000       0.436119152467256     
  0.540000000000000       0.431738623103851     
  0.544000000000000       0.427413616242641     
  0.548000000000000       0.423143429611806     
  0.552000000000000       0.418927364788362     
  0.556000000000000       0.414764727510784     
  0.560000000000000       0.410654827968923     
  0.564000000000000       0.406596981072361     
  0.568000000000000       0.402590506698235     
  0.572000000000000       0.398634729919583     
  0.576000000000000       0.394728981215168     
  0.580000000000000       0.390872596661737     
  0.584000000000000       0.387064918109617     
  0.588000000000000       0.383305293342505     
  0.592000000000000       0.379593076222290     
  0.596000000000000       0.375927626819693     
  0.600000000000000       0.372308311531495     
  0.604000000000000       0.368734503185069     
  0.608000000000000       0.365205581130913     
  0.612000000000000       0.361720931323859     
  0.616000000000000       0.358279946393573     
  0.620000000000000       0.354882025704968     
  0.624000000000000       0.351526575409101     
  0.628000000000000       0.348213008485104     
  0.632000000000000       0.344940744773682     
  0.636000000000000       0.341709211002667     
  0.640000000000000       0.338517840805124     
  0.644000000000000       0.335366074730438     
  0.648000000000000       0.332253360248849     
  0.652000000000000       0.329179151749810     
  0.656000000000000       0.326142910534592     
  0.660000000000000       0.323144104803493     
  0.664000000000000       0.320182209638004     
  0.668000000000000       0.317256706978276     
  0.672000000000000       0.314367085596210     
  0.676000000000000       0.311512841064465     
  0.680000000000000       0.308693475721675     
  0.684000000000000       0.305908498634160     
  0.688000000000000       0.303157425554368     
  0.692000000000000       0.300439778876323     
  0.696000000000000       0.297755087588280     
  0.700000000000000       0.295102887222843     
  0.704000000000000       0.292482719804716     
  0.708000000000000       0.289894133796328     
  0.712000000000000       0.287336684041476     
  0.716000000000000       0.284809931707197     
  0.720000000000000       0.282313444224020     
  0.724000000000000       0.279846795224755     
  0.728000000000000       0.277409564481979     
  0.732000000000000       0.275001337844346     
  0.736000000000000       0.272621707171867     
  0.740000000000000       0.270270270270270     
  0.744000000000000       0.267946630824580     
  0.748000000000000       0.265650398332003     
  0.752000000000000       0.263381188034237     
  0.756000000000000       0.261138620849308     
  0.760000000000000       0.258922323303009     
  0.764000000000000       0.256731927460047     
  0.768000000000000       0.254567070854960     
  0.772000000000000       0.252427396422899     
  0.776000000000000       0.250312552430332     
  0.780000000000000       0.248222192405743     
  0.784000000000000       0.246155975070387     
  0.788000000000000       0.244113564269164     
  0.792000000000000       0.242094628901649     
  0.796000000000000       0.240098842853361     
  0.800000000000000       0.238125884927275     
  0.804000000000000       0.236175438775666     
  0.808000000000000       0.234247192832289     
  0.812000000000000       0.232340840244950     
  0.816000000000000       0.230456078808505     
  0.820000000000000       0.228592610898307     
  0.824000000000000       0.226750143404145     
  0.828000000000000       0.224928387664684     
  0.832000000000000       0.223127059402454     
  0.836000000000000       0.221345878659386     
  0.840000000000000       0.219584569732938     
  0.844000000000000       0.217842861112812     
  0.848000000000000       0.216120485418292     
  0.852000000000000       0.214417179336211     
  0.856000000000000       0.212732683559558     
  0.860000000000000       0.211066742726754     
  0.864000000000000       0.209419105361582     
  0.868000000000000       0.207789523813803     
  0.872000000000000       0.206177754200454     
  0.876000000000000       0.204583556347841     
  0.880000000000000       0.203006693734226     
  0.884000000000000       0.201446933433222     
  0.888000000000000       0.199904046057892     
  0.892000000000000       0.198377805705560     
  0.896000000000000       0.196867989903333     
  0.900000000000000       0.195374379554335     
  0.904000000000000       0.193896758884664     
  0.908000000000000       0.192434915391049     
  0.912000000000000       0.190988639789231     
  0.916000000000000       0.189557725963056     
  0.920000000000000       0.188141970914268     
  0.924000000000000       0.186741174713024     
  0.928000000000000       0.185355140449100     
  0.932000000000000       0.183983674183809     
  0.936000000000000       0.182626584902606     
  0.940000000000000       0.181283684468398     
  0.944000000000000       0.179954787575532     
  0.948000000000000       0.178639711704474     
  0.952000000000000       0.177338277077158     
  0.956000000000000       0.176050306613020     
  0.960000000000000       0.174775625885687     
  0.964000000000000       0.173514063080334     
  0.968000000000000       0.172265448951695     
  0.972000000000000       0.171029616782720     
  0.976000000000000       0.169806402343879     
  0.980000000000000       0.168595643853094     
  0.984000000000000       0.167397181936306     
  0.988000000000000       0.166210859588660     
  0.992000000000000       0.165036522136304     
  0.996000000000000       0.163874017198800     
