  -1.00000000000000       0.164383561643836     
 -0.996000000000000       0.165542303342365     
 -0.992000000000000       0.166712753481185     
 -0.988000000000000       0.167895061557045     
 -0.984000000000000       0.169089379293179     
 -0.980000000000000       0.170295860675280     
 -0.976000000000000       0.171514661988052     
 -0.972000000000000       0.172745941852334     
 -0.968000000000000       0.173989861262805     
 -0.964000000000000       0.175246583626268     
 -0.960000000000000       0.176516274800537     
 -0.956000000000000       0.177799103133911     
 -0.952000000000000       0.179095239505258     
 -0.948000000000000       0.180404857364704     
 -0.944000000000000       0.181728132774935     
 -0.940000000000000       0.183065244453123     
 -0.936000000000000       0.184416373813465     
 -0.932000000000000       0.185781705010359     
 -0.928000000000000       0.187161424982207     
 -0.924000000000000       0.188555723495853     
 -0.920000000000000       0.189964793191662     
 -0.916000000000000       0.191388829629236     
 -0.912000000000000       0.192828031333784     
 -0.908000000000000       0.194282599843123     
 -0.904000000000000       0.195752739755346     
 -0.900000000000000       0.197238658777120     
 -0.896000000000000       0.198740567772654     
 -0.892000000000000       0.200258680813296     
 -0.888000000000000       0.201793215227800     
 -0.884000000000000       0.203344391653228     
 -0.880000000000000       0.204912434086500     
 -0.876000000000000       0.206497569936597     
 -0.872000000000000       0.208100030077391     
 -0.868000000000000       0.209720048901123     
 -0.864000000000000       0.211357864372504     
 -0.860000000000000       0.213013718083445     
 -0.856000000000000       0.214687855308401     
 -0.852000000000000       0.216380525060327     
 -0.848000000000000       0.218091980147232     
 -0.844000000000000       0.219822477229322     
 -0.840000000000000       0.221572276876717     
 -0.836000000000000       0.223341643627735     
 -0.832000000000000       0.225130846047723     
 -0.828000000000000       0.226940156788416     
 -0.824000000000000       0.228769852647813     
 -0.820000000000000       0.230620214630546     
 -0.816000000000000       0.232491528008719     
 -0.812000000000000       0.234384082383192     
 -0.808000000000000       0.236298171745292     
 -0.804000000000000       0.238234094538912     
 -0.800000000000000       0.240192153722978     
 -0.796000000000000       0.242172656834242     
 -0.792000000000000       0.244175916050367     
 -0.788000000000000       0.246202248253277     
 -0.784000000000000       0.248251975092714     
 -0.780000000000000       0.250325423049965     
 -0.776000000000000       0.252422923501718     
 -0.772000000000000       0.254544812783987     
 -0.768000000000000       0.256691432256051     
 -0.764000000000000       0.258863128364358     
 -0.760000000000000       0.261060252706325     
 -0.756000000000000       0.263283162093965     
 -0.752000000000000       0.265532218617278     
 -0.748000000000000       0.267807789707325     
 -0.744000000000000       0.270110248198905     
 -0.740000000000000       0.272439972392749     
 -0.736000000000000       0.274797346117150     
 -0.732000000000000       0.277182758788911     
 -0.728000000000000       0.279596605473532     
 -0.724000000000000       0.282039286944514     
 -0.720000000000000       0.284511209741664     
 -0.716000000000000       0.287012786228285     
 -0.712000000000000       0.289544434647119     
 -0.708000000000000       0.292106579174904     
 -0.704000000000000       0.294699649975402     
 -0.700000000000000       0.297324083250743     
 -0.696000000000000       0.299980321290923     
 -0.692000000000000       0.302668812521288     
 -0.688000000000000       0.305390011547814     
 -0.684000000000000       0.308144379200008     
 -0.680000000000000       0.310932382571204     
 -0.676000000000000       0.313754495056066     
 -0.672000000000000       0.316611196385060     
 -0.668000000000000       0.319502972655658     
 -0.664000000000000       0.322430316360028     
 -0.660000000000000       0.325393726408955     
 -0.656000000000000       0.328393708151695     
 -0.652000000000000       0.331430773391500     
 -0.648000000000000       0.334505440396483     
 -0.644000000000000       0.337618233905514     
 -0.640000000000000       0.340769685128811     
 -0.636000000000000       0.343960331742861     
 -0.632000000000000       0.347190717879304     
 -0.628000000000000       0.350461394107389     
 -0.624000000000000       0.353772917409590     
 -0.620000000000000       0.357125851149945     
 -0.616000000000000       0.360520765034677     
 -0.612000000000000       0.363958235064610     
 -0.608000000000000       0.367438843478891     
 -0.604000000000000       0.370963178689501     
 -0.600000000000000       0.374531835205993     
 -0.596000000000000       0.378145413549908     
 -0.592000000000000       0.381804520158260     
 -0.588000000000000       0.385509767275464     
 -0.584000000000000       0.389261772833058     
 -0.580000000000000       0.393061160316545     
 -0.576000000000000       0.396908558618631     
 -0.572000000000000       0.400804601878117     
 -0.568000000000000       0.404749929303679     
 -0.564000000000000       0.408745184981721     
 -0.560000000000000       0.412791017667456     
 -0.556000000000000       0.416888080558341     
 -0.552000000000000       0.421037031048955     
 -0.548000000000000       0.425238530466356     
 -0.544000000000000       0.429493243784946     
 -0.540000000000000       0.433801839319799     
 -0.536000000000000       0.438164988397391     
 -0.532000000000000       0.442583365002632     
 -0.528000000000000       0.447057645401029     
 -0.524000000000000       0.451588507734808     
 -0.520000000000000       0.456176631591752     
 -0.516000000000000       0.460822697545474     
 -0.512000000000000       0.465527386665806     
 -0.508000000000000       0.470291379997943     
 -0.504000000000000       0.475115358008925     
 -0.500000000000000       0.480000000000000     
 -0.496000000000000       0.484945983483386     
 -0.492000000000000       0.489953983521868     
 -0.488000000000000       0.495024672029654     
 -0.484000000000000       0.500158717032872     
 -0.480000000000000       0.505356781888013     
 -0.476000000000000       0.510619524456633     
 -0.472000000000000       0.515947596234546     
 -0.468000000000000       0.521341641433731     
 -0.464000000000000       0.526802296015127     
 -0.460000000000000       0.532330186670452     
 -0.456000000000000       0.537925929751177     
 -0.452000000000000       0.543590130142725     
 -0.448000000000000       0.549323380081974     
 -0.444000000000000       0.555126257916100     
 -0.440000000000000       0.560999326800808     
 -0.436000000000000       0.566943133335954     
 -0.432000000000000       0.572958206136611     
 -0.428000000000000       0.579045054337588     
 -0.424000000000000       0.585204166029444     
 -0.420000000000000       0.591436006624083     
 -0.416000000000000       0.597741017147994     
 -0.412000000000000       0.604119612461296     
 -0.408000000000000       0.610572179400760     
 -0.404000000000000       0.617099074845067     
 -0.400000000000000       0.623700623700624     
 -0.396000000000000       0.630377116806358     
 -0.392000000000000       0.637128808756019     
 -0.388000000000000       0.643955915636623     
 -0.384000000000000       0.650858612681850     
 -0.380000000000000       0.657837031839312     
 -0.376000000000000       0.664891259250854     
 -0.372000000000000       0.672021332645183     
 -0.368000000000000       0.679227238642415     
 -0.364000000000000       0.686508909970306     
 -0.360000000000000       0.693866222592284     
 -0.356000000000000       0.701298992747633     
 -0.352000000000000       0.708806973904562     
 -0.348000000000000       0.716389853627225     
 -0.344000000000000       0.724047250358162     
 -0.340000000000000       0.731778710118060     
 -0.336000000000000       0.739583703125185     
 -0.332000000000000       0.747461620337334     
 -0.328000000000000       0.755411769919705     
 -0.324000000000000       0.763433373642615     
 -0.320000000000000       0.771525563213661     
 -0.316000000000000       0.779687376549499     
 -0.312000000000000       0.787917753993167     
 -0.308000000000000       0.796215534483564     
 -0.304000000000000       0.804579451684467     
 -0.300000000000000       0.813008130081301     
 -0.296000000000000       0.821500081054674     
 -0.292000000000000       0.830053698940630     
 -0.288000000000000       0.838667257088415     
 -0.284000000000000       0.847338903927585     
 -0.280000000000000       0.856066659057185     
 -0.276000000000000       0.864848409370805     
 -0.272000000000000       0.873681905232306     
 -0.268000000000000       0.882564756718083     
 -0.264000000000000       0.891494429942802     
 -0.260000000000000       0.900468243486613     
 -0.256000000000000       0.909483364942933     
 -0.252000000000000       0.918536807606954     
 -0.248000000000000       0.927625427326113     
 -0.244000000000000       0.936745919534774     
 -0.240000000000000       0.945894816496406     
 -0.236000000000000       0.955068484777482     
 -0.232000000000000       0.964263122978262     
 -0.228000000000000       0.973474759746429     
 -0.224000000000000       0.982699252100356     
 -0.220000000000000       0.991932284089406     
 -0.216000000000000        1.00116936581928     
 -0.212000000000000        1.01040583287079     
 -0.208000000000000        1.01963684614088     
 -0.204000000000000        1.02885739213459     
 -0.200000000000000        1.03806228373702     
 -0.196000000000000        1.04724616149374     
 -0.192000000000000        1.05640349542789     
 -0.188000000000000        1.06552858742165     
 -0.184000000000000        1.07461557418859     
 -0.180000000000000        1.08365843086259     
 -0.176000000000000        1.09265097522742     
 -0.172000000000000        1.10158687260956     
 -0.168000000000000        1.11045964145479     
 -0.164000000000000        1.11926265960686     
 -0.160000000000000        1.12798917130396     
 -0.156000000000000        1.13663229490607     
 -0.152000000000000        1.14518503136280     
 -0.148000000000000        1.15364027342813     
 -0.144000000000000        1.16199081562459     
 -0.140000000000000        1.17022936495553     
 -0.136000000000000        1.17834855235952     
 -0.132000000000000        1.18634094489684     
 -0.128000000000000        1.19419905865269     
 -0.124000000000000        1.20191537233736     
 -0.120000000000000        1.20948234155781     
 -0.116000000000000        1.21689241373044     
 -0.112000000000000        1.22413804359890     
 -0.108000000000000        1.23121170931584     
 -0.104000000000000        1.23810592904167     
 -0.100000000000000        1.24481327800830     
 -9.599999999999997E-002   1.25132640599035     
 -9.199999999999997E-002   1.25763805512144     
 -8.799999999999997E-002   1.26374107798799     
 -8.399999999999996E-002   1.26962845592866     
 -7.999999999999996E-002   1.27529331746302     
 -7.599999999999996E-002   1.28072895676942     
 -7.199999999999995E-002   1.28592885212847     
 -6.799999999999995E-002   1.29088668424567     
 -6.399999999999995E-002   1.29559635436460     
 -6.000000000000005E-002   1.30005200208008     
 -5.600000000000005E-002   1.30424802276000     
 -5.200000000000005E-002   1.30817908448395     
 -4.800000000000004E-002   1.31184014440736     
 -4.400000000000004E-002   1.31522646446083     
 -4.000000000000004E-002   1.31833362629636     
 -3.600000000000003E-002   1.32115754539497     
 -3.200000000000003E-002   1.32369448425333     
 -2.800000000000002E-002   1.32594106457156     
 -2.400000000000002E-002   1.32789427836913     
 -2.000000000000002E-002   1.32955149796135     
 -1.600000000000001E-002   1.33091048473534     
 -1.200000000000001E-002   1.33196939667114     
 -8.000000000000007E-003   1.33272679456105     
 -4.000000000000004E-003   1.33318164688818     
  0.000000000000000E+000   1.33333333333333     
  4.000000000000004E-003   1.33318164688818     
  8.000000000000007E-003   1.33272679456105     
  1.200000000000001E-002   1.33196939667114     
  1.600000000000001E-002   1.33091048473534     
  2.000000000000002E-002   1.32955149796135     
  2.400000000000002E-002   1.32789427836913     
  2.800000000000002E-002   1.32594106457156     
  3.200000000000003E-002   1.32369448425333     
  3.600000000000003E-002   1.32115754539497     
  4.000000000000004E-002   1.31833362629636     
  4.400000000000004E-002   1.31522646446083     
  4.800000000000004E-002   1.31184014440736     
  5.200000000000005E-002   1.30817908448395     
  5.600000000000005E-002   1.30424802276000     
  6.000000000000005E-002   1.30005200208008     
  6.400000000000006E-002   1.29559635436460     
  6.800000000000006E-002   1.29088668424567     
  7.200000000000006E-002   1.28592885212847     
  7.600000000000007E-002   1.28072895676942     
  8.000000000000007E-002   1.27529331746302     
  8.400000000000007E-002   1.26962845592866     
  8.800000000000008E-002   1.26374107798799     
  9.200000000000008E-002   1.25763805512144     
  9.600000000000009E-002   1.25132640599035     
  0.100000000000000        1.24481327800830     
  0.104000000000000        1.23810592904167     
  0.108000000000000        1.23121170931584     
  0.112000000000000        1.22413804359890     
  0.116000000000000        1.21689241373044     
  0.120000000000000        1.20948234155781     
  0.124000000000000        1.20191537233736     
  0.128000000000000        1.19419905865269     
  0.132000000000000        1.18634094489684     
  0.136000000000000        1.17834855235953     
  0.140000000000000        1.17022936495553     
  0.144000000000000        1.16199081562459     
  0.148000000000000        1.15364027342813     
  0.152000000000000        1.14518503136280     
  0.156000000000000        1.13663229490607     
  0.160000000000000        1.12798917130396     
  0.164000000000000        1.11926265960686     
  0.168000000000000        1.11045964145479     
  0.172000000000000        1.10158687260956     
  0.176000000000000        1.09265097522742     
  0.180000000000000        1.08365843086259     
  0.184000000000000        1.07461557418859     
  0.188000000000000        1.06552858742165     
  0.192000000000000        1.05640349542789     
  0.196000000000000        1.04724616149374     
  0.200000000000000        1.03806228373702     
  0.204000000000000        1.02885739213459     
  0.208000000000000        1.01963684614088     
  0.212000000000000        1.01040583287079     
  0.216000000000000        1.00116936581928     
  0.220000000000000       0.991932284089406     
  0.224000000000000       0.982699252100356     
  0.228000000000000       0.973474759746429     
  0.232000000000000       0.964263122978262     
  0.236000000000000       0.955068484777482     
  0.240000000000000       0.945894816496406     
  0.244000000000000       0.936745919534775     
  0.248000000000000       0.927625427326114     
  0.252000000000000       0.918536807606955     
  0.256000000000000       0.909483364942933     
  0.260000000000000       0.900468243486613     
  0.264000000000000       0.891494429942802     
  0.268000000000000       0.882564756718083     
  0.272000000000000       0.873681905232306     
  0.276000000000000       0.864848409370806     
  0.280000000000000       0.856066659057185     
  0.284000000000000       0.847338903927585     
  0.288000000000000       0.838667257088416     
  0.292000000000000       0.830053698940630     
  0.296000000000000       0.821500081054675     
  0.300000000000000       0.813008130081301     
  0.304000000000000       0.804579451684468     
  0.308000000000000       0.796215534483564     
  0.312000000000000       0.787917753993167     
  0.316000000000000       0.779687376549499     
  0.320000000000000       0.771525563213661     
  0.324000000000000       0.763433373642615     
  0.328000000000000       0.755411769919705     
  0.332000000000000       0.747461620337334     
  0.336000000000000       0.739583703125185     
  0.340000000000000       0.731778710118060     
  0.344000000000000       0.724047250358162     
  0.348000000000000       0.716389853627225     
  0.352000000000000       0.708806973904562     
  0.356000000000000       0.701298992747633     
  0.360000000000000       0.693866222592284     
  0.364000000000000       0.686508909970306     
  0.368000000000000       0.679227238642415     
  0.372000000000000       0.672021332645183     
  0.376000000000000       0.664891259250854     
  0.380000000000000       0.657837031839313     
  0.384000000000000       0.650858612681850     
  0.388000000000000       0.643955915636624     
  0.392000000000000       0.637128808756019     
  0.396000000000000       0.630377116806358     
  0.400000000000000       0.623700623700624     
  0.404000000000000       0.617099074845067     
  0.408000000000000       0.610572179400760     
  0.412000000000000       0.604119612461296     
  0.416000000000000       0.597741017147995     
  0.420000000000000       0.591436006624083     
  0.424000000000000       0.585204166029445     
  0.428000000000000       0.579045054337588     
  0.432000000000000       0.572958206136612     
  0.436000000000000       0.566943133335954     
  0.440000000000000       0.560999326800808     
  0.444000000000000       0.555126257916101     
  0.448000000000000       0.549323380081974     
  0.452000000000000       0.543590130142725     
  0.456000000000000       0.537925929751177     
  0.460000000000000       0.532330186670452     
  0.464000000000000       0.526802296015127     
  0.468000000000000       0.521341641433731     
  0.472000000000000       0.515947596234546     
  0.476000000000000       0.510619524456633     
  0.480000000000000       0.505356781888013     
  0.484000000000000       0.500158717032872     
  0.488000000000000       0.495024672029654     
  0.492000000000000       0.489953983521868     
  0.496000000000000       0.484945983483386     
  0.500000000000000       0.480000000000000     
  0.504000000000000       0.475115358008925     
  0.508000000000000       0.470291379997943     
  0.512000000000000       0.465527386665806     
  0.516000000000000       0.460822697545474     
  0.520000000000000       0.456176631591752     
  0.524000000000000       0.451588507734808     
  0.528000000000000       0.447057645401028     
  0.532000000000000       0.442583365002632     
  0.536000000000000       0.438164988397391     
  0.540000000000000       0.433801839319799     
  0.544000000000000       0.429493243784946     
  0.548000000000000       0.425238530466356     
  0.552000000000000       0.421037031048955     
  0.556000000000000       0.416888080558341     
  0.560000000000000       0.412791017667455     
  0.564000000000000       0.408745184981721     
  0.568000000000000       0.404749929303679     
  0.572000000000000       0.400804601878117     
  0.576000000000000       0.396908558618631     
  0.580000000000000       0.393061160316545     
  0.584000000000000       0.389261772833057     
  0.588000000000000       0.385509767275464     
  0.592000000000000       0.381804520158260     
  0.596000000000000       0.378145413549908     
  0.600000000000000       0.374531835205992     
  0.604000000000000       0.370963178689501     
  0.608000000000000       0.367438843478891     
  0.612000000000000       0.363958235064610     
  0.616000000000000       0.360520765034677     
  0.620000000000000       0.357125851149945     
  0.624000000000000       0.353772917409590     
  0.628000000000000       0.350461394107389     
  0.632000000000000       0.347190717879304     
  0.636000000000000       0.343960331742861     
  0.640000000000000       0.340769685128811     
  0.644000000000000       0.337618233905514     
  0.648000000000000       0.334505440396483     
  0.652000000000000       0.331430773391500     
  0.656000000000000       0.328393708151695     
  0.660000000000000       0.325393726408955     
  0.664000000000000       0.322430316360028     
  0.668000000000000       0.319502972655658     
  0.672000000000000       0.316611196385060     
  0.676000000000000       0.313754495056066     
  0.680000000000000       0.310932382571204     
  0.684000000000000       0.308144379200008     
  0.688000000000000       0.305390011547814     
  0.692000000000000       0.302668812521288     
  0.696000000000000       0.299980321290923     
  0.700000000000000       0.297324083250743     
  0.704000000000000       0.294699649975402     
  0.708000000000000       0.292106579174904     
  0.712000000000000       0.289544434647119     
  0.716000000000000       0.287012786228285     
  0.720000000000000       0.284511209741664     
  0.724000000000000       0.282039286944514     
  0.728000000000000       0.279596605473532     
  0.732000000000000       0.277182758788911     
  0.736000000000000       0.274797346117150     
  0.740000000000000       0.272439972392749     
  0.744000000000000       0.270110248198905     
  0.748000000000000       0.267807789707325     
  0.752000000000000       0.265532218617278     
  0.756000000000000       0.263283162093965     
  0.760000000000000       0.261060252706325     
  0.764000000000000       0.258863128364358     
  0.768000000000000       0.256691432256051     
  0.772000000000000       0.254544812783987     
  0.776000000000000       0.252422923501718     
  0.780000000000000       0.250325423049965     
  0.784000000000000       0.248251975092714     
  0.788000000000000       0.246202248253277     
  0.792000000000000       0.244175916050367     
  0.796000000000000       0.242172656834241     
  0.800000000000000       0.240192153722978     
  0.804000000000000       0.238234094538912     
  0.808000000000000       0.236298171745292     
  0.812000000000000       0.234384082383192     
  0.816000000000000       0.232491528008719     
  0.820000000000000       0.230620214630546     
  0.824000000000000       0.228769852647813     
  0.828000000000000       0.226940156788415     
  0.832000000000000       0.225130846047723     
  0.836000000000000       0.223341643627735     
  0.840000000000000       0.221572276876717     
  0.844000000000000       0.219822477229322     
  0.848000000000000       0.218091980147232     
  0.852000000000000       0.216380525060327     
  0.856000000000000       0.214687855308400     
  0.860000000000000       0.213013718083444     
  0.864000000000000       0.211357864372504     
  0.868000000000000       0.209720048901123     
  0.872000000000000       0.208100030077391     
  0.876000000000000       0.206497569936597     
  0.880000000000000       0.204912434086500     
  0.884000000000000       0.203344391653228     
  0.888000000000000       0.201793215227800     
  0.892000000000000       0.200258680813296     
  0.896000000000000       0.198740567772654     
  0.900000000000000       0.197238658777120     
  0.904000000000000       0.195752739755346     
  0.908000000000000       0.194282599843123     
  0.912000000000000       0.192828031333784     
  0.916000000000000       0.191388829629236     
  0.920000000000000       0.189964793191662     
  0.924000000000000       0.188555723495853     
  0.928000000000000       0.187161424982207     
  0.932000000000000       0.185781705010359     
  0.936000000000000       0.184416373813465     
  0.940000000000000       0.183065244453123     
  0.944000000000000       0.181728132774935     
  0.948000000000000       0.180404857364704     
  0.952000000000000       0.179095239505258     
  0.956000000000000       0.177799103133911     
  0.960000000000000       0.176516274800537     
  0.964000000000000       0.175246583626268     
  0.968000000000000       0.173989861262804     
  0.972000000000000       0.172745941852334     
  0.976000000000000       0.171514661988052     
  0.980000000000000       0.170295860675280     
  0.984000000000000       0.169089379293179     
  0.988000000000000       0.167895061557045     
  0.992000000000000       0.166712753481185     
  0.996000000000000       0.165542303342365     
