  -1.00000000000000       0.166025865082139     
 -0.996000000000000       0.167192295779011     
 -0.992000000000000       0.168370457542288     
 -0.988000000000000       0.169560499186110     
 -0.984000000000000       0.170762571720280     
 -0.980000000000000       0.171976828385228     
 -0.976000000000000       0.173203424687505     
 -0.972000000000000       0.174442518435820     
 -0.968000000000000       0.175694269777627     
 -0.964000000000000       0.176958841236253     
 -0.960000000000000       0.178236397748593     
 -0.956000000000000       0.179527106703353     
 -0.952000000000000       0.180831137979869     
 -0.948000000000000       0.182148663987484     
 -0.944000000000000       0.183479859705505     
 -0.940000000000000       0.184824902723735     
 -0.936000000000000       0.186183973283580     
 -0.932000000000000       0.187557254319740     
 -0.928000000000000       0.188944931502490     
 -0.924000000000000       0.190347193280544     
 -0.920000000000000       0.191764230924505     
 -0.916000000000000       0.193196238570917     
 -0.912000000000000       0.194643413266895     
 -0.908000000000000       0.196105955015358     
 -0.904000000000000       0.197584066820852     
 -0.900000000000000       0.199077954735960     
 -0.896000000000000       0.200587827908312     
 -0.892000000000000       0.202113898628179     
 -0.888000000000000       0.203656382376649     
 -0.884000000000000       0.205215497874399     
 -0.880000000000000       0.206791467131041     
 -0.876000000000000       0.208384515495034     
 -0.872000000000000       0.209994871704186     
 -0.868000000000000       0.211622767936700     
 -0.864000000000000       0.213268439862790     
 -0.860000000000000       0.214932126696833     
 -0.856000000000000       0.216614071250068     
 -0.852000000000000       0.218314519983822     
 -0.848000000000000       0.220033723063240     
 -0.844000000000000       0.221771934411534     
 -0.840000000000000       0.223529411764706     
 -0.836000000000000       0.225306416726748     
 -0.832000000000000       0.227103214825298     
 -0.828000000000000       0.228920075567722     
 -0.824000000000000       0.230757272497620     
 -0.820000000000000       0.232615083251714     
 -0.816000000000000       0.234493789617109     
 -0.812000000000000       0.236393677588884     
 -0.808000000000000       0.238315037428004     
 -0.804000000000000       0.240258163719500     
 -0.800000000000000       0.242223355430903     
 -0.796000000000000       0.244210915970880     
 -0.792000000000000       0.246221153248046     
 -0.788000000000000       0.248254379729899     
 -0.784000000000000       0.250310912501844     
 -0.780000000000000       0.252391073326249     
 -0.776000000000000       0.254495188701485     
 -0.772000000000000       0.256623589920906     
 -0.768000000000000       0.258776613131687     
 -0.764000000000000       0.260954599393487     
 -0.760000000000000       0.263157894736842     
 -0.756000000000000       0.265386850221249     
 -0.752000000000000       0.267641821992833     
 -0.748000000000000       0.269923171341547     
 -0.744000000000000       0.272231264757800     
 -0.740000000000000       0.274566473988439     
 -0.736000000000000       0.276929176091975     
 -0.732000000000000       0.279319753492967     
 -0.728000000000000       0.281738594035446     
 -0.724000000000000       0.284186091035275     
 -0.720000000000000       0.286662643331322     
 -0.716000000000000       0.289168655335314     
 -0.712000000000000       0.291704537080253     
 -0.708000000000000       0.294270704267235     
 -0.704000000000000       0.296867578310542     
 -0.700000000000000       0.299495586380832     
 -0.696000000000000       0.302155161446274     
 -0.692000000000000       0.304846742311444     
 -0.688000000000000       0.307570773653811     
 -0.684000000000000       0.310327706057597     
 -0.680000000000000       0.313117996044825     
 -0.676000000000000       0.315942106103336     
 -0.672000000000000       0.318800504711536     
 -0.668000000000000       0.321693666359647     
 -0.664000000000000       0.324622071567207     
 -0.660000000000000       0.327586206896552     
 -0.656000000000000       0.330586564962000     
 -0.652000000000000       0.333623644434455     
 -0.648000000000000       0.336697950041113     
 -0.644000000000000       0.339809992559950     
 -0.640000000000000       0.342960288808664     
 -0.636000000000000       0.346149361627704     
 -0.632000000000000       0.349377739857013     
 -0.628000000000000       0.352645958306112     
 -0.624000000000000       0.355954557717095     
 -0.620000000000000       0.359304084720121     
 -0.616000000000000       0.362695091780947     
 -0.612000000000000       0.366128137140038     
 -0.608000000000000       0.369603784742756     
 -0.604000000000000       0.373122604160121     
 -0.600000000000000       0.376685170499603     
 -0.596000000000000       0.380292064305387     
 -0.592000000000000       0.383943871447509     
 -0.588000000000000       0.387641182999282     
 -0.584000000000000       0.391384595102337     
 -0.580000000000000       0.395174708818636     
 -0.576000000000000       0.399012129968751     
 -0.572000000000000       0.402897468955690     
 -0.568000000000000       0.406831340573504     
 -0.564000000000000       0.410814363799903     
 -0.560000000000000       0.414847161572052     
 -0.556000000000000       0.418930360544698     
 -0.552000000000000       0.423064590829741     
 -0.548000000000000       0.427250485716342     
 -0.544000000000000       0.431488681370590     
 -0.540000000000000       0.435779816513761     
 -0.536000000000000       0.440124532078129     
 -0.532000000000000       0.444523470839260     
 -0.528000000000000       0.448977277023706     
 -0.524000000000000       0.453486595890934     
 -0.520000000000000       0.458052073288332     
 -0.516000000000000       0.462674355178057     
 -0.512000000000000       0.467354087134480     
 -0.508000000000000       0.472091913810925     
 -0.504000000000000       0.476888478374363     
 -0.500000000000000       0.481744421906694     
 -0.496000000000000       0.486660382771198     
 -0.492000000000000       0.491636995942701     
 -0.488000000000000       0.496674892299971     
 -0.484000000000000       0.501774697878813     
 -0.480000000000000       0.506937033084312     
 -0.476000000000000       0.512162511860605     
 -0.472000000000000       0.517451740816593     
 -0.468000000000000       0.522805318305891     
 -0.464000000000000       0.528223833459366     
 -0.460000000000000       0.533707865168539     
 -0.456000000000000       0.539257981018119     
 -0.452000000000000       0.544874736165917     
 -0.448000000000000       0.550558672168390     
 -0.444000000000000       0.556310315750023     
 -0.440000000000000       0.562130177514793     
 -0.436000000000000       0.568018750597914     
 -0.432000000000000       0.573976509256126     
 -0.428000000000000       0.580003907394744     
 -0.424000000000000       0.586101377029762     
 -0.420000000000000       0.592269326683292     
 -0.416000000000000       0.598508139710700     
 -0.412000000000000       0.604818172557808     
 -0.408000000000000       0.611199752946626     
 -0.404000000000000       0.617653177988141     
 -0.400000000000000       0.624178712220762     
 -0.396000000000000       0.630776585573143     
 -0.392000000000000       0.637446991250201     
 -0.388000000000000       0.644190083541282     
 -0.384000000000000       0.651005975549586     
 -0.380000000000000       0.657894736842105     
 -0.376000000000000       0.664856391019540     
 -0.372000000000000       0.671890913205839     
 -0.368000000000000       0.678998227457259     
 -0.364000000000000       0.686178204091067     
 -0.360000000000000       0.693430656934306     
 -0.356000000000000       0.700755340493332     
 -0.352000000000000       0.708151947045143     
 -0.348000000000000       0.715620103651922     
 -0.344000000000000       0.723159369100542     
 -0.340000000000000       0.730769230769231     
 -0.336000000000000       0.738449101424041     
 -0.332000000000000       0.746198315948222     
 -0.328000000000000       0.754016128008127     
 -0.324000000000000       0.761901706659823     
 -0.320000000000000       0.769854132901134     
 -0.316000000000000       0.777872396174505     
 -0.312000000000000       0.785955390826659     
 -0.308000000000000       0.794101912531764     
 -0.304000000000000       0.802310654685494     
 -0.300000000000000       0.810580204778157     
 -0.296000000000000       0.818909040755810     
 -0.292000000000000       0.827295527379128     
 -0.288000000000000       0.835737912590611     
 -0.284000000000000       0.844234323901607     
 -0.280000000000000       0.852782764811490     
 -0.276000000000000       0.861381111272305     
 -0.272000000000000       0.870027108213056     
 -0.268000000000000       0.878718366138819     
 -0.264000000000000       0.887452357820791     
 -0.260000000000000       0.896226415094339     
 -0.256000000000000       0.905037725783096     
 -0.252000000000000       0.913883330768047     
 -0.248000000000000       0.922760121221540     
 -0.244000000000000       0.931664836026989     
 -0.240000000000000       0.940594059405941     
 -0.236000000000000       0.949544218774988     
 -0.232000000000000       0.958511582855759     
 -0.228000000000000       0.967492260061919     
 -0.224000000000000       0.976482197187731     
 -0.220000000000000       0.985477178423236     
 -0.216000000000000       0.994472824721548     
 -0.212000000000000        1.00346459354403     
 -0.208000000000000        1.01244777900929     
 -0.204000000000000        1.02141751247205     
 -0.200000000000000        1.03036876355748     
 -0.196000000000000        1.03929634167688     
 -0.192000000000000        1.04819489804925     
 -0.188000000000000        1.05705892825352     
 -0.184000000000000        1.06588277533435     
 -0.180000000000000        1.07466063348416     
 -0.176000000000000        1.08338655232187     
 -0.172000000000000        1.09205444178775     
 -0.168000000000000        1.10065807767170     
 -0.164000000000000        1.10919110779002     
 -0.160000000000000        1.11764705882353     
 -0.156000000000000        1.12601934382704     
 -0.152000000000000        1.13430127041742     
 -0.148000000000000        1.14248604964403     
 -0.144000000000000        1.15056680554210     
 -0.140000000000000        1.15853658536585     
 -0.136000000000000        1.16638837049406     
 -0.132000000000000        1.17411508799684     
 -0.128000000000000        1.18170962284804     
 -0.124000000000000        1.18916483076307     
 -0.120000000000000        1.19647355163728     
 -0.116000000000000        1.20362862355565     
 -0.112000000000000        1.21062289733918     
 -0.108000000000000        1.21744925158909     
 -0.104000000000000        1.22410060818472     
 -0.100000000000000        1.23056994818653     
 -9.599999999999997E-002   1.23685032809082     
 -9.199999999999997E-002   1.24293489637848     
 -8.799999999999997E-002   1.24881691029551     
 -8.399999999999996E-002   1.25448975279949     
 -7.999999999999996E-002   1.25994694960212     
 -7.599999999999996E-002   1.26518218623482     
 -7.199999999999995E-002   1.27018932506150     
 -6.799999999999995E-002   1.27496242216019     
 -6.399999999999995E-002   1.27949574399310     
 -6.000000000000005E-002   1.28378378378378     
 -5.600000000000005E-002   1.28782127751871     
 -5.200000000000005E-002   1.29160321949097     
 -4.800000000000004E-002   1.29512487730396     
 -4.400000000000004E-002   1.29838180625410     
 -4.000000000000004E-002   1.30136986301370     
 -3.600000000000003E-002   1.30408521853723     
 -3.200000000000003E-002   1.30652437011772     
 -2.800000000000002E-002   1.30868415252369     
 -2.400000000000002E-002   1.31056174815142     
 -2.000000000000002E-002   1.31215469613260     
 -1.600000000000001E-002   1.31346090034288     
 -1.200000000000001E-002   1.31447863626301     
 -8.000000000000007E-003   1.31520655665079     
 -4.000000000000004E-003   1.31564369598936     
  0.000000000000000E+000   1.31578947368421     
  4.000000000000004E-003   1.31564369598936     
  8.000000000000007E-003   1.31520655665079     
  1.200000000000001E-002   1.31447863626301     
  1.600000000000001E-002   1.31346090034288     
  2.000000000000002E-002   1.31215469613260     
  2.400000000000002E-002   1.31056174815142     
  2.800000000000002E-002   1.30868415252369     
  3.200000000000003E-002   1.30652437011772     
  3.600000000000003E-002   1.30408521853723     
  4.000000000000004E-002   1.30136986301370     
  4.400000000000004E-002   1.29838180625410     
  4.800000000000004E-002   1.29512487730396     
  5.200000000000005E-002   1.29160321949097     
  5.600000000000005E-002   1.28782127751871     
  6.000000000000005E-002   1.28378378378378     
  6.400000000000006E-002   1.27949574399310     
  6.800000000000006E-002   1.27496242216019     
  7.200000000000006E-002   1.27018932506150     
  7.600000000000007E-002   1.26518218623482     
  8.000000000000007E-002   1.25994694960212     
  8.400000000000007E-002   1.25448975279949     
  8.800000000000008E-002   1.24881691029551     
  9.200000000000008E-002   1.24293489637848     
  9.600000000000009E-002   1.23685032809082     
  0.100000000000000        1.23056994818653     
  0.104000000000000        1.22410060818472     
  0.108000000000000        1.21744925158909     
  0.112000000000000        1.21062289733918     
  0.116000000000000        1.20362862355565     
  0.120000000000000        1.19647355163728     
  0.124000000000000        1.18916483076307     
  0.128000000000000        1.18170962284804     
  0.132000000000000        1.17411508799684     
  0.136000000000000        1.16638837049406     
  0.140000000000000        1.15853658536585     
  0.144000000000000        1.15056680554210     
  0.148000000000000        1.14248604964403     
  0.152000000000000        1.13430127041742     
  0.156000000000000        1.12601934382704     
  0.160000000000000        1.11764705882353     
  0.164000000000000        1.10919110779002     
  0.168000000000000        1.10065807767170     
  0.172000000000000        1.09205444178775     
  0.176000000000000        1.08338655232187     
  0.180000000000000        1.07466063348416     
  0.184000000000000        1.06588277533435     
  0.188000000000000        1.05705892825352     
  0.192000000000000        1.04819489804925     
  0.196000000000000        1.03929634167688     
  0.200000000000000        1.03036876355748     
  0.204000000000000        1.02141751247205     
  0.208000000000000        1.01244777900929     
  0.212000000000000        1.00346459354403     
  0.216000000000000       0.994472824721548     
  0.220000000000000       0.985477178423237     
  0.224000000000000       0.976482197187731     
  0.228000000000000       0.967492260061920     
  0.232000000000000       0.958511582855759     
  0.236000000000000       0.949544218774988     
  0.240000000000000       0.940594059405941     
  0.244000000000000       0.931664836026989     
  0.248000000000000       0.922760121221540     
  0.252000000000000       0.913883330768047     
  0.256000000000000       0.905037725783096     
  0.260000000000000       0.896226415094340     
  0.264000000000000       0.887452357820791     
  0.268000000000000       0.878718366138819     
  0.272000000000000       0.870027108213056     
  0.276000000000000       0.861381111272305     
  0.280000000000000       0.852782764811490     
  0.284000000000000       0.844234323901607     
  0.288000000000000       0.835737912590612     
  0.292000000000000       0.827295527379128     
  0.296000000000000       0.818909040755810     
  0.300000000000000       0.810580204778157     
  0.304000000000000       0.802310654685494     
  0.308000000000000       0.794101912531764     
  0.312000000000000       0.785955390826660     
  0.316000000000000       0.777872396174505     
  0.320000000000000       0.769854132901134     
  0.324000000000000       0.761901706659823     
  0.328000000000000       0.754016128008127     
  0.332000000000000       0.746198315948222     
  0.336000000000000       0.738449101424041     
  0.340000000000000       0.730769230769231     
  0.344000000000000       0.723159369100542     
  0.348000000000000       0.715620103651922     
  0.352000000000000       0.708151947045143     
  0.356000000000000       0.700755340493332     
  0.360000000000000       0.693430656934306     
  0.364000000000000       0.686178204091067     
  0.368000000000000       0.678998227457259     
  0.372000000000000       0.671890913205839     
  0.376000000000000       0.664856391019540     
  0.380000000000000       0.657894736842106     
  0.384000000000000       0.651005975549586     
  0.388000000000000       0.644190083541283     
  0.392000000000000       0.637446991250202     
  0.396000000000000       0.630776585573144     
  0.400000000000000       0.624178712220762     
  0.404000000000000       0.617653177988141     
  0.408000000000000       0.611199752946626     
  0.412000000000000       0.604818172557808     
  0.416000000000000       0.598508139710700     
  0.420000000000000       0.592269326683292     
  0.424000000000000       0.586101377029762     
  0.428000000000000       0.580003907394745     
  0.432000000000000       0.573976509256127     
  0.436000000000000       0.568018750597915     
  0.440000000000000       0.562130177514793     
  0.444000000000000       0.556310315750024     
  0.448000000000000       0.550558672168390     
  0.452000000000000       0.544874736165917     
  0.456000000000000       0.539257981018119     
  0.460000000000000       0.533707865168539     
  0.464000000000000       0.528223833459366     
  0.468000000000000       0.522805318305891     
  0.472000000000000       0.517451740816593     
  0.476000000000000       0.512162511860606     
  0.480000000000000       0.506937033084312     
  0.484000000000000       0.501774697878814     
  0.488000000000000       0.496674892299971     
  0.492000000000000       0.491636995942701     
  0.496000000000000       0.486660382771198     
  0.500000000000000       0.481744421906694     
  0.504000000000000       0.476888478374362     
  0.508000000000000       0.472091913810925     
  0.512000000000000       0.467354087134480     
  0.516000000000000       0.462674355178056     
  0.520000000000000       0.458052073288332     
  0.524000000000000       0.453486595890934     
  0.528000000000000       0.448977277023706     
  0.532000000000000       0.444523470839260     
  0.536000000000000       0.440124532078129     
  0.540000000000000       0.435779816513761     
  0.544000000000000       0.431488681370590     
  0.548000000000000       0.427250485716342     
  0.552000000000000       0.423064590829741     
  0.556000000000000       0.418930360544698     
  0.560000000000000       0.414847161572052     
  0.564000000000000       0.410814363799903     
  0.568000000000000       0.406831340573504     
  0.572000000000000       0.402897468955690     
  0.576000000000000       0.399012129968751     
  0.580000000000000       0.395174708818635     
  0.584000000000000       0.391384595102337     
  0.588000000000000       0.387641182999282     
  0.592000000000000       0.383943871447509     
  0.596000000000000       0.380292064305386     
  0.600000000000000       0.376685170499603     
  0.604000000000000       0.373122604160121     
  0.608000000000000       0.369603784742756     
  0.612000000000000       0.366128137140038     
  0.616000000000000       0.362695091780947     
  0.620000000000000       0.359304084720121     
  0.624000000000000       0.355954557717095     
  0.628000000000000       0.352645958306112     
  0.632000000000000       0.349377739857013     
  0.636000000000000       0.346149361627704     
  0.640000000000000       0.342960288808664     
  0.644000000000000       0.339809992559950     
  0.648000000000000       0.336697950041113     
  0.652000000000000       0.333623644434455     
  0.656000000000000       0.330586564962000     
  0.660000000000000       0.327586206896552     
  0.664000000000000       0.324622071567207     
  0.668000000000000       0.321693666359647     
  0.672000000000000       0.318800504711536     
  0.676000000000000       0.315942106103336     
  0.680000000000000       0.313117996044825     
  0.684000000000000       0.310327706057597     
  0.688000000000000       0.307570773653811     
  0.692000000000000       0.304846742311444     
  0.696000000000000       0.302155161446274     
  0.700000000000000       0.299495586380832     
  0.704000000000000       0.296867578310542     
  0.708000000000000       0.294270704267235     
  0.712000000000000       0.291704537080253     
  0.716000000000000       0.289168655335314     
  0.720000000000000       0.286662643331322     
  0.724000000000000       0.284186091035275     
  0.728000000000000       0.281738594035446     
  0.732000000000000       0.279319753492967     
  0.736000000000000       0.276929176091975     
  0.740000000000000       0.274566473988439     
  0.744000000000000       0.272231264757800     
  0.748000000000000       0.269923171341547     
  0.752000000000000       0.267641821992833     
  0.756000000000000       0.265386850221249     
  0.760000000000000       0.263157894736842     
  0.764000000000000       0.260954599393487     
  0.768000000000000       0.258776613131687     
  0.772000000000000       0.256623589920906     
  0.776000000000000       0.254495188701485     
  0.780000000000000       0.252391073326249     
  0.784000000000000       0.250310912501844     
  0.788000000000000       0.248254379729899     
  0.792000000000000       0.246221153248046     
  0.796000000000000       0.244210915970880     
  0.800000000000000       0.242223355430903     
  0.804000000000000       0.240258163719500     
  0.808000000000000       0.238315037428004     
  0.812000000000000       0.236393677588884     
  0.816000000000000       0.234493789617109     
  0.820000000000000       0.232615083251714     
  0.824000000000000       0.230757272497619     
  0.828000000000000       0.228920075567722     
  0.832000000000000       0.227103214825298     
  0.836000000000000       0.225306416726748     
  0.840000000000000       0.223529411764706     
  0.844000000000000       0.221771934411534     
  0.848000000000000       0.220033723063240     
  0.852000000000000       0.218314519983822     
  0.856000000000000       0.216614071250068     
  0.860000000000000       0.214932126696833     
  0.864000000000000       0.213268439862790     
  0.868000000000000       0.211622767936700     
  0.872000000000000       0.209994871704186     
  0.876000000000000       0.208384515495034     
  0.880000000000000       0.206791467131040     
  0.884000000000000       0.205215497874399     
  0.888000000000000       0.203656382376649     
  0.892000000000000       0.202113898628179     
  0.896000000000000       0.200587827908312     
  0.900000000000000       0.199077954735960     
  0.904000000000000       0.197584066820852     
  0.908000000000000       0.196105955015358     
  0.912000000000000       0.194643413266895     
  0.916000000000000       0.193196238570917     
  0.920000000000000       0.191764230924505     
  0.924000000000000       0.190347193280544     
  0.928000000000000       0.188944931502490     
  0.932000000000000       0.187557254319740     
  0.936000000000000       0.186183973283580     
  0.940000000000000       0.184824902723735     
  0.944000000000000       0.183479859705505     
  0.948000000000000       0.182148663987484     
  0.952000000000000       0.180831137979869     
  0.956000000000000       0.179527106703353     
  0.960000000000000       0.178236397748593     
  0.964000000000000       0.176958841236253     
  0.968000000000000       0.175694269777627     
  0.972000000000000       0.174442518435820     
  0.976000000000000       0.173203424687505     
  0.980000000000000       0.171976828385228     
  0.984000000000000       0.170762571720280     
  0.988000000000000       0.169560499186110     
  0.992000000000000       0.168370457542288     
  0.996000000000000       0.167192295779010     
