  -1.00000000000000       0.167650068584119     
 -0.996000000000000       0.168823959145479     
 -0.992000000000000       0.170009600022609     
 -0.988000000000000       0.171207139293239     
 -0.984000000000000       0.172416727199119     
 -0.980000000000000       0.173638516179953     
 -0.976000000000000       0.174872660907830     
 -0.972000000000000       0.176119318322173     
 -0.968000000000000       0.177378647665190     
 -0.964000000000000       0.178650810517846     
 -0.960000000000000       0.179935970836352     
 -0.956000000000000       0.181234294989178     
 -0.952000000000000       0.182545951794593     
 -0.948000000000000       0.183871112558731     
 -0.944000000000000       0.185209951114194     
 -0.940000000000000       0.186562643859182     
 -0.936000000000000       0.187929369797163     
 -0.932000000000000       0.189310310577087     
 -0.928000000000000       0.190705650534124     
 -0.924000000000000       0.192115576730961     
 -0.920000000000000       0.193540278999623     
 -0.916000000000000       0.194979949983845     
 -0.912000000000000       0.196434785181980     
 -0.908000000000000       0.197904982990452     
 -0.904000000000000       0.199390744747737     
 -0.900000000000000       0.200892274778888     
 -0.896000000000000       0.202409780440591     
 -0.892000000000000       0.203943472166748     
 -0.888000000000000       0.205493563514591     
 -0.884000000000000       0.207060271211308     
 -0.880000000000000       0.208643815201192     
 -0.876000000000000       0.210244418693295     
 -0.872000000000000       0.211862308209582     
 -0.868000000000000       0.213497713633576     
 -0.864000000000000       0.215150868259491     
 -0.860000000000000       0.216822008841833     
 -0.856000000000000       0.218511375645460     
 -0.852000000000000       0.220219212496096     
 -0.848000000000000       0.221945766831272     
 -0.844000000000000       0.223691289751685     
 -0.840000000000000       0.225456036072966     
 -0.836000000000000       0.227240264377816     
 -0.832000000000000       0.229044237068519     
 -0.828000000000000       0.230868220419784     
 -0.824000000000000       0.232712484631909     
 -0.820000000000000       0.234577303884235     
 -0.816000000000000       0.236462956388861     
 -0.812000000000000       0.238369724444599     
 -0.808000000000000       0.240297894491124     
 -0.804000000000000       0.242247757163298     
 -0.800000000000000       0.244219607345618     
 -0.796000000000000       0.246213744226767     
 -0.792000000000000       0.248230471354204     
 -0.788000000000000       0.250270096688764     
 -0.784000000000000       0.252332932659222     
 -0.780000000000000       0.254419296216752     
 -0.776000000000000       0.256529508889247     
 -0.772000000000000       0.258663896835432     
 -0.768000000000000       0.260822790898707     
 -0.764000000000000       0.263006526660664     
 -0.760000000000000       0.265215444494196     
 -0.756000000000000       0.267449889616136     
 -0.752000000000000       0.269710212139341     
 -0.748000000000000       0.271996767124139     
 -0.744000000000000       0.274309914629055     
 -0.740000000000000       0.276650019760716     
 -0.736000000000000       0.279017452722848     
 -0.732000000000000       0.281412588864248     
 -0.728000000000000       0.283835808725629     
 -0.724000000000000       0.286287498085220     
 -0.720000000000000       0.288768048003000     
 -0.716000000000000       0.291277854863432     
 -0.712000000000000       0.293817320416564     
 -0.708000000000000       0.296386851817352     
 -0.704000000000000       0.298986861663050     
 -0.700000000000000       0.301617768028517     
 -0.696000000000000       0.304279994499250     
 -0.692000000000000       0.306973970201997     
 -0.688000000000000       0.309700129832730     
 -0.684000000000000       0.312458913681805     
 -0.680000000000000       0.315250767656090     
 -0.676000000000000       0.318076143297847     
 -0.672000000000000       0.320935497800133     
 -0.668000000000000       0.323829294018494     
 -0.664000000000000       0.326758000478679     
 -0.660000000000000       0.329722091380123     
 -0.656000000000000       0.332722046594914     
 -0.652000000000000       0.335758351661960     
 -0.648000000000000       0.338831497776033     
 -0.644000000000000       0.341941981771384     
 -0.640000000000000       0.345090306099583     
 -0.636000000000000       0.348276978801240     
 -0.632000000000000       0.351502513471220     
 -0.628000000000000       0.354767429216987     
 -0.624000000000000       0.358072250609653     
 -0.620000000000000       0.361417507627318     
 -0.616000000000000       0.364803735590252     
 -0.612000000000000       0.368231475087467     
 -0.608000000000000       0.371701271894170     
 -0.604000000000000       0.375213676879626     
 -0.600000000000000       0.378769245904865     
 -0.596000000000000       0.382368539709718     
 -0.592000000000000       0.386012123788574     
 -0.588000000000000       0.389700568254283     
 -0.584000000000000       0.393434447689569     
 -0.580000000000000       0.397214340985298     
 -0.576000000000000       0.401040831164935     
 -0.572000000000000       0.404914505194475     
 -0.568000000000000       0.408835953777113     
 -0.564000000000000       0.412805771131903     
 -0.560000000000000       0.416824554755589     
 -0.556000000000000       0.420892905166816     
 -0.552000000000000       0.425011425631832     
 -0.548000000000000       0.429180721870827     
 -0.544000000000000       0.433401401743962     
 -0.540000000000000       0.437674074916160     
 -0.536000000000000       0.441999352499650     
 -0.532000000000000       0.446377846673268     
 -0.528000000000000       0.450810170277441     
 -0.524000000000000       0.455296936383783     
 -0.520000000000000       0.459838757838161     
 -0.516000000000000       0.464436246776089     
 -0.512000000000000       0.469090014109253     
 -0.508000000000000       0.473800668981932     
 -0.504000000000000       0.478568818196057     
 -0.500000000000000       0.483395065603616     
 -0.496000000000000       0.488280011465068     
 -0.492000000000000       0.493224251772405     
 -0.488000000000000       0.498228377535465     
 -0.484000000000000       0.503292974030082     
 -0.480000000000000       0.508418620006603     
 -0.476000000000000       0.513605886857292     
 -0.472000000000000       0.518855337741133     
 -0.468000000000000       0.524167526664470     
 -0.464000000000000       0.529542997515962     
 -0.460000000000000       0.534982283054262     
 -0.456000000000000       0.540485903846856     
 -0.452000000000000       0.546054367158447     
 -0.448000000000000       0.551688165787309     
 -0.444000000000000       0.557387776847994     
 -0.440000000000000       0.563153660498793     
 -0.436000000000000       0.568986258612383     
 -0.432000000000000       0.574885993388064     
 -0.428000000000000       0.580853265904064     
 -0.424000000000000       0.586888454608370     
 -0.420000000000000       0.592991913746631     
 -0.416000000000000       0.599163971725685     
 -0.412000000000000       0.605404929411358     
 -0.408000000000000       0.611715058359205     
 -0.404000000000000       0.618094598977013     
 -0.400000000000000       0.624543758617893     
 -0.396000000000000       0.631062709602971     
 -0.392000000000000       0.637651587172769     
 -0.388000000000000       0.644310487366494     
 -0.384000000000000       0.651039464828650     
 -0.380000000000000       0.657838530542503     
 -0.376000000000000       0.664707649490160     
 -0.372000000000000       0.671646738239204     
 -0.368000000000000       0.678655662456064     
 -0.364000000000000       0.685734234346558     
 -0.360000000000000       0.692882210024296     
 -0.356000000000000       0.700099286807947     
 -0.352000000000000       0.707385100448684     
 -0.348000000000000       0.714739222289468     
 -0.344000000000000       0.722161156358207     
 -0.340000000000000       0.729650336397233     
 -0.336000000000000       0.737206122831944     
 -0.332000000000000       0.744827799681949     
 -0.328000000000000       0.752514571418519     
 -0.324000000000000       0.760265559772671     
 -0.320000000000000       0.768079800498753     
 -0.316000000000000       0.775956240099000     
 -0.312000000000000       0.783893732515097     
 -0.308000000000000       0.791891035793475     
 -0.304000000000000       0.799946808731679     
 -0.300000000000000       0.808059607513905     
 -0.296000000000000       0.816227882344461     
 -0.292000000000000       0.824449974088715     
 -0.288000000000000       0.832724110931829     
 -0.284000000000000       0.841048405066388     
 -0.280000000000000       0.849420849420849     
 -0.276000000000000       0.857839314441558     
 -0.272000000000000       0.866301544941924     
 -0.268000000000000       0.874805157033206     
 -0.264000000000000       0.883347635152188     
 -0.260000000000000       0.891926329201900     
 -0.256000000000000       0.900538451822362     
 -0.252000000000000       0.909181075809171     
 -0.248000000000000       0.917851131698525     
 -0.244000000000000       0.926545405538094     
 -0.240000000000000       0.935260536863841     
 -0.236000000000000       0.943993016903605     
 -0.232000000000000       0.952739187028889     
 -0.228000000000000       0.961495237476837     
 -0.224000000000000       0.970257206364887     
 -0.220000000000000       0.979020979020979     
 -0.216000000000000       0.987782287652465     
 -0.212000000000000       0.996536711377084     
 -0.208000000000000        1.00527967663939     
 -0.204000000000000        1.01400645803594     
 -0.200000000000000        1.02271217957232     
 -0.196000000000000        1.03139181637475     
 -0.192000000000000        1.04004019687826     
 -0.188000000000000        1.04865200551291     
 -0.184000000000000        1.05722178590847     
 -0.180000000000000        1.06574394463668     
 -0.176000000000000        1.07421275550918     
 -0.172000000000000        1.08262236444724     
 -0.168000000000000        1.09096679493791     
 -0.164000000000000        1.09923995408889     
 -0.160000000000000        1.10743563929239     
 -0.156000000000000        1.11554754550565     
 -0.152000000000000        1.12356927315282     
 -0.148000000000000        1.13149433665042     
 -0.144000000000000        1.13931617355484     
 -0.140000000000000        1.14702815432742     
 -0.136000000000000        1.15462359270878     
 -0.132000000000000        1.16209575669035     
 -0.128000000000000        1.16943788006731     
 -0.124000000000000        1.17664317455272     
 -0.120000000000000        1.18370484242890     
 -0.116000000000000        1.19061608970751     
 -0.112000000000000        1.19737013976575     
 -0.108000000000000        1.20396024742165     
 -0.104000000000000        1.21037971340723     
 -0.100000000000000        1.21662189919419     
 -9.599999999999997E-002   1.22268024212245     
 -9.199999999999997E-002   1.22854827077842     
 -8.799999999999997E-002   1.23421962056563     
 -8.399999999999996E-002   1.23968804940720     
 -7.999999999999996E-002   1.24494745351657     
 -7.599999999999996E-002   1.24999188316959     
 -7.199999999999995E-002   1.25481555840922     
 -6.799999999999995E-002   1.25941288461161     
 -6.399999999999995E-002   1.26377846784094     
 -6.000000000000005E-002   1.26790712991931     
 -5.600000000000005E-002   1.27179392313740     
 -5.200000000000005E-002   1.27543414453153     
 -4.800000000000004E-002   1.27882334965356     
 -4.400000000000004E-002   1.28195736576075     
 -4.000000000000004E-002   1.28483230435508     
 -3.600000000000003E-002   1.28744457300312     
 -3.200000000000003E-002   1.28979088637110     
 -2.800000000000002E-002   1.29186827641283     
 -2.400000000000002E-002   1.29367410165254     
 -2.000000000000002E-002   1.29520605550883     
 -1.600000000000001E-002   1.29646217361144     
 -1.200000000000001E-002   1.29744084006767     
 -8.000000000000007E-003   1.29814079264140     
 -4.000000000000004E-003   1.29856112681377     
  0.000000000000000E+000   1.29870129870130     
  4.000000000000004E-003   1.29856112681377     
  8.000000000000007E-003   1.29814079264140     
  1.200000000000001E-002   1.29744084006767     
  1.600000000000001E-002   1.29646217361144     
  2.000000000000002E-002   1.29520605550883     
  2.400000000000002E-002   1.29367410165254     
  2.800000000000002E-002   1.29186827641283     
  3.200000000000003E-002   1.28979088637110     
  3.600000000000003E-002   1.28744457300312     
  4.000000000000004E-002   1.28483230435508     
  4.400000000000004E-002   1.28195736576075     
  4.800000000000004E-002   1.27882334965356     
  5.200000000000005E-002   1.27543414453153     
  5.600000000000005E-002   1.27179392313740     
  6.000000000000005E-002   1.26790712991931     
  6.400000000000006E-002   1.26377846784094     
  6.800000000000006E-002   1.25941288461161     
  7.200000000000006E-002   1.25481555840922     
  7.600000000000007E-002   1.24999188316959     
  8.000000000000007E-002   1.24494745351657     
  8.400000000000007E-002   1.23968804940720     
  8.800000000000008E-002   1.23421962056563     
  9.200000000000008E-002   1.22854827077842     
  9.600000000000009E-002   1.22268024212245     
  0.100000000000000        1.21662189919419     
  0.104000000000000        1.21037971340723     
  0.108000000000000        1.20396024742165     
  0.112000000000000        1.19737013976575     
  0.116000000000000        1.19061608970751     
  0.120000000000000        1.18370484242890     
  0.124000000000000        1.17664317455272     
  0.128000000000000        1.16943788006731     
  0.132000000000000        1.16209575669035     
  0.136000000000000        1.15462359270878     
  0.140000000000000        1.14702815432742     
  0.144000000000000        1.13931617355484     
  0.148000000000000        1.13149433665042     
  0.152000000000000        1.12356927315282     
  0.156000000000000        1.11554754550565     
  0.160000000000000        1.10743563929239     
  0.164000000000000        1.09923995408889     
  0.168000000000000        1.09096679493791     
  0.172000000000000        1.08262236444724     
  0.176000000000000        1.07421275550918     
  0.180000000000000        1.06574394463668     
  0.184000000000000        1.05722178590847     
  0.188000000000000        1.04865200551291     
  0.192000000000000        1.04004019687826     
  0.196000000000000        1.03139181637475     
  0.200000000000000        1.02271217957232     
  0.204000000000000        1.01400645803594     
  0.208000000000000        1.00527967663939     
  0.212000000000000       0.996536711377084     
  0.216000000000000       0.987782287652465     
  0.220000000000000       0.979020979020979     
  0.224000000000000       0.970257206364887     
  0.228000000000000       0.961495237476837     
  0.232000000000000       0.952739187028889     
  0.236000000000000       0.943993016903605     
  0.240000000000000       0.935260536863841     
  0.244000000000000       0.926545405538094     
  0.248000000000000       0.917851131698525     
  0.252000000000000       0.909181075809171     
  0.256000000000000       0.900538451822362     
  0.260000000000000       0.891926329201900     
  0.264000000000000       0.883347635152188     
  0.268000000000000       0.874805157033206     
  0.272000000000000       0.866301544941924     
  0.276000000000000       0.857839314441558     
  0.280000000000000       0.849420849420849     
  0.284000000000000       0.841048405066388     
  0.288000000000000       0.832724110931829     
  0.292000000000000       0.824449974088715     
  0.296000000000000       0.816227882344461     
  0.300000000000000       0.808059607513905     
  0.304000000000000       0.799946808731679     
  0.308000000000000       0.791891035793475     
  0.312000000000000       0.783893732515098     
  0.316000000000000       0.775956240099000     
  0.320000000000000       0.768079800498753     
  0.324000000000000       0.760265559772671     
  0.328000000000000       0.752514571418519     
  0.332000000000000       0.744827799681949     
  0.336000000000000       0.737206122831944     
  0.340000000000000       0.729650336397233     
  0.344000000000000       0.722161156358207     
  0.348000000000000       0.714739222289468     
  0.352000000000000       0.707385100448684     
  0.356000000000000       0.700099286807947     
  0.360000000000000       0.692882210024296     
  0.364000000000000       0.685734234346558     
  0.368000000000000       0.678655662456064     
  0.372000000000000       0.671646738239204     
  0.376000000000000       0.664707649490161     
  0.380000000000000       0.657838530542504     
  0.384000000000000       0.651039464828650     
  0.388000000000000       0.644310487366494     
  0.392000000000000       0.637651587172769     
  0.396000000000000       0.631062709602972     
  0.400000000000000       0.624543758617893     
  0.404000000000000       0.618094598977014     
  0.408000000000000       0.611715058359206     
  0.412000000000000       0.605404929411358     
  0.416000000000000       0.599163971725686     
  0.420000000000000       0.592991913746631     
  0.424000000000000       0.586888454608370     
  0.428000000000000       0.580853265904064     
  0.432000000000000       0.574885993388065     
  0.436000000000000       0.568986258612383     
  0.440000000000000       0.563153660498793     
  0.444000000000000       0.557387776847994     
  0.448000000000000       0.551688165787309     
  0.452000000000000       0.546054367158447     
  0.456000000000000       0.540485903846856     
  0.460000000000000       0.534982283054263     
  0.464000000000000       0.529542997515962     
  0.468000000000000       0.524167526664470     
  0.472000000000000       0.518855337741133     
  0.476000000000000       0.513605886857292     
  0.480000000000000       0.508418620006603     
  0.484000000000000       0.503292974030083     
  0.488000000000000       0.498228377535465     
  0.492000000000000       0.493224251772405     
  0.496000000000000       0.488280011465068     
  0.500000000000000       0.483395065603616     
  0.504000000000000       0.478568818196057     
  0.508000000000000       0.473800668981932     
  0.512000000000000       0.469090014109253     
  0.516000000000000       0.464436246776089     
  0.520000000000000       0.459838757838161     
  0.524000000000000       0.455296936383783     
  0.528000000000000       0.450810170277441     
  0.532000000000000       0.446377846673268     
  0.536000000000000       0.441999352499650     
  0.540000000000000       0.437674074916160     
  0.544000000000000       0.433401401743962     
  0.548000000000000       0.429180721870827     
  0.552000000000000       0.425011425631832     
  0.556000000000000       0.420892905166816     
  0.560000000000000       0.416824554755589     
  0.564000000000000       0.412805771131903     
  0.568000000000000       0.408835953777113     
  0.572000000000000       0.404914505194475     
  0.576000000000000       0.401040831164935     
  0.580000000000000       0.397214340985298     
  0.584000000000000       0.393434447689569     
  0.588000000000000       0.389700568254283     
  0.592000000000000       0.386012123788574     
  0.596000000000000       0.382368539709718     
  0.600000000000000       0.378769245904865     
  0.604000000000000       0.375213676879626     
  0.608000000000000       0.371701271894170     
  0.612000000000000       0.368231475087467     
  0.616000000000000       0.364803735590252     
  0.620000000000000       0.361417507627317     
  0.624000000000000       0.358072250609653     
  0.628000000000000       0.354767429216987     
  0.632000000000000       0.351502513471220     
  0.636000000000000       0.348276978801240     
  0.640000000000000       0.345090306099583     
  0.644000000000000       0.341941981771384     
  0.648000000000000       0.338831497776033     
  0.652000000000000       0.335758351661960     
  0.656000000000000       0.332722046594914     
  0.660000000000000       0.329722091380123     
  0.664000000000000       0.326758000478679     
  0.668000000000000       0.323829294018494     
  0.672000000000000       0.320935497800133     
  0.676000000000000       0.318076143297847     
  0.680000000000000       0.315250767656090     
  0.684000000000000       0.312458913681805     
  0.688000000000000       0.309700129832730     
  0.692000000000000       0.306973970201997     
  0.696000000000000       0.304279994499250     
  0.700000000000000       0.301617768028517     
  0.704000000000000       0.298986861663050     
  0.708000000000000       0.296386851817352     
  0.712000000000000       0.293817320416564     
  0.716000000000000       0.291277854863432     
  0.720000000000000       0.288768048003000     
  0.724000000000000       0.286287498085220     
  0.728000000000000       0.283835808725629     
  0.732000000000000       0.281412588864248     
  0.736000000000000       0.279017452722848     
  0.740000000000000       0.276650019760716     
  0.744000000000000       0.274309914629055     
  0.748000000000000       0.271996767124139     
  0.752000000000000       0.269710212139341     
  0.756000000000000       0.267449889616136     
  0.760000000000000       0.265215444494196     
  0.764000000000000       0.263006526660664     
  0.768000000000000       0.260822790898707     
  0.772000000000000       0.258663896835432     
  0.776000000000000       0.256529508889247     
  0.780000000000000       0.254419296216752     
  0.784000000000000       0.252332932659222     
  0.788000000000000       0.250270096688764     
  0.792000000000000       0.248230471354204     
  0.796000000000000       0.246213744226767     
  0.800000000000000       0.244219607345618     
  0.804000000000000       0.242247757163298     
  0.808000000000000       0.240297894491124     
  0.812000000000000       0.238369724444599     
  0.816000000000000       0.236462956388861     
  0.820000000000000       0.234577303884235     
  0.824000000000000       0.232712484631909     
  0.828000000000000       0.230868220419784     
  0.832000000000000       0.229044237068519     
  0.836000000000000       0.227240264377816     
  0.840000000000000       0.225456036072966     
  0.844000000000000       0.223691289751685     
  0.848000000000000       0.221945766831272     
  0.852000000000000       0.220219212496096     
  0.856000000000000       0.218511375645460     
  0.860000000000000       0.216822008841833     
  0.864000000000000       0.215150868259491     
  0.868000000000000       0.213497713633576     
  0.872000000000000       0.211862308209582     
  0.876000000000000       0.210244418693295     
  0.880000000000000       0.208643815201192     
  0.884000000000000       0.207060271211308     
  0.888000000000000       0.205493563514591     
  0.892000000000000       0.203943472166748     
  0.896000000000000       0.202409780440591     
  0.900000000000000       0.200892274778888     
  0.904000000000000       0.199390744747737     
  0.908000000000000       0.197904982990452     
  0.912000000000000       0.196434785181980     
  0.916000000000000       0.194979949983845     
  0.920000000000000       0.193540278999623     
  0.924000000000000       0.192115576730961     
  0.928000000000000       0.190705650534124     
  0.932000000000000       0.189310310577087     
  0.936000000000000       0.187929369797163     
  0.940000000000000       0.186562643859182     
  0.944000000000000       0.185209951114194     
  0.948000000000000       0.183871112558731     
  0.952000000000000       0.182545951794593     
  0.956000000000000       0.181234294989178     
  0.960000000000000       0.179935970836352     
  0.964000000000000       0.178650810517846     
  0.968000000000000       0.177378647665190     
  0.972000000000000       0.176119318322173     
  0.976000000000000       0.174872660907830     
  0.980000000000000       0.173638516179953     
  0.984000000000000       0.172416727199119     
  0.988000000000000       0.171207139293239     
  0.992000000000000       0.170009600022609     
  0.996000000000000       0.168823959145479     
