  -1.00000000000000       0.169256140959986     
 -0.996000000000000       0.170437263354415     
 -0.992000000000000       0.171630151985101     
 -0.988000000000000       0.172834954141126     
 -0.984000000000000       0.174051819243169     
 -0.980000000000000       0.175280898876405     
 -0.976000000000000       0.176522346823865     
 -0.972000000000000       0.177776319100288     
 -0.968000000000000       0.179042973986433     
 -0.964000000000000       0.180322472063888     
 -0.960000000000000       0.181614976250349     
 -0.956000000000000       0.182920651835398     
 -0.952000000000000       0.184239666516755     
 -0.948000000000000       0.185572190437037     
 -0.944000000000000       0.186918396220989     
 -0.940000000000000       0.188278459013228     
 -0.936000000000000       0.189652556516462     
 -0.932000000000000       0.191040869030218     
 -0.928000000000000       0.192443579490054     
 -0.924000000000000       0.193860873507271     
 -0.920000000000000       0.195292939409114     
 -0.916000000000000       0.196739968279464     
 -0.912000000000000       0.198202154000024     
 -0.908000000000000       0.199679693291991     
 -0.904000000000000       0.201172785758205     
 -0.900000000000000       0.202681633925787     
 -0.896000000000000       0.204206443289253     
 -0.892000000000000       0.205747422354088     
 -0.888000000000000       0.207304782680802     
 -0.884000000000000       0.208878738929427     
 -0.880000000000000       0.210469508904479     
 -0.876000000000000       0.212077313600355     
 -0.872000000000000       0.213702377247163     
 -0.868000000000000       0.215344927356978     
 -0.864000000000000       0.217005194770509     
 -0.860000000000000       0.218683413704161     
 -0.856000000000000       0.220379821797486     
 -0.852000000000000       0.222094660161002     
 -0.848000000000000       0.223828173424364     
 -0.844000000000000       0.225580609784877     
 -0.840000000000000       0.227352221056313     
 -0.836000000000000       0.229143262718039     
 -0.832000000000000       0.230953993964402     
 -0.828000000000000       0.232784677754380     
 -0.824000000000000       0.234635580861437     
 -0.820000000000000       0.236506973923590     
 -0.816000000000000       0.238399131493626     
 -0.812000000000000       0.240312332089460     
 -0.808000000000000       0.242246858244592     
 -0.804000000000000       0.244202996558616     
 -0.800000000000000       0.246181037747759     
 -0.796000000000000       0.248181276695396     
 -0.792000000000000       0.250204012502502     
 -0.788000000000000       0.252249548537987     
 -0.784000000000000       0.254318192488875     
 -0.780000000000000       0.256410256410256     
 -0.776000000000000       0.258526056774974     
 -0.772000000000000       0.260665914522968     
 -0.768000000000000       0.262830155110227     
 -0.764000000000000       0.265019108557263     
 -0.760000000000000       0.267233109497054     
 -0.756000000000000       0.269472497222360     
 -0.752000000000000       0.271737615732354     
 -0.748000000000000       0.274028813778450     
 -0.744000000000000       0.276346444909273     
 -0.740000000000000       0.278690867514649     
 -0.736000000000000       0.281062444868520     
 -0.732000000000000       0.283461545170688     
 -0.728000000000000       0.285888541587253     
 -0.724000000000000       0.288343812289657     
 -0.720000000000000       0.290827740492170     
 -0.716000000000000       0.293340714487722     
 -0.712000000000000       0.295883127681915     
 -0.708000000000000       0.298455378625085     
 -0.704000000000000       0.301057871042247     
 -0.700000000000000       0.303691013860769     
 -0.696000000000000       0.306355221235601     
 -0.692000000000000       0.309050912571874     
 -0.688000000000000       0.311778512544688     
 -0.684000000000000       0.314538451115886     
 -0.680000000000000       0.317331163547600     
 -0.676000000000000       0.320157090412362     
 -0.672000000000000       0.323016677599539     
 -0.668000000000000       0.325910376317848     
 -0.664000000000000       0.328838643093714     
 -0.660000000000000       0.331801939765186     
 -0.656000000000000       0.334800733471145     
 -0.652000000000000       0.337835496635505     
 -0.648000000000000       0.340906706946105     
 -0.644000000000000       0.344014847327975     
 -0.640000000000000       0.347160405910628     
 -0.636000000000000       0.350343875989048     
 -0.632000000000000       0.353565755977981     
 -0.628000000000000       0.356826549359176     
 -0.624000000000000       0.360126764621147     
 -0.620000000000000       0.363466915191053     
 -0.616000000000000       0.366847519358261     
 -0.612000000000000       0.370269100189122     
 -0.608000000000000       0.373732185432494     
 -0.604000000000000       0.377237307415518     
 -0.600000000000000       0.380785002929115     
 -0.596000000000000       0.384375813102682     
 -0.592000000000000       0.388010283267405     
 -0.588000000000000       0.391688962807626     
 -0.584000000000000       0.395412404999635     
 -0.580000000000000       0.399181166837257     
 -0.576000000000000       0.402995808843588     
 -0.572000000000000       0.406856894868178     
 -0.568000000000000       0.410764991868960     
 -0.564000000000000       0.414720669678177     
 -0.560000000000000       0.418724500751557     
 -0.556000000000000       0.422777059899921     
 -0.552000000000000       0.426878924002417     
 -0.548000000000000       0.431030671700516     
 -0.544000000000000       0.435232883071896     
 -0.540000000000000       0.439486139283300     
 -0.536000000000000       0.443791022221413     
 -0.532000000000000       0.448148114100808     
 -0.528000000000000       0.452557997047929     
 -0.524000000000000       0.457021252660098     
 -0.520000000000000       0.461538461538462     
 -0.516000000000000       0.466110202793793     
 -0.512000000000000       0.470737053524010     
 -0.508000000000000       0.475419588262256     
 -0.504000000000000       0.480158378394350     
 -0.500000000000000       0.484953991544392     
 -0.496000000000000       0.489806990927267     
 -0.492000000000000       0.494717934666788     
 -0.488000000000000       0.499687375078156     
 -0.484000000000000       0.504715857913427     
 -0.480000000000000       0.509803921568627     
 -0.476000000000000       0.514952096251149     
 -0.472000000000000       0.520160903106027     
 -0.468000000000000       0.525430853299706     
 -0.464000000000000       0.530762447059848     
 -0.460000000000000       0.536156172669783     
 -0.456000000000000       0.541612505416125     
 -0.452000000000000       0.547131906488143     
 -0.448000000000000       0.552714821827417     
 -0.444000000000000       0.558361680926365     
 -0.440000000000000       0.564072895574197     
 -0.436000000000000       0.569848858548902     
 -0.432000000000000       0.575689942253870     
 -0.428000000000000       0.581596497297813     
 -0.424000000000000       0.587568851016645     
 -0.420000000000000       0.593607305936073     
 -0.416000000000000       0.599712138173677     
 -0.412000000000000       0.605883595779321     
 -0.408000000000000       0.612121897012845     
 -0.404000000000000       0.618427228558018     
 -0.400000000000000       0.624799743671900     
 -0.396000000000000       0.631239560268811     
 -0.392000000000000       0.637746758938266     
 -0.388000000000000       0.644321380896367     
 -0.384000000000000       0.650963425870288     
 -0.380000000000000       0.657672849915683     
 -0.376000000000000       0.664449563167005     
 -0.372000000000000       0.671293427520965     
 -0.368000000000000       0.678204254253558     
 -0.364000000000000       0.685181801571350     
 -0.360000000000000       0.692225772097977     
 -0.356000000000000       0.699335810297092     
 -0.352000000000000       0.706511499833336     
 -0.348000000000000       0.713752360873194     
 -0.344000000000000       0.721057847328018     
 -0.340000000000000       0.728427344041838     
 -0.336000000000000       0.735860163927003     
 -0.332000000000000       0.743355545051158     
 -0.328000000000000       0.750912647679487     
 -0.324000000000000       0.758530551276665     
 -0.320000000000000       0.766208251473477     
 -0.316000000000000       0.773944657003604     
 -0.312000000000000       0.781738586616635     
 -0.308000000000000       0.789588765973988     
 -0.304000000000000       0.797493824535000     
 -0.300000000000000       0.805452292441140     
 -0.296000000000000       0.813462597406931     
 -0.292000000000000       0.821523061626868     
 -0.288000000000000       0.829631898708327     
 -0.284000000000000       0.837787210641186     
 -0.280000000000000       0.845986984815618     
 -0.276000000000000       0.854229091100247     
 -0.272000000000000       0.862511278993648     
 -0.268000000000000       0.870831174862900     
 -0.264000000000000       0.879186279283666     
 -0.260000000000000       0.887573964497041     
 -0.256000000000000       0.895991471999118     
 -0.252000000000000       0.904435910279958     
 -0.248000000000000       0.912904252729350     
 -0.244000000000000       0.921393335727381     
 -0.240000000000000       0.929899856938484     
 -0.236000000000000       0.938420373828178     
 -0.232000000000000       0.946951302422253     
 -0.228000000000000       0.955488916328571     
 -0.224000000000000       0.964029346042041     
 -0.220000000000000       0.972568578553616     
 -0.216000000000000       0.981102457284308     
 -0.212000000000000       0.989626682365360     
 -0.208000000000000       0.998136811285600     
 -0.204000000000000        1.00662825992690     
 -0.200000000000000        1.01509630400833     
 -0.196000000000000        1.02353608095908     
 -0.192000000000000        1.03194259223979     
 -0.188000000000000        1.04031070613090     
 -0.184000000000000        1.04863516100583     
 -0.180000000000000        1.05691056910569     
 -0.176000000000000        1.06513142083069     
 -0.172000000000000        1.07329208956210     
 -0.168000000000000        1.08138683702669     
 -0.164000000000000        1.08940981921384     
 -0.160000000000000        1.09735509285312     
 -0.156000000000000        1.10521662245800     
 -0.152000000000000        1.11298828793863     
 -0.148000000000000        1.12066389278407     
 -0.144000000000000        1.12823717281122     
 -0.140000000000000        1.13570180547467     
 -0.136000000000000        1.14305141972848     
 -0.132000000000000        1.15027960642741     
 -0.128000000000000        1.15737992925144     
 -0.124000000000000        1.16434593613413     
 -0.120000000000000        1.17117117117117     
 -0.116000000000000        1.17784918698205     
 -0.112000000000000        1.18437355749374     
 -0.108000000000000        1.19073789111160     
 -0.104000000000000        1.19693584423875     
 -0.100000000000000        1.20296113510179     
 -9.599999999999997E-002   1.20880755783679     
 -9.199999999999997E-002   1.21446899678633     
 -8.799999999999997E-002   1.21993944095493     
 -8.399999999999996E-002   1.22521299856744     
 -7.999999999999996E-002   1.23028391167192     
 -7.599999999999996E-002   1.23514657072639     
 -7.199999999999995E-002   1.23979552910658     
 -6.799999999999995E-002   1.24422551747020     
 -6.399999999999995E-002   1.24843145791185     
 -6.000000000000005E-002   1.25240847784200     
 -5.600000000000005E-002   1.25615192352289     
 -5.200000000000005E-002   1.25965737319449     
 -4.800000000000004E-002   1.26292064972410     
 -4.400000000000004E-002   1.26593783271443     
 -4.000000000000004E-002   1.26870527000651     
 -3.600000000000003E-002   1.27121958851600     
 -3.200000000000003E-002   1.27347770434419     
 -2.800000000000002E-002   1.27547683210800     
 -2.400000000000002E-002   1.27721449343708     
 -2.000000000000002E-002   1.27868852459016     
 -1.600000000000001E-002   1.27989708314737     
 -1.200000000000001E-002   1.28083865374005     
 -8.000000000000007E-003   1.28151205278515     
 -4.000000000000004E-003   1.28191643219648     
  0.000000000000000E+000   1.28205128205128     
  4.000000000000004E-003   1.28191643219648     
  8.000000000000007E-003   1.28151205278515     
  1.200000000000001E-002   1.28083865374005     
  1.600000000000001E-002   1.27989708314737     
  2.000000000000002E-002   1.27868852459016     
  2.400000000000002E-002   1.27721449343708     
  2.800000000000002E-002   1.27547683210800     
  3.200000000000003E-002   1.27347770434419     
  3.600000000000003E-002   1.27121958851600     
  4.000000000000004E-002   1.26870527000651     
  4.400000000000004E-002   1.26593783271443     
  4.800000000000004E-002   1.26292064972410     
  5.200000000000005E-002   1.25965737319449     
  5.600000000000005E-002   1.25615192352289     
  6.000000000000005E-002   1.25240847784200     
  6.400000000000006E-002   1.24843145791185     
  6.800000000000006E-002   1.24422551747020     
  7.200000000000006E-002   1.23979552910658     
  7.600000000000007E-002   1.23514657072639     
  8.000000000000007E-002   1.23028391167192     
  8.400000000000007E-002   1.22521299856744     
  8.800000000000008E-002   1.21993944095493     
  9.200000000000008E-002   1.21446899678633     
  9.600000000000009E-002   1.20880755783679     
  0.100000000000000        1.20296113510179     
  0.104000000000000        1.19693584423875     
  0.108000000000000        1.19073789111160     
  0.112000000000000        1.18437355749374     
  0.116000000000000        1.17784918698205     
  0.120000000000000        1.17117117117117     
  0.124000000000000        1.16434593613413     
  0.128000000000000        1.15737992925144     
  0.132000000000000        1.15027960642741     
  0.136000000000000        1.14305141972848     
  0.140000000000000        1.13570180547467     
  0.144000000000000        1.12823717281122     
  0.148000000000000        1.12066389278407     
  0.152000000000000        1.11298828793863     
  0.156000000000000        1.10521662245800     
  0.160000000000000        1.09735509285312     
  0.164000000000000        1.08940981921384     
  0.168000000000000        1.08138683702669     
  0.172000000000000        1.07329208956210     
  0.176000000000000        1.06513142083069     
  0.180000000000000        1.05691056910569     
  0.184000000000000        1.04863516100583     
  0.188000000000000        1.04031070613090     
  0.192000000000000        1.03194259223979     
  0.196000000000000        1.02353608095908     
  0.200000000000000        1.01509630400833     
  0.204000000000000        1.00662825992690     
  0.208000000000000       0.998136811285600     
  0.212000000000000       0.989626682365360     
  0.216000000000000       0.981102457284308     
  0.220000000000000       0.972568578553616     
  0.224000000000000       0.964029346042042     
  0.228000000000000       0.955488916328571     
  0.232000000000000       0.946951302422253     
  0.236000000000000       0.938420373828178     
  0.240000000000000       0.929899856938484     
  0.244000000000000       0.921393335727381     
  0.248000000000000       0.912904252729350     
  0.252000000000000       0.904435910279958     
  0.256000000000000       0.895991471999118     
  0.260000000000000       0.887573964497042     
  0.264000000000000       0.879186279283666     
  0.268000000000000       0.870831174862900     
  0.272000000000000       0.862511278993648     
  0.276000000000000       0.854229091100247     
  0.280000000000000       0.845986984815618     
  0.284000000000000       0.837787210641187     
  0.288000000000000       0.829631898708327     
  0.292000000000000       0.821523061626869     
  0.296000000000000       0.813462597406932     
  0.300000000000000       0.805452292441140     
  0.304000000000000       0.797493824535000     
  0.308000000000000       0.789588765973988     
  0.312000000000000       0.781738586616635     
  0.316000000000000       0.773944657003604     
  0.320000000000000       0.766208251473477     
  0.324000000000000       0.758530551276665     
  0.328000000000000       0.750912647679487     
  0.332000000000000       0.743355545051158     
  0.336000000000000       0.735860163927003     
  0.340000000000000       0.728427344041838     
  0.344000000000000       0.721057847328018     
  0.348000000000000       0.713752360873194     
  0.352000000000000       0.706511499833336     
  0.356000000000000       0.699335810297092     
  0.360000000000000       0.692225772097977     
  0.364000000000000       0.685181801571350     
  0.368000000000000       0.678204254253558     
  0.372000000000000       0.671293427520965     
  0.376000000000000       0.664449563167005     
  0.380000000000000       0.657672849915683     
  0.384000000000000       0.650963425870288     
  0.388000000000000       0.644321380896367     
  0.392000000000000       0.637746758938266     
  0.396000000000000       0.631239560268811     
  0.400000000000000       0.624799743671900     
  0.404000000000000       0.618427228558018     
  0.408000000000000       0.612121897012845     
  0.412000000000000       0.605883595779322     
  0.416000000000000       0.599712138173677     
  0.420000000000000       0.593607305936073     
  0.424000000000000       0.587568851016645     
  0.428000000000000       0.581596497297813     
  0.432000000000000       0.575689942253871     
  0.436000000000000       0.569848858548902     
  0.440000000000000       0.564072895574197     
  0.444000000000000       0.558361680926365     
  0.448000000000000       0.552714821827417     
  0.452000000000000       0.547131906488143     
  0.456000000000000       0.541612505416125     
  0.460000000000000       0.536156172669783     
  0.464000000000000       0.530762447059848     
  0.468000000000000       0.525430853299706     
  0.472000000000000       0.520160903106028     
  0.476000000000000       0.514952096251149     
  0.480000000000000       0.509803921568628     
  0.484000000000000       0.504715857913427     
  0.488000000000000       0.499687375078156     
  0.492000000000000       0.494717934666788     
  0.496000000000000       0.489806990927267     
  0.500000000000000       0.484953991544392     
  0.504000000000000       0.480158378394350     
  0.508000000000000       0.475419588262256     
  0.512000000000000       0.470737053524010     
  0.516000000000000       0.466110202793793     
  0.520000000000000       0.461538461538461     
  0.524000000000000       0.457021252660098     
  0.528000000000000       0.452557997047929     
  0.532000000000000       0.448148114100808     
  0.536000000000000       0.443791022221413     
  0.540000000000000       0.439486139283299     
  0.544000000000000       0.435232883071896     
  0.548000000000000       0.431030671700515     
  0.552000000000000       0.426878924002417     
  0.556000000000000       0.422777059899921     
  0.560000000000000       0.418724500751557     
  0.564000000000000       0.414720669678177     
  0.568000000000000       0.410764991868960     
  0.572000000000000       0.406856894868178     
  0.576000000000000       0.402995808843588     
  0.580000000000000       0.399181166837257     
  0.584000000000000       0.395412404999635     
  0.588000000000000       0.391688962807626     
  0.592000000000000       0.388010283267405     
  0.596000000000000       0.384375813102681     
  0.600000000000000       0.380785002929115     
  0.604000000000000       0.377237307415518     
  0.608000000000000       0.373732185432494     
  0.612000000000000       0.370269100189122     
  0.616000000000000       0.366847519358261     
  0.620000000000000       0.363466915191053     
  0.624000000000000       0.360126764621147     
  0.628000000000000       0.356826549359176     
  0.632000000000000       0.353565755977981     
  0.636000000000000       0.350343875989048     
  0.640000000000000       0.347160405910629     
  0.644000000000000       0.344014847327975     
  0.648000000000000       0.340906706946105     
  0.652000000000000       0.337835496635505     
  0.656000000000000       0.334800733471145     
  0.660000000000000       0.331801939765186     
  0.664000000000000       0.328838643093714     
  0.668000000000000       0.325910376317848     
  0.672000000000000       0.323016677599539     
  0.676000000000000       0.320157090412362     
  0.680000000000000       0.317331163547600     
  0.684000000000000       0.314538451115886     
  0.688000000000000       0.311778512544688     
  0.692000000000000       0.309050912571874     
  0.696000000000000       0.306355221235601     
  0.700000000000000       0.303691013860769     
  0.704000000000000       0.301057871042247     
  0.708000000000000       0.298455378625085     
  0.712000000000000       0.295883127681915     
  0.716000000000000       0.293340714487722     
  0.720000000000000       0.290827740492170     
  0.724000000000000       0.288343812289657     
  0.728000000000000       0.285888541587253     
  0.732000000000000       0.283461545170688     
  0.736000000000000       0.281062444868520     
  0.740000000000000       0.278690867514649     
  0.744000000000000       0.276346444909273     
  0.748000000000000       0.274028813778450     
  0.752000000000000       0.271737615732354     
  0.756000000000000       0.269472497222360     
  0.760000000000000       0.267233109497054     
  0.764000000000000       0.265019108557263     
  0.768000000000000       0.262830155110227     
  0.772000000000000       0.260665914522968     
  0.776000000000000       0.258526056774974     
  0.780000000000000       0.256410256410256     
  0.784000000000000       0.254318192488875     
  0.788000000000000       0.252249548537987     
  0.792000000000000       0.250204012502502     
  0.796000000000000       0.248181276695396     
  0.800000000000000       0.246181037747759     
  0.804000000000000       0.244202996558616     
  0.808000000000000       0.242246858244592     
  0.812000000000000       0.240312332089460     
  0.816000000000000       0.238399131493626     
  0.820000000000000       0.236506973923590     
  0.824000000000000       0.234635580861437     
  0.828000000000000       0.232784677754380     
  0.832000000000000       0.230953993964402     
  0.836000000000000       0.229143262718039     
  0.840000000000000       0.227352221056313     
  0.844000000000000       0.225580609784877     
  0.848000000000000       0.223828173424364     
  0.852000000000000       0.222094660161001     
  0.856000000000000       0.220379821797486     
  0.860000000000000       0.218683413704161     
  0.864000000000000       0.217005194770509     
  0.868000000000000       0.215344927356978     
  0.872000000000000       0.213702377247163     
  0.876000000000000       0.212077313600355     
  0.880000000000000       0.210469508904479     
  0.884000000000000       0.208878738929427     
  0.888000000000000       0.207304782680802     
  0.892000000000000       0.205747422354088     
  0.896000000000000       0.204206443289253     
  0.900000000000000       0.202681633925787     
  0.904000000000000       0.201172785758205     
  0.908000000000000       0.199679693291991     
  0.912000000000000       0.198202154000024     
  0.916000000000000       0.196739968279464     
  0.920000000000000       0.195292939409114     
  0.924000000000000       0.193860873507271     
  0.928000000000000       0.192443579490054     
  0.932000000000000       0.191040869030218     
  0.936000000000000       0.189652556516462     
  0.940000000000000       0.188278459013228     
  0.944000000000000       0.186918396220989     
  0.948000000000000       0.185572190437037     
  0.952000000000000       0.184239666516755     
  0.956000000000000       0.182920651835398     
  0.960000000000000       0.181614976250349     
  0.964000000000000       0.180322472063888     
  0.968000000000000       0.179042973986433     
  0.972000000000000       0.177776319100288     
  0.976000000000000       0.176522346823865     
  0.980000000000000       0.175280898876404     
  0.984000000000000       0.174051819243169     
  0.988000000000000       0.172834954141125     
  0.992000000000000       0.171630151985101     
  0.996000000000000       0.170437263354415     
