  -1.00000000000000       0.170844056140654     
 -0.996000000000000       0.172032183519578     
 -0.992000000000000       0.173232089775447     
 -0.988000000000000       0.174443921358030     
 -0.984000000000000       0.175667826815538     
 -0.980000000000000       0.176903956826477     
 -0.976000000000000       0.178152464231946     
 -0.972000000000000       0.179413504068372     
 -0.968000000000000       0.180687233600690     
 -0.964000000000000       0.181973812355976     
 -0.960000000000000       0.183273402157522     
 -0.956000000000000       0.184586167159364     
 -0.952000000000000       0.185912273881255     
 -0.948000000000000       0.187251891244102     
 -0.944000000000000       0.188605190605838     
 -0.940000000000000       0.189972345797764     
 -0.936000000000000       0.191353533161325     
 -0.932000000000000       0.192748931585353     
 -0.928000000000000       0.194158722543745     
 -0.924000000000000       0.195583090133601     
 -0.920000000000000       0.197022221113799     
 -0.916000000000000       0.198476304944020     
 -0.912000000000000       0.199945533824204     
 -0.908000000000000       0.201430102734452     
 -0.904000000000000       0.202930209475351     
 -0.900000000000000       0.204446054708729     
 -0.896000000000000       0.205977841998830     
 -0.892000000000000       0.207525777853900     
 -0.888000000000000       0.209090071768182     
 -0.884000000000000       0.210670936264308     
 -0.880000000000000       0.212268586936078     
 -0.876000000000000       0.213883242491615     
 -0.872000000000000       0.215515124796897     
 -0.868000000000000       0.217164458919632     
 -0.864000000000000       0.218831473173477     
 -0.860000000000000       0.220516399162596     
 -0.856000000000000       0.222219471826509     
 -0.852000000000000       0.223940929485253     
 -0.848000000000000       0.225681013884810     
 -0.844000000000000       0.227439970242791     
 -0.840000000000000       0.229218047294357     
 -0.836000000000000       0.231015497338351     
 -0.832000000000000       0.232832576283615     
 -0.828000000000000       0.234669543695469     
 -0.824000000000000       0.236526662842320     
 -0.820000000000000       0.238404200742373     
 -0.816000000000000       0.240302428210410     
 -0.812000000000000       0.242221619904608     
 -0.808000000000000       0.244162054373344     
 -0.804000000000000       0.246124014101971     
 -0.800000000000000       0.248107785559499     
 -0.796000000000000       0.250113659245151     
 -0.792000000000000       0.252141929734747     
 -0.788000000000000       0.254192895726857     
 -0.784000000000000       0.256266860088675     
 -0.780000000000000       0.258364129901560     
 -0.776000000000000       0.260485016506177     
 -0.772000000000000       0.262629835547181     
 -0.768000000000000       0.264798907017372     
 -0.764000000000000       0.266992555301255     
 -0.760000000000000       0.269211109217925     
 -0.756000000000000       0.271454902063195     
 -0.752000000000000       0.273724271650897     
 -0.748000000000000       0.276019560353249     
 -0.744000000000000       0.278341115140206     
 -0.740000000000000       0.280689287617694     
 -0.736000000000000       0.283064434064619     
 -0.732000000000000       0.285466915468549     
 -0.728000000000000       0.287897097559945     
 -0.724000000000000       0.290355350844824     
 -0.720000000000000       0.292842050635727     
 -0.716000000000000       0.295357577080850     
 -0.712000000000000       0.297902315191208     
 -0.708000000000000       0.300476654865668     
 -0.704000000000000       0.303080990913709     
 -0.700000000000000       0.305715723075732     
 -0.696000000000000       0.308381256040759     
 -0.692000000000000       0.311077999461323     
 -0.688000000000000       0.313806367965375     
 -0.684000000000000       0.316566781164998     
 -0.680000000000000       0.319359663661721     
 -0.676000000000000       0.322185445048214     
 -0.672000000000000       0.325044559906124     
 -0.668000000000000       0.327937447799830     
 -0.664000000000000       0.330864553265843     
 -0.660000000000000       0.333826325797591     
 -0.656000000000000       0.336823219825329     
 -0.652000000000000       0.339855694690852     
 -0.648000000000000       0.342924214616732     
 -0.644000000000000       0.346029248669758     
 -0.640000000000000       0.349171270718232     
 -0.636000000000000       0.352350759382789     
 -0.632000000000000       0.355568197980373     
 -0.628000000000000       0.358824074460992     
 -0.624000000000000       0.362118881336851     
 -0.620000000000000       0.365453115603460     
 -0.616000000000000       0.368827278652277     
 -0.612000000000000       0.372241876174447     
 -0.608000000000000       0.375697418055162     
 -0.604000000000000       0.379194418258163     
 -0.600000000000000       0.382733394699869     
 -0.596000000000000       0.386314869112610     
 -0.592000000000000       0.389939366896418     
 -0.588000000000000       0.393607416958800     
 -0.584000000000000       0.397319551541902     
 -0.580000000000000       0.401076306036452     
 -0.576000000000000       0.404878218781839     
 -0.572000000000000       0.408725830851660     
 -0.568000000000000       0.412619685824059     
 -0.564000000000000       0.416560329536131     
 -0.560000000000000       0.420548309821666     
 -0.556000000000000       0.424584176231455     
 -0.552000000000000       0.428668479735376     
 -0.548000000000000       0.432801772405436     
 -0.544000000000000       0.436984607078929     
 -0.540000000000000       0.441217537000838     
 -0.536000000000000       0.445501115444565     
 -0.532000000000000       0.449835895310091     
 -0.528000000000000       0.454222428698578     
 -0.524000000000000       0.458661266462456     
 -0.520000000000000       0.463152957729964     
 -0.516000000000000       0.467698049403123     
 -0.512000000000000       0.472297085628059     
 -0.508000000000000       0.476950607236609     
 -0.504000000000000       0.481659151158055     
 -0.500000000000000       0.486423249799889     
 -0.496000000000000       0.491243430396402     
 -0.492000000000000       0.496120214323933     
 -0.488000000000000       0.501054116381552     
 -0.484000000000000       0.506045644035964     
 -0.480000000000000       0.511095296629359     
 -0.476000000000000       0.516203564548969     
 -0.472000000000000       0.521370928357035     
 -0.468000000000000       0.526597857879904     
 -0.464000000000000       0.531884811254952     
 -0.460000000000000       0.537232233934036     
 -0.456000000000000       0.542640557642165     
 -0.452000000000000       0.548110199290093     
 -0.448000000000000       0.553641559839542     
 -0.444000000000000       0.559235023119767     
 -0.440000000000000       0.564890954594208     
 -0.436000000000000       0.570609700075985     
 -0.432000000000000       0.576391584391024     
 -0.428000000000000       0.582236909987648     
 -0.424000000000000       0.588145955491496     
 -0.420000000000000       0.594118974204708     
 -0.416000000000000       0.600156192548339     
 -0.412000000000000       0.606257808447090     
 -0.408000000000000       0.612423989655461     
 -0.404000000000000       0.618654872024583     
 -0.400000000000000       0.624950557709042     
 -0.396000000000000       0.631311113313153     
 -0.392000000000000       0.637736567976260     
 -0.388000000000000       0.644226911396782     
 -0.384000000000000       0.650782091794873     
 -0.380000000000000       0.657402013813764     
 -0.376000000000000       0.664086536359999     
 -0.372000000000000       0.670835470383038     
 -0.368000000000000       0.677648576594876     
 -0.364000000000000       0.684525563130587     
 -0.360000000000000       0.691466083150985     
 -0.356000000000000       0.698469732388837     
 -0.352000000000000       0.705536046640398     
 -0.348000000000000       0.712664499204342     
 -0.344000000000000       0.719854498270527     
 -0.340000000000000       0.727105384261390     
 -0.336000000000000       0.734416427129157     
 -0.332000000000000       0.741786823612483     
 -0.328000000000000       0.749215694456563     
 -0.324000000000000       0.756702081601220     
 -0.320000000000000       0.764244945341975     
 -0.316000000000000       0.771843161469589     
 -0.312000000000000       0.779495518394121     
 -0.308000000000000       0.787200714260091     
 -0.304000000000000       0.794957354059917     
 -0.300000000000000       0.802763946753378     
 -0.296000000000000       0.810618902401484     
 -0.292000000000000       0.818520529323757     
 -0.288000000000000       0.826467031288577     
 -0.284000000000000       0.834456504746895     
 -0.280000000000000       0.842486936120294     
 -0.276000000000000       0.850556199155042     
 -0.272000000000000       0.858662052354473     
 -0.268000000000000       0.866802136502684     
 -0.264000000000000       0.874973972293229     
 -0.260000000000000       0.883174958077138     
 -0.256000000000000       0.891402367745226     
 -0.252000000000000       0.899653348760300     
 -0.248000000000000       0.907924920355447     
 -0.244000000000000       0.916213971915142     
 -0.240000000000000       0.924517261556466     
 -0.236000000000000       0.932831414928136     
 -0.232000000000000       0.941152924245529     
 -0.228000000000000       0.949478147580153     
 -0.224000000000000       0.957803308422365     
 -0.220000000000000       0.966124495536260     
 -0.216000000000000       0.974437663125799     
 -0.212000000000000       0.982738631331200     
 -0.208000000000000       0.991023087074550     
 -0.204000000000000       0.999286585273299     
 -0.200000000000000        1.00752455044000     
 -0.196000000000000        1.01573227868608     
 -0.192000000000000        1.02390494014692     
 -0.188000000000000        1.03203758184450     
 -0.184000000000000        1.04012513100310     
 -0.180000000000000        1.04816239883243     
 -0.176000000000000        1.05614408479099     
 -0.172000000000000        1.06406478134142     
 -0.168000000000000        1.07191897920749     
 -0.164000000000000        1.07970107314086     
 -0.160000000000000        1.08740536820372     
 -0.156000000000000        1.09502608657082     
 -0.152000000000000        1.10255737485276     
 -0.148000000000000        1.10999331193903     
 -0.144000000000000        1.11732791735734     
 -0.140000000000000        1.12455516014235     
 -0.136000000000000        1.13166896820440     
 -0.132000000000000        1.13866323818529     
 -0.128000000000000        1.14553184578531     
 -0.124000000000000        1.15226865654226     
 -0.120000000000000        1.15886753703975     
 -0.116000000000000        1.16532236651896     
 -0.112000000000000        1.17162704886426     
 -0.108000000000000        1.17777552493008     
 -0.104000000000000        1.18376178517271     
 -0.100000000000000        1.18957988254781     
 -9.599999999999997E-002   1.19522394563093     
 -9.199999999999997E-002   1.20068819191557     
 -8.799999999999997E-002   1.20596694124041     
 -8.399999999999996E-002   1.21105462929464     
 -7.999999999999996E-002   1.21594582114822     
 -7.599999999999996E-002   1.22063522475139     
 -7.199999999999995E-002   1.22511770434653     
 -6.799999999999995E-002   1.22938829373354     
 -6.399999999999995E-002   1.23344220932919     
 -6.000000000000005E-002   1.23727486296006     
 -5.600000000000005E-002   1.24088187432851     
 -5.200000000000005E-002   1.24425908309131     
 -4.800000000000004E-002   1.24740256049113     
 -4.400000000000004E-002   1.25030862048227     
 -4.000000000000004E-002   1.25297383029342     
 -3.600000000000003E-002   1.25539502037236     
 -3.200000000000003E-002   1.25756929365994     
 -2.800000000000002E-002   1.25949403414345     
 -2.400000000000002E-002   1.26116691464295     
 -2.000000000000002E-002   1.26258590378776     
 -1.600000000000001E-002   1.26374927214441     
 -1.200000000000001E-002   1.26465559746172     
 -8.000000000000007E-003   1.26530376900358     
 -4.000000000000004E-003   1.26569299094469     
  0.000000000000000E+000   1.26582278481013     
  4.000000000000004E-003   1.26569299094469     
  8.000000000000007E-003   1.26530376900358     
  1.200000000000001E-002   1.26465559746172     
  1.600000000000001E-002   1.26374927214441     
  2.000000000000002E-002   1.26258590378776     
  2.400000000000002E-002   1.26116691464295     
  2.800000000000002E-002   1.25949403414345     
  3.200000000000003E-002   1.25756929365994     
  3.600000000000003E-002   1.25539502037236     
  4.000000000000004E-002   1.25297383029342     
  4.400000000000004E-002   1.25030862048227     
  4.800000000000004E-002   1.24740256049113     
  5.200000000000005E-002   1.24425908309131     
  5.600000000000005E-002   1.24088187432851     
  6.000000000000005E-002   1.23727486296006     
  6.400000000000006E-002   1.23344220932919     
  6.800000000000006E-002   1.22938829373354     
  7.200000000000006E-002   1.22511770434653     
  7.600000000000007E-002   1.22063522475139     
  8.000000000000007E-002   1.21594582114822     
  8.400000000000007E-002   1.21105462929464     
  8.800000000000008E-002   1.20596694124041     
  9.200000000000008E-002   1.20068819191557     
  9.600000000000009E-002   1.19522394563093     
  0.100000000000000        1.18957988254781     
  0.104000000000000        1.18376178517271     
  0.108000000000000        1.17777552493008     
  0.112000000000000        1.17162704886426     
  0.116000000000000        1.16532236651896     
  0.120000000000000        1.15886753703975     
  0.124000000000000        1.15226865654226     
  0.128000000000000        1.14553184578531     
  0.132000000000000        1.13866323818529     
  0.136000000000000        1.13166896820440     
  0.140000000000000        1.12455516014235     
  0.144000000000000        1.11732791735734     
  0.148000000000000        1.10999331193903     
  0.152000000000000        1.10255737485276     
  0.156000000000000        1.09502608657082     
  0.160000000000000        1.08740536820372     
  0.164000000000000        1.07970107314086     
  0.168000000000000        1.07191897920749     
  0.172000000000000        1.06406478134142     
  0.176000000000000        1.05614408479099     
  0.180000000000000        1.04816239883243     
  0.184000000000000        1.04012513100310     
  0.188000000000000        1.03203758184450     
  0.192000000000000        1.02390494014692     
  0.196000000000000        1.01573227868608     
  0.200000000000000        1.00752455044000     
  0.204000000000000       0.999286585273299     
  0.208000000000000       0.991023087074550     
  0.212000000000000       0.982738631331200     
  0.216000000000000       0.974437663125799     
  0.220000000000000       0.966124495536260     
  0.224000000000000       0.957803308422365     
  0.228000000000000       0.949478147580153     
  0.232000000000000       0.941152924245529     
  0.236000000000000       0.932831414928137     
  0.240000000000000       0.924517261556466     
  0.244000000000000       0.916213971915142     
  0.248000000000000       0.907924920355447     
  0.252000000000000       0.899653348760301     
  0.256000000000000       0.891402367745226     
  0.260000000000000       0.883174958077138     
  0.264000000000000       0.874973972293229     
  0.268000000000000       0.866802136502684     
  0.272000000000000       0.858662052354473     
  0.276000000000000       0.850556199155042     
  0.280000000000000       0.842486936120294     
  0.284000000000000       0.834456504746896     
  0.288000000000000       0.826467031288577     
  0.292000000000000       0.818520529323757     
  0.296000000000000       0.810618902401484     
  0.300000000000000       0.802763946753379     
  0.304000000000000       0.794957354059918     
  0.308000000000000       0.787200714260091     
  0.312000000000000       0.779495518394121     
  0.316000000000000       0.771843161469589     
  0.320000000000000       0.764244945341975     
  0.324000000000000       0.756702081601220     
  0.328000000000000       0.749215694456563     
  0.332000000000000       0.741786823612483     
  0.336000000000000       0.734416427129157     
  0.340000000000000       0.727105384261390     
  0.344000000000000       0.719854498270527     
  0.348000000000000       0.712664499204342     
  0.352000000000000       0.705536046640398     
  0.356000000000000       0.698469732388837     
  0.360000000000000       0.691466083150985     
  0.364000000000000       0.684525563130587     
  0.368000000000000       0.677648576594876     
  0.372000000000000       0.670835470383038     
  0.376000000000000       0.664086536359999     
  0.380000000000000       0.657402013813764     
  0.384000000000000       0.650782091794874     
  0.388000000000000       0.644226911396782     
  0.392000000000000       0.637736567976260     
  0.396000000000000       0.631311113313153     
  0.400000000000000       0.624950557709042     
  0.404000000000000       0.618654872024584     
  0.408000000000000       0.612423989655461     
  0.412000000000000       0.606257808447090     
  0.416000000000000       0.600156192548339     
  0.420000000000000       0.594118974204708     
  0.424000000000000       0.588145955491497     
  0.428000000000000       0.582236909987648     
  0.432000000000000       0.576391584391024     
  0.436000000000000       0.570609700075985     
  0.440000000000000       0.564890954594208     
  0.444000000000000       0.559235023119767     
  0.448000000000000       0.553641559839542     
  0.452000000000000       0.548110199290093     
  0.456000000000000       0.542640557642165     
  0.460000000000000       0.537232233934036     
  0.464000000000000       0.531884811254952     
  0.468000000000000       0.526597857879904     
  0.472000000000000       0.521370928357035     
  0.476000000000000       0.516203564548969     
  0.480000000000000       0.511095296629359     
  0.484000000000000       0.506045644035964     
  0.488000000000000       0.501054116381552     
  0.492000000000000       0.496120214323933     
  0.496000000000000       0.491243430396402     
  0.500000000000000       0.486423249799889     
  0.504000000000000       0.481659151158055     
  0.508000000000000       0.476950607236608     
  0.512000000000000       0.472297085628059     
  0.516000000000000       0.467698049403122     
  0.520000000000000       0.463152957729964     
  0.524000000000000       0.458661266462456     
  0.528000000000000       0.454222428698578     
  0.532000000000000       0.449835895310091     
  0.536000000000000       0.445501115444565     
  0.540000000000000       0.441217537000838     
  0.544000000000000       0.436984607078929     
  0.548000000000000       0.432801772405435     
  0.552000000000000       0.428668479735376     
  0.556000000000000       0.424584176231455     
  0.560000000000000       0.420548309821666     
  0.564000000000000       0.416560329536131     
  0.568000000000000       0.412619685824059     
  0.572000000000000       0.408725830851660     
  0.576000000000000       0.404878218781839     
  0.580000000000000       0.401076306036452     
  0.584000000000000       0.397319551541902     
  0.588000000000000       0.393607416958800     
  0.592000000000000       0.389939366896418     
  0.596000000000000       0.386314869112610     
  0.600000000000000       0.382733394699869     
  0.604000000000000       0.379194418258163     
  0.608000000000000       0.375697418055162     
  0.612000000000000       0.372241876174447     
  0.616000000000000       0.368827278652277     
  0.620000000000000       0.365453115603460     
  0.624000000000000       0.362118881336851     
  0.628000000000000       0.358824074460992     
  0.632000000000000       0.355568197980373     
  0.636000000000000       0.352350759382789     
  0.640000000000000       0.349171270718232     
  0.644000000000000       0.346029248669759     
  0.648000000000000       0.342924214616732     
  0.652000000000000       0.339855694690852     
  0.656000000000000       0.336823219825330     
  0.660000000000000       0.333826325797591     
  0.664000000000000       0.330864553265843     
  0.668000000000000       0.327937447799830     
  0.672000000000000       0.325044559906124     
  0.676000000000000       0.322185445048214     
  0.680000000000000       0.319359663661721     
  0.684000000000000       0.316566781164998     
  0.688000000000000       0.313806367965375     
  0.692000000000000       0.311077999461323     
  0.696000000000000       0.308381256040759     
  0.700000000000000       0.305715723075732     
  0.704000000000000       0.303080990913709     
  0.708000000000000       0.300476654865668     
  0.712000000000000       0.297902315191208     
  0.716000000000000       0.295357577080850     
  0.720000000000000       0.292842050635727     
  0.724000000000000       0.290355350844824     
  0.728000000000000       0.287897097559945     
  0.732000000000000       0.285466915468549     
  0.736000000000000       0.283064434064619     
  0.740000000000000       0.280689287617694     
  0.744000000000000       0.278341115140206     
  0.748000000000000       0.276019560353249     
  0.752000000000000       0.273724271650897     
  0.756000000000000       0.271454902063195     
  0.760000000000000       0.269211109217925     
  0.764000000000000       0.266992555301255     
  0.768000000000000       0.264798907017372     
  0.772000000000000       0.262629835547181     
  0.776000000000000       0.260485016506177     
  0.780000000000000       0.258364129901560     
  0.784000000000000       0.256266860088675     
  0.788000000000000       0.254192895726857     
  0.792000000000000       0.252141929734747     
  0.796000000000000       0.250113659245151     
  0.800000000000000       0.248107785559499     
  0.804000000000000       0.246124014101971     
  0.808000000000000       0.244162054373344     
  0.812000000000000       0.242221619904608     
  0.816000000000000       0.240302428210410     
  0.820000000000000       0.238404200742373     
  0.824000000000000       0.236526662842320     
  0.828000000000000       0.234669543695469     
  0.832000000000000       0.232832576283615     
  0.836000000000000       0.231015497338351     
  0.840000000000000       0.229218047294357     
  0.844000000000000       0.227439970242791     
  0.848000000000000       0.225681013884810     
  0.852000000000000       0.223940929485253     
  0.856000000000000       0.222219471826509     
  0.860000000000000       0.220516399162596     
  0.864000000000000       0.218831473173477     
  0.868000000000000       0.217164458919631     
  0.872000000000000       0.215515124796897     
  0.876000000000000       0.213883242491615     
  0.880000000000000       0.212268586936078     
  0.884000000000000       0.210670936264308     
  0.888000000000000       0.209090071768182     
  0.892000000000000       0.207525777853900     
  0.896000000000000       0.205977841998830     
  0.900000000000000       0.204446054708729     
  0.904000000000000       0.202930209475351     
  0.908000000000000       0.201430102734452     
  0.912000000000000       0.199945533824204     
  0.916000000000000       0.198476304944020     
  0.920000000000000       0.197022221113799     
  0.924000000000000       0.195583090133601     
  0.928000000000000       0.194158722543745     
  0.932000000000000       0.192748931585353     
  0.936000000000000       0.191353533161325     
  0.940000000000000       0.189972345797764     
  0.944000000000000       0.188605190605838     
  0.948000000000000       0.187251891244102     
  0.952000000000000       0.185912273881255     
  0.956000000000000       0.184586167159364     
  0.960000000000000       0.183273402157522     
  0.964000000000000       0.181973812355976     
  0.968000000000000       0.180687233600689     
  0.972000000000000       0.179413504068372     
  0.976000000000000       0.178152464231946     
  0.980000000000000       0.176903956826477     
  0.984000000000000       0.175667826815538     
  0.988000000000000       0.174443921358030     
  0.992000000000000       0.173232089775447     
  0.996000000000000       0.172032183519578     
