  -1.00000000000000       1.996805111821087E-002
 -0.996000000000000       2.012850034621021E-002
 -0.992000000000000       2.029089020193494E-002
 -0.988000000000000       2.045525209052677E-002
 -0.984000000000000       2.062161805463904E-002
 -0.980000000000000       2.079002079002079E-002
 -0.976000000000000       2.096049366154672E-002
 -0.972000000000000       2.113307071970786E-002
 -0.968000000000000       2.130778671757808E-002
 -0.964000000000000       2.148467712827212E-002
 -0.960000000000000       2.166377816291162E-002
 -0.956000000000000       2.184512678911589E-002
 -0.952000000000000       2.202876075003525E-002
 -0.948000000000000       2.221471858394498E-002
 -0.944000000000000       2.240303964441896E-002
 -0.940000000000000       2.259376412110258E-002
 -0.936000000000000       2.278693306110545E-002
 -0.932000000000000       2.298258839103496E-002
 -0.928000000000000       2.318077293969290E-002
 -0.924000000000000       2.338153046145789E-002
 -0.920000000000000       2.358490566037736E-002
 -0.916000000000000       2.379094421499401E-002
 -0.912000000000000       2.399969280393211E-002
 -0.908000000000000       2.421119913227062E-002
 -0.904000000000000       2.442551195873066E-002
 -0.900000000000000       2.464268112370626E-002
 -0.896000000000000       2.486275757816851E-002
 -0.892000000000000       2.508579341347408E-002
 -0.888000000000000       2.531184189211081E-002
 -0.884000000000000       2.554095747941399E-002
 -0.880000000000000       2.577319587628866E-002
 -0.876000000000000       2.600861405297435E-002
 -0.872000000000000       2.624727028389048E-002
 -0.868000000000000       2.648922418360211E-002
 -0.864000000000000       2.673453674394731E-002
 -0.860000000000000       2.698327037236914E-002
 -0.856000000000000       2.723548893149731E-002
 -0.852000000000000       2.749125778002596E-002
 -0.848000000000000       2.775064381493651E-002
 -0.844000000000000       2.801371551511621E-002
 -0.840000000000000       2.828054298642535E-002
 -0.836000000000000       2.855119800826843E-002
 -0.832000000000000       2.882575408172678E-002
 -0.828000000000000       2.910428647931267E-002
 -0.824000000000000       2.938687229640775E-002
 -0.820000000000000       2.967359050445104E-002
 -0.816000000000000       2.996452200594496E-002
 -0.812000000000000       3.025974969135055E-002
 -0.808000000000000       3.055935849794641E-002
 -0.804000000000000       3.086343547072912E-002
 -0.800000000000000       3.117206982543641E-002
 -0.796000000000000       3.148535301377799E-002
 -0.792000000000000       3.180337879096275E-002
 -0.788000000000000       3.212624328561515E-002
 -0.784000000000000       3.245404507217779E-002
 -0.780000000000000       3.278688524590164E-002
 -0.776000000000000       3.312486750052999E-002
 -0.772000000000000       3.346809820878738E-002
 -0.768000000000000       3.381668650578942E-002
 -0.764000000000000       3.417074437549548E-002
 -0.760000000000000       3.453038674033149E-002
 -0.756000000000000       3.489573155411630E-002
 -0.752000000000000       3.526689989843133E-002
 -0.748000000000000       3.564401608258005E-002
 -0.744000000000000       3.602720774729076E-002
 -0.740000000000000       3.641660597232338E-002
 -0.736000000000000       3.681234538814937E-002
 -0.732000000000000       3.721456429188127E-002
 -0.728000000000000       3.762340476763786E-002
 -0.724000000000000       3.803901281153952E-002
 -0.720000000000000       3.846153846153846E-002
 -0.716000000000000       3.889113593229832E-002
 -0.712000000000000       3.932796375534861E-002
 -0.708000000000000       3.977218492475103E-002
 -0.704000000000000       4.022396704852620E-002
 -0.700000000000000       4.068348250610253E-002
 -0.696000000000000       4.115090861206216E-002
 -0.692000000000000       4.162642778647309E-002
 -0.688000000000000       4.211022773211159E-002
 -0.684000000000000       4.260250161889508E-002
 -0.680000000000000       4.310344827586209E-002
 -0.676000000000000       4.361327239105406E-002
 -0.672000000000000       4.413218471967238E-002
 -0.668000000000000       4.466040230090394E-002
 -0.664000000000000       4.519814868382993E-002
 -0.660000000000000       4.574565416285455E-002
 -0.656000000000000       4.630315602311454E-002
 -0.652000000000000       4.687089879635532E-002
 -0.648000000000000       4.744913452778622E-002
 -0.644000000000000       4.803812305445603E-002
 -0.640000000000000       4.863813229571985E-002
 -0.636000000000000       4.924943855640047E-002
 -0.632000000000000       4.987232684328121E-002
 -0.628000000000000       5.050709119560387E-002
 -0.624000000000000       5.115403503028320E-002
 -0.620000000000000       5.181347150259068E-002
 -0.616000000000000       5.248572388310380E-002
 -0.612000000000000       5.317112595176317E-002
 -0.608000000000000       5.387002240992933E-002
 -0.604000000000000       5.458276931138380E-002
 -0.600000000000000       5.530973451327435E-002
 -0.596000000000000       5.605129814806512E-002
 -0.592000000000000       5.680785311761497E-002
 -0.588000000000000       5.757980561057625E-002
 -0.584000000000000       5.836757564437803E-002
 -0.580000000000000       5.917159763313609E-002
 -0.576000000000000       5.999232098291418E-002
 -0.572000000000000       6.083021071584992E-002
 -0.568000000000000       6.168574812475325E-002
 -0.564000000000000       6.255943145988688E-002
 -0.560000000000000       6.345177664974619E-002
 -0.556000000000000       6.436331805777250E-002
 -0.552000000000000       6.529460927705807E-002
 -0.548000000000000       6.624622396523397E-002
 -0.544000000000000       6.721875672187566E-002
 -0.540000000000000       6.821282401091404E-002
 -0.536000000000000       6.922906513070447E-002
 -0.532000000000000       7.026814323458316E-002
 -0.528000000000000       7.133074640493038E-002
 -0.524000000000000       7.241758878396384E-002
 -0.520000000000000       7.352941176470588E-002
 -0.516000000000000       7.466698524580372E-002
 -0.512000000000000       7.583110895413735E-002
 -0.508000000000000       7.702261383942326E-002
 -0.504000000000000       7.824236354531798E-002
 -0.500000000000000       7.949125596184420E-002
 -0.496000000000000       8.077022486430600E-002
 -0.492000000000000       8.208024164423139E-002
 -0.488000000000000       8.342231713828081E-002
 -0.484000000000000       8.479750356149514E-002
 -0.480000000000000       8.620689655172413E-002
 -0.476000000000000       8.765163733258537E-002
 -0.472000000000000       8.913291500285224E-002
 -0.468000000000000       9.065196896076581E-002
 -0.464000000000000       9.221009147241073E-002
 -0.460000000000000       9.380863039399624E-002
 -0.456000000000000       9.544899205864385E-002
 -0.452000000000000       9.713264433910948E-002
 -0.448000000000000       9.886111989876621E-002
 -0.444000000000000       0.100636019644151     
 -0.440000000000000       0.102459016393443     
 -0.436000000000000       0.104331858776396     
 -0.432000000000000       0.106256375382523     
 -0.428000000000000       0.108234479175686     
 -0.424000000000000       0.110268172194778     
 -0.420000000000000       0.112359550561798     
 -0.416000000000000       0.114510809820447     
 -0.412000000000000       0.116724250630311     
 -0.408000000000000       0.119002284843869     
 -0.404000000000000       0.121347441995923     
 -0.400000000000000       0.123762376237624     
 -0.396000000000000       0.126249873750126     
 -0.392000000000000       0.128812860676010     
 -0.388000000000000       0.131454411610054     
 -0.384000000000000       0.134177758694719     
 -0.380000000000000       0.136986301369863     
 -0.376000000000000       0.139883616830797     
 -0.372000000000000       0.142873471253858     
 -0.368000000000000       0.145959831854274     
 -0.364000000000000       0.149146879847274     
 -0.360000000000000       0.152439024390244     
 -0.356000000000000       0.155840917591323     
 -0.352000000000000       0.159357470678225     
 -0.348000000000000       0.162993871430434     
 -0.344000000000000       0.166755602988260     
 -0.340000000000000       0.170648464163823     
 -0.336000000000000       0.174678591391839     
 -0.332000000000000       0.178852482472457     
 -0.328000000000000       0.183177022274326     
 -0.324000000000000       0.187659510583996     
 -0.320000000000000       0.192307692307692     
 -0.316000000000000       0.197129790253903     
 -0.312000000000000       0.202134540750323     
 -0.308000000000000       0.207331232376845     
 -0.304000000000000       0.212729748127978     
 -0.300000000000000       0.218340611353712     
 -0.296000000000000       0.224175035868006     
 -0.292000000000000       0.230244980659421     
 -0.288000000000000       0.236563209689629     
 -0.284000000000000       0.243143357323478     
 -0.280000000000000       0.250000000000000     
 -0.276000000000000       0.257148734828225     
 -0.272000000000000       0.264606265876376     
 -0.268000000000000       0.272390499019394     
 -0.264000000000000       0.280520646319569     
 -0.260000000000000       0.289017341040462     
 -0.256000000000000       0.297902764537655     
 -0.252000000000000       0.307200786434013     
 -0.248000000000000       0.316937119675456     
 -0.244000000000000       0.327139492279508     
 -0.240000000000000       0.337837837837838     
 -0.236000000000000       0.349064507120916     
 -0.232000000000000       0.360854503464203     
 -0.228000000000000       0.373245744998507     
 -0.224000000000000       0.386279357231150     
 -0.220000000000000       0.400000000000000     
 -0.216000000000000       0.414456233421751     
 -0.212000000000000       0.429700928154005     
 -0.208000000000000       0.445791726105564     
 -0.204000000000000       0.462791558681970     
 -0.200000000000000       0.480769230769231     
 -0.196000000000000       0.499800079968013     
 -0.192000000000000       0.519966722129784     
 -0.188000000000000       0.541359896058900     
 -0.184000000000000       0.564079422382671     
 -0.180000000000000       0.588235294117647     
 -0.176000000000000       0.613948919449901     
 -0.172000000000000       0.641354540790148     
 -0.168000000000000       0.670600858369098     
 -0.164000000000000       0.701852891633913     
 -0.160000000000000       0.735294117647058     
 -0.156000000000000       0.771128932757557     
 -0.152000000000000       0.809585492227979     
 -0.148000000000000       0.850918992511912     
 -0.144000000000000       0.895415472779369     
 -0.140000000000000       0.943396226415094     
 -0.136000000000000       0.995222929936305     
 -0.132000000000000        1.05130361648444     
 -0.128000000000000        1.11209964412811     
 -0.124000000000000        1.17813383600377     
 -0.120000000000000        1.25000000000000     
 -0.116000000000000        1.32837407013815     
 -0.112000000000000        1.41402714932127     
 -0.108000000000000        1.50784077201448     
 -0.104000000000000        1.61082474226804     
 -0.100000000000000        1.72413793103448     
 -9.599999999999997E-002   1.84911242603550     
 -9.199999999999997E-002   1.98728139904611     
 -8.799999999999997E-002   2.14041095890411     
 -8.399999999999996E-002   2.31053604436229     
 -7.999999999999996E-002   2.50000000000000     
 -7.599999999999996E-002   2.71149674620391     
 -7.199999999999995E-002   2.94811320754717     
 -6.799999999999995E-002   3.21336760925450     
 -6.399999999999995E-002   3.51123595505618     
 -6.000000000000005E-002   3.84615384615384     
 -5.600000000000005E-002   4.22297297297297     
 -5.200000000000005E-002   4.64684014869888     
 -4.800000000000004E-002   5.12295081967212     
 -4.400000000000004E-002   5.65610859728506     
 -4.000000000000004E-002   6.24999999999999     
 -3.600000000000003E-002   6.90607734806629     
 -3.200000000000003E-002   7.62195121951218     
 -2.800000000000002E-002   8.38926174496643     
 -2.400000000000002E-002   9.19117647058822     
 -2.000000000000002E-002   9.99999999999999     
 -1.600000000000001E-002   10.7758620689655     
 -1.200000000000001E-002   11.4678899082569     
 -8.000000000000007E-003   12.0192307692308     
 -4.000000000000004E-003   12.3762376237624     
  0.000000000000000E+000   12.5000000000000     
  4.000000000000004E-003   12.3762376237624     
  8.000000000000007E-003   12.0192307692308     
  1.200000000000001E-002   11.4678899082569     
  1.600000000000001E-002   10.7758620689655     
  2.000000000000002E-002   10.0000000000000     
  2.400000000000002E-002   9.19117647058824     
  2.800000000000002E-002   8.38926174496644     
  3.200000000000003E-002   7.62195121951220     
  3.600000000000003E-002   6.90607734806630     
  4.000000000000004E-002   6.25000000000000     
  4.400000000000004E-002   5.65610859728507     
  4.800000000000004E-002   5.12295081967213     
  5.200000000000005E-002   4.64684014869888     
  5.600000000000005E-002   4.22297297297297     
  6.000000000000005E-002   3.84615384615384     
  6.400000000000006E-002   3.51123595505618     
  6.800000000000006E-002   3.21336760925450     
  7.200000000000006E-002   2.94811320754717     
  7.600000000000007E-002   2.71149674620390     
  8.000000000000007E-002   2.50000000000000     
  8.400000000000007E-002   2.31053604436229     
  8.800000000000008E-002   2.14041095890411     
  9.200000000000008E-002   1.98728139904610     
  9.600000000000009E-002   1.84911242603550     
  0.100000000000000        1.72413793103448     
  0.104000000000000        1.61082474226804     
  0.108000000000000        1.50784077201447     
  0.112000000000000        1.41402714932127     
  0.116000000000000        1.32837407013815     
  0.120000000000000        1.25000000000000     
  0.124000000000000        1.17813383600377     
  0.128000000000000        1.11209964412812     
  0.132000000000000        1.05130361648444     
  0.136000000000000       0.995222929936307     
  0.140000000000000       0.943396226415096     
  0.144000000000000       0.895415472779371     
  0.148000000000000       0.850918992511914     
  0.152000000000000       0.809585492227980     
  0.156000000000000       0.771128932757558     
  0.160000000000000       0.735294117647060     
  0.164000000000000       0.701852891633914     
  0.168000000000000       0.670600858369099     
  0.172000000000000       0.641354540790150     
  0.176000000000000       0.613948919449902     
  0.180000000000000       0.588235294117648     
  0.184000000000000       0.564079422382672     
  0.188000000000000       0.541359896058900     
  0.192000000000000       0.519966722129784     
  0.196000000000000       0.499800079968013     
  0.200000000000000       0.480769230769231     
  0.204000000000000       0.462791558681970     
  0.208000000000000       0.445791726105564     
  0.212000000000000       0.429700928154005     
  0.216000000000000       0.414456233421751     
  0.220000000000000       0.400000000000000     
  0.224000000000000       0.386279357231150     
  0.228000000000000       0.373245744998507     
  0.232000000000000       0.360854503464203     
  0.236000000000000       0.349064507120916     
  0.240000000000000       0.337837837837838     
  0.244000000000000       0.327139492279508     
  0.248000000000000       0.316937119675456     
  0.252000000000000       0.307200786434013     
  0.256000000000000       0.297902764537655     
  0.260000000000000       0.289017341040463     
  0.264000000000000       0.280520646319569     
  0.268000000000000       0.272390499019394     
  0.272000000000000       0.264606265876376     
  0.276000000000000       0.257148734828225     
  0.280000000000000       0.250000000000000     
  0.284000000000000       0.243143357323478     
  0.288000000000000       0.236563209689629     
  0.292000000000000       0.230244980659422     
  0.296000000000000       0.224175035868006     
  0.300000000000000       0.218340611353712     
  0.304000000000000       0.212729748127978     
  0.308000000000000       0.207331232376845     
  0.312000000000000       0.202134540750323     
  0.316000000000000       0.197129790253903     
  0.320000000000000       0.192307692307692     
  0.324000000000000       0.187659510583996     
  0.328000000000000       0.183177022274326     
  0.332000000000000       0.178852482472457     
  0.336000000000000       0.174678591391839     
  0.340000000000000       0.170648464163823     
  0.344000000000000       0.166755602988260     
  0.348000000000000       0.162993871430434     
  0.352000000000000       0.159357470678225     
  0.356000000000000       0.155840917591323     
  0.360000000000000       0.152439024390244     
  0.364000000000000       0.149146879847274     
  0.368000000000000       0.145959831854274     
  0.372000000000000       0.142873471253858     
  0.376000000000000       0.139883616830797     
  0.380000000000000       0.136986301369863     
  0.384000000000000       0.134177758694719     
  0.388000000000000       0.131454411610054     
  0.392000000000000       0.128812860676010     
  0.396000000000000       0.126249873750126     
  0.400000000000000       0.123762376237624     
  0.404000000000000       0.121347441995923     
  0.408000000000000       0.119002284843869     
  0.412000000000000       0.116724250630311     
  0.416000000000000       0.114510809820447     
  0.420000000000000       0.112359550561798     
  0.424000000000000       0.110268172194778     
  0.428000000000000       0.108234479175686     
  0.432000000000000       0.106256375382523     
  0.436000000000000       0.104331858776396     
  0.440000000000000       0.102459016393443     
  0.444000000000000       0.100636019644151     
  0.448000000000000       9.886111989876625E-002
  0.452000000000000       9.713264433910954E-002
  0.456000000000000       9.544899205864391E-002
  0.460000000000000       9.380863039399628E-002
  0.464000000000000       9.221009147241077E-002
  0.468000000000000       9.065196896076586E-002
  0.472000000000000       8.913291500285228E-002
  0.476000000000000       8.765163733258541E-002
  0.480000000000000       8.620689655172417E-002
  0.484000000000000       8.479750356149518E-002
  0.488000000000000       8.342231713828085E-002
  0.492000000000000       8.208024164423142E-002
  0.496000000000000       8.077022486430604E-002
  0.500000000000000       7.949125596184421E-002
  0.504000000000000       7.824236354531798E-002
  0.508000000000000       7.702261383942326E-002
  0.512000000000000       7.583110895413735E-002
  0.516000000000000       7.466698524580372E-002
  0.520000000000000       7.352941176470588E-002
  0.524000000000000       7.241758878396384E-002
  0.528000000000000       7.133074640493038E-002
  0.532000000000000       7.026814323458316E-002
  0.536000000000000       6.922906513070447E-002
  0.540000000000000       6.821282401091404E-002
  0.544000000000000       6.721875672187566E-002
  0.548000000000000       6.624622396523397E-002
  0.552000000000000       6.529460927705807E-002
  0.556000000000000       6.436331805777250E-002
  0.560000000000000       6.345177664974619E-002
  0.564000000000000       6.255943145988688E-002
  0.568000000000000       6.168574812475324E-002
  0.572000000000000       6.083021071584990E-002
  0.576000000000000       5.999232098291417E-002
  0.580000000000000       5.917159763313608E-002
  0.584000000000000       5.836757564437801E-002
  0.588000000000000       5.757980561057624E-002
  0.592000000000000       5.680785311761496E-002
  0.596000000000000       5.605129814806509E-002
  0.600000000000000       5.530973451327431E-002
  0.604000000000000       5.458276931138376E-002
  0.608000000000000       5.387002240992930E-002
  0.612000000000000       5.317112595176313E-002
  0.616000000000000       5.248572388310378E-002
  0.620000000000000       5.181347150259065E-002
  0.624000000000000       5.115403503028317E-002
  0.628000000000000       5.050709119560388E-002
  0.632000000000000       4.987232684328121E-002
  0.636000000000000       4.924943855640047E-002
  0.640000000000000       4.863813229571985E-002
  0.644000000000000       4.803812305445603E-002
  0.648000000000000       4.744913452778622E-002
  0.652000000000000       4.687089879635532E-002
  0.656000000000000       4.630315602311454E-002
  0.660000000000000       4.574565416285453E-002
  0.664000000000000       4.519814868382992E-002
  0.668000000000000       4.466040230090393E-002
  0.672000000000000       4.413218471967237E-002
  0.676000000000000       4.361327239105404E-002
  0.680000000000000       4.310344827586207E-002
  0.684000000000000       4.260250161889506E-002
  0.688000000000000       4.211022773211157E-002
  0.692000000000000       4.162642778647307E-002
  0.696000000000000       4.115090861206215E-002
  0.700000000000000       4.068348250610252E-002
  0.704000000000000       4.022396704852620E-002
  0.708000000000000       3.977218492475103E-002
  0.712000000000000       3.932796375534861E-002
  0.716000000000000       3.889113593229832E-002
  0.720000000000000       3.846153846153846E-002
  0.724000000000000       3.803901281153952E-002
  0.728000000000000       3.762340476763786E-002
  0.732000000000000       3.721456429188127E-002
  0.736000000000000       3.681234538814937E-002
  0.740000000000000       3.641660597232338E-002
  0.744000000000000       3.602720774729076E-002
  0.748000000000000       3.564401608258005E-002
  0.752000000000000       3.526689989843133E-002
  0.756000000000000       3.489573155411630E-002
  0.760000000000000       3.453038674033149E-002
  0.764000000000000       3.417074437549548E-002
  0.768000000000000       3.381668650578942E-002
  0.772000000000000       3.346809820878738E-002
  0.776000000000000       3.312486750052999E-002
  0.780000000000000       3.278688524590164E-002
  0.784000000000000       3.245404507217779E-002
  0.788000000000000       3.212624328561515E-002
  0.792000000000000       3.180337879096275E-002
  0.796000000000000       3.148535301377799E-002
  0.800000000000000       3.117206982543640E-002
  0.804000000000000       3.086343547072911E-002
  0.808000000000000       3.055935849794640E-002
  0.812000000000000       3.025974969135055E-002
  0.816000000000000       2.996452200594495E-002
  0.820000000000000       2.967359050445103E-002
  0.824000000000000       2.938687229640774E-002
  0.828000000000000       2.910428647931267E-002
  0.832000000000000       2.882575408172677E-002
  0.836000000000000       2.855119800826842E-002
  0.840000000000000       2.828054298642533E-002
  0.844000000000000       2.801371551511619E-002
  0.848000000000000       2.775064381493650E-002
  0.852000000000000       2.749125778002594E-002
  0.856000000000000       2.723548893149729E-002
  0.860000000000000       2.698327037236912E-002
  0.864000000000000       2.673453674394729E-002
  0.868000000000000       2.648922418360210E-002
  0.872000000000000       2.624727028389047E-002
  0.876000000000000       2.600861405297435E-002
  0.880000000000000       2.577319587628866E-002
  0.884000000000000       2.554095747941399E-002
  0.888000000000000       2.531184189211081E-002
  0.892000000000000       2.508579341347408E-002
  0.896000000000000       2.486275757816851E-002
  0.900000000000000       2.464268112370626E-002
  0.904000000000000       2.442551195873066E-002
  0.908000000000000       2.421119913227062E-002
  0.912000000000000       2.399969280393211E-002
  0.916000000000000       2.379094421499401E-002
  0.920000000000000       2.358490566037736E-002
  0.924000000000000       2.338153046145789E-002
  0.928000000000000       2.318077293969290E-002
  0.932000000000000       2.298258839103495E-002
  0.936000000000000       2.278693306110544E-002
  0.940000000000000       2.259376412110257E-002
  0.944000000000000       2.240303964441896E-002
  0.948000000000000       2.221471858394498E-002
  0.952000000000000       2.202876075003524E-002
  0.956000000000000       2.184512678911588E-002
  0.960000000000000       2.166377816291161E-002
  0.964000000000000       2.148467712827212E-002
  0.968000000000000       2.130778671757807E-002
  0.972000000000000       2.113307071970786E-002
  0.976000000000000       2.096049366154671E-002
  0.980000000000000       2.079002079002079E-002
  0.984000000000000       2.062161805463904E-002
  0.988000000000000       2.045525209052676E-002
  0.992000000000000       2.029089020193494E-002
  0.996000000000000       2.012850034621020E-002
