  -1.00000000000000       0.172413793103448     
 -0.996000000000000       0.173608699879168     
 -0.992000000000000       0.174815394942940     
 -0.988000000000000       0.176034023856131     
 -0.984000000000000       0.177264734244710     
 -0.980000000000000       0.178507675830061     
 -0.976000000000000       0.179763000460193     
 -0.972000000000000       0.181030862141378     
 -0.968000000000000       0.182311417070183     
 -0.964000000000000       0.183604823665927     
 -0.960000000000000       0.184911242603550     
 -0.956000000000000       0.186230836846889     
 -0.952000000000000       0.187563771682372     
 -0.948000000000000       0.188910214753132     
 -0.944000000000000       0.190270336093522     
 -0.940000000000000       0.191644308164048     
 -0.936000000000000       0.193032305886713     
 -0.932000000000000       0.194434506680770     
 -0.928000000000000       0.195851090498872     
 -0.924000000000000       0.197282239863639     
 -0.920000000000000       0.198728139904611     
 -0.916000000000000       0.200188978395605     
 -0.912000000000000       0.201664945792463     
 -0.908000000000000       0.203156235271173     
 -0.904000000000000       0.204663042766389     
 -0.900000000000000       0.206185567010309     
 -0.896000000000000       0.207724009571922     
 -0.892000000000000       0.209278574896616     
 -0.888000000000000       0.210849470346131     
 -0.884000000000000       0.212436906238847     
 -0.880000000000000       0.214041095890411     
 -0.876000000000000       0.215662255654664     
 -0.872000000000000       0.217300604964884     
 -0.868000000000000       0.218956366375309     
 -0.864000000000000       0.220629765602937     
 -0.860000000000000       0.222321031569587     
 -0.856000000000000       0.224030396444190     
 -0.852000000000000       0.225758095685311     
 -0.848000000000000       0.227504368083867     
 -0.844000000000000       0.229269455806020     
 -0.840000000000000       0.231053604436229     
 -0.836000000000000       0.232857063020436     
 -0.832000000000000       0.234680084109342     
 -0.828000000000000       0.236522923801775     
 -0.824000000000000       0.238385841788085     
 -0.820000000000000       0.240269101393561     
 -0.816000000000000       0.242172969621823     
 -0.812000000000000       0.244097717198149     
 -0.808000000000000       0.246043618612708     
 -0.804000000000000       0.248010952163648     
 -0.800000000000000       0.250000000000000     
 -0.796000000000000       0.252011048164351     
 -0.792000000000000       0.254044386635233     
 -0.788000000000000       0.256100309369174     
 -0.784000000000000       0.258179114342366     
 -0.780000000000000       0.260281103591879     
 -0.776000000000000       0.262406583256361     
 -0.772000000000000       0.264555863616161     
 -0.768000000000000       0.266729259132810     
 -0.764000000000000       0.268927088487769     
 -0.760000000000000       0.271149674620390     
 -0.756000000000000       0.273397344764988     
 -0.752000000000000       0.275670430486944     
 -0.748000000000000       0.277969267717761     
 -0.744000000000000       0.280294196788950     
 -0.740000000000000       0.282645562464669     
 -0.736000000000000       0.285023713973003     
 -0.732000000000000       0.287429005035756     
 -0.728000000000000       0.289861793896670     
 -0.724000000000000       0.292322443347911     
 -0.720000000000000       0.294811320754717     
 -0.716000000000000       0.297328798078067     
 -0.712000000000000       0.299875251895212     
 -0.708000000000000       0.302451063417939     
 -0.704000000000000       0.305056618508395     
 -0.700000000000000       0.307692307692308     
 -0.696000000000000       0.310358526169431     
 -0.692000000000000       0.313055673821032     
 -0.688000000000000       0.315784155214228     
 -0.684000000000000       0.318544379602966     
 -0.680000000000000       0.321336760925450     
 -0.676000000000000       0.324161717797775     
 -0.672000000000000       0.327019673503558     
 -0.668000000000000       0.329911055979308     
 -0.664000000000000       0.332836297795292     
 -0.660000000000000       0.335795836131632     
 -0.656000000000000       0.338790112749350     
 -0.652000000000000       0.341819573956083     
 -0.648000000000000       0.344884670566163     
 -0.644000000000000       0.347985857854737     
 -0.640000000000000       0.351123595505618     
 -0.636000000000000       0.354298347552507     
 -0.632000000000000       0.357510582313236     
 -0.628000000000000       0.360760772316661     
 -0.624000000000000       0.364049394221808     
 -0.620000000000000       0.367376928728876     
 -0.616000000000000       0.370743860481671     
 -0.612000000000000       0.374150677961029     
 -0.608000000000000       0.377597873368777     
 -0.604000000000000       0.381085942501753     
 -0.600000000000000       0.384615384615385     
 -0.596000000000000       0.388186702276327     
 -0.592000000000000       0.391800401203611     
 -0.588000000000000       0.395456990097757     
 -0.584000000000000       0.399156980457274     
 -0.580000000000000       0.402900886381950     
 -0.576000000000000       0.406689224362311     
 -0.572000000000000       0.410522513054616     
 -0.568000000000000       0.414401273040711     
 -0.564000000000000       0.418326026572069     
 -0.560000000000000       0.422297297297297     
 -0.556000000000000       0.426315609972375     
 -0.552000000000000       0.430381490152872     
 -0.548000000000000       0.434495463867357     
 -0.544000000000000       0.438658057271196     
 -0.540000000000000       0.442869796279894     
 -0.536000000000000       0.447131206181142     
 -0.532000000000000       0.451442811224674     
 -0.528000000000000       0.455805134189032     
 -0.524000000000000       0.460218695924303     
 -0.520000000000000       0.464684014869889     
 -0.516000000000000       0.469201606546301     
 -0.512000000000000       0.473771983020012     
 -0.508000000000000       0.478395652340312     
 -0.504000000000000       0.483073117947133     
 -0.500000000000000       0.487804878048781     
 -0.496000000000000       0.492591424968474     
 -0.492000000000000       0.497433244458594     
 -0.488000000000000       0.502330814981514     
 -0.484000000000000       0.507284606955887     
 -0.480000000000000       0.512295081967213     
 -0.476000000000000       0.517362691941559     
 -0.472000000000000       0.522487878281224     
 -0.468000000000000       0.527671070961206     
 -0.464000000000000       0.532912687585266     
 -0.460000000000000       0.538213132400431     
 -0.456000000000000       0.543572795268742     
 -0.452000000000000       0.548992050595107     
 -0.448000000000000       0.554471256210078     
 -0.444000000000000       0.560010752206442     
 -0.440000000000000       0.565610859728507     
 -0.436000000000000       0.571271879712993     
 -0.432000000000000       0.576994091580502     
 -0.428000000000000       0.582777751876544     
 -0.424000000000000       0.588623092861179     
 -0.420000000000000       0.594530321046373     
 -0.416000000000000       0.600499615680246     
 -0.412000000000000       0.606531127177447     
 -0.408000000000000       0.612624975495001     
 -0.404000000000000       0.618781248453047     
 -0.400000000000000       0.625000000000000     
 -0.396000000000000       0.631281248421797     
 -0.392000000000000       0.637624974495001     
 -0.388000000000000       0.644031119583698     
 -0.384000000000000       0.650499583680266     
 -0.380000000000000       0.657030223390276     
 -0.376000000000000       0.663622849861966     
 -0.372000000000000       0.670277226660947     
 -0.368000000000000       0.676993067590988     
 -0.364000000000000       0.683770034462010     
 -0.360000000000000       0.690607734806630     
 -0.356000000000000       0.697505719546900     
 -0.352000000000000       0.704463480613165     
 -0.348000000000000       0.711480448517275     
 -0.344000000000000       0.718555989882732     
 -0.340000000000000       0.725689404934688     
 -0.336000000000000       0.732879924953096     
 -0.332000000000000       0.740126709692699     
 -0.328000000000000       0.747428844773978     
 -0.324000000000000       0.754785339049574     
 -0.320000000000000       0.762195121951220     
 -0.316000000000000       0.769657040822609     
 -0.312000000000000       0.777169858244218     
 -0.308000000000000       0.784732249356519     
 -0.304000000000000       0.792342799188641     
 -0.300000000000000       0.800000000000000     
 -0.296000000000000       0.807702248643060     
 -0.292000000000000       0.815447843955900     
 -0.288000000000000       0.823234984193888     
 -0.284000000000000       0.831061764510338     
 -0.280000000000000       0.838926174496644     
 -0.276000000000000       0.846826095792968     
 -0.272000000000000       0.854759299781181     
 -0.268000000000000       0.862723445372351     
 -0.264000000000000       0.870716076901644     
 -0.260000000000000       0.878734622144112     
 -0.256000000000000       0.886776390465380     
 -0.252000000000000       0.894838571121769     
 -0.248000000000000       0.902918231724935     
 -0.244000000000000       0.911012316886524     
 -0.240000000000000       0.919117647058823     
 -0.236000000000000       0.927230917587716     
 -0.232000000000000       0.935348697994612     
 -0.228000000000000       0.943467431504264     
 -0.224000000000000       0.951583434835566     
 -0.220000000000000       0.959692898272553     
 -0.216000000000000       0.967791886032828     
 -0.212000000000000       0.975876336950582     
 -0.208000000000000       0.983942065491184     
 -0.204000000000000       0.991984763114039     
 -0.200000000000000        1.00000000000000     
 -0.196000000000000        1.00798322715910     
 -0.192000000000000        1.01592977893368     
 -0.188000000000000        1.02383487591121     
 -0.184000000000000        1.03169362826015     
 -0.180000000000000        1.03950103950104     
 -0.176000000000000        1.04725201072386     
 -0.172000000000000        1.05494134526120     
 -0.168000000000000        1.06256375382523     
 -0.164000000000000        1.07011386011472     
 -0.160000000000000        1.07758620689655     
 -0.156000000000000        1.08497526256401     
 -0.152000000000000        1.09227542817197     
 -0.148000000000000        1.09948104494678     
 -0.144000000000000        1.10658640226629     
 -0.140000000000000        1.11358574610245     
 -0.136000000000000        1.12047328791682     
 -0.132000000000000        1.12724321399585     
 -0.128000000000000        1.13388969521045     
 -0.124000000000000        1.14040689718091     
 -0.120000000000000        1.14678899082569     
 -0.116000000000000        1.15303016326907     
 -0.112000000000000        1.15912462908012     
 -0.108000000000000        1.16506664181191     
 -0.104000000000000        1.17085050580742     
 -0.100000000000000        1.17647058823529     
 -9.599999999999997E-002   1.18192133131619     
 -9.199999999999997E-002   1.18719726469750     
 -8.799999999999997E-002   1.19229301793209     
 -8.399999999999996E-002   1.19720333301408     
 -7.999999999999996E-002   1.20192307692308     
 -7.599999999999996E-002   1.20644725412605     
 -7.199999999999995E-002   1.21077101898489     
 -6.799999999999995E-002   1.21488968801633     
 -6.399999999999995E-002   1.21879875195008     
 -6.000000000000005E-002   1.22249388753056     
 -5.600000000000005E-002   1.22597096900745     
 -5.200000000000005E-002   1.22922607926050     
 -4.800000000000004E-002   1.23225552050473     
 -4.400000000000004E-002   1.23505582452327     
 -4.000000000000004E-002   1.23762376237624     
 -3.600000000000003E-002   1.23995635353636     
 -3.200000000000003E-002   1.24205087440382     
 -2.800000000000002E-002   1.24390486615584     
 -2.400000000000002E-002   1.24551614188920     
 -2.000000000000002E-002   1.24688279301746     
 -1.600000000000001E-002   1.24800319488818     
 -1.200000000000001E-002   1.24887601158957     
 -8.000000000000007E-003   1.24950019992003     
 -4.000000000000004E-003   1.24987501249875     
  0.000000000000000E+000   1.25000000000000     
  4.000000000000004E-003   1.24987501249875     
  8.000000000000007E-003   1.24950019992003     
  1.200000000000001E-002   1.24887601158957     
  1.600000000000001E-002   1.24800319488818     
  2.000000000000002E-002   1.24688279301746     
  2.400000000000002E-002   1.24551614188920     
  2.800000000000002E-002   1.24390486615584     
  3.200000000000003E-002   1.24205087440382     
  3.600000000000003E-002   1.23995635353636     
  4.000000000000004E-002   1.23762376237624     
  4.400000000000004E-002   1.23505582452327     
  4.800000000000004E-002   1.23225552050473     
  5.200000000000005E-002   1.22922607926050     
  5.600000000000005E-002   1.22597096900745     
  6.000000000000005E-002   1.22249388753056     
  6.400000000000006E-002   1.21879875195008     
  6.800000000000006E-002   1.21488968801633     
  7.200000000000006E-002   1.21077101898489     
  7.600000000000007E-002   1.20644725412605     
  8.000000000000007E-002   1.20192307692308     
  8.400000000000007E-002   1.19720333301408     
  8.800000000000008E-002   1.19229301793209     
  9.200000000000008E-002   1.18719726469750     
  9.600000000000009E-002   1.18192133131619     
  0.100000000000000        1.17647058823529     
  0.104000000000000        1.17085050580742     
  0.108000000000000        1.16506664181191     
  0.112000000000000        1.15912462908012     
  0.116000000000000        1.15303016326907     
  0.120000000000000        1.14678899082569     
  0.124000000000000        1.14040689718091     
  0.128000000000000        1.13388969521045     
  0.132000000000000        1.12724321399585     
  0.136000000000000        1.12047328791682     
  0.140000000000000        1.11358574610245     
  0.144000000000000        1.10658640226629     
  0.148000000000000        1.09948104494679     
  0.152000000000000        1.09227542817197     
  0.156000000000000        1.08497526256401     
  0.160000000000000        1.07758620689655     
  0.164000000000000        1.07011386011472     
  0.168000000000000        1.06256375382523     
  0.172000000000000        1.05494134526120     
  0.176000000000000        1.04725201072386     
  0.180000000000000        1.03950103950104     
  0.184000000000000        1.03169362826015     
  0.188000000000000        1.02383487591121     
  0.192000000000000        1.01592977893368     
  0.196000000000000        1.00798322715910     
  0.200000000000000        1.00000000000000     
  0.204000000000000       0.991984763114039     
  0.208000000000000       0.983942065491184     
  0.212000000000000       0.975876336950582     
  0.216000000000000       0.967791886032828     
  0.220000000000000       0.959692898272553     
  0.224000000000000       0.951583434835567     
  0.228000000000000       0.943467431504265     
  0.232000000000000       0.935348697994612     
  0.236000000000000       0.927230917587716     
  0.240000000000000       0.919117647058824     
  0.244000000000000       0.911012316886524     
  0.248000000000000       0.902918231724935     
  0.252000000000000       0.894838571121770     
  0.256000000000000       0.886776390465380     
  0.260000000000000       0.878734622144113     
  0.264000000000000       0.870716076901644     
  0.268000000000000       0.862723445372351     
  0.272000000000000       0.854759299781182     
  0.276000000000000       0.846826095792968     
  0.280000000000000       0.838926174496644     
  0.284000000000000       0.831061764510338     
  0.288000000000000       0.823234984193888     
  0.292000000000000       0.815447843955901     
  0.296000000000000       0.807702248643060     
  0.300000000000000       0.800000000000000     
  0.304000000000000       0.792342799188641     
  0.308000000000000       0.784732249356520     
  0.312000000000000       0.777169858244218     
  0.316000000000000       0.769657040822609     
  0.320000000000000       0.762195121951220     
  0.324000000000000       0.754785339049574     
  0.328000000000000       0.747428844773978     
  0.332000000000000       0.740126709692699     
  0.336000000000000       0.732879924953096     
  0.340000000000000       0.725689404934688     
  0.344000000000000       0.718555989882732     
  0.348000000000000       0.711480448517275     
  0.352000000000000       0.704463480613165     
  0.356000000000000       0.697505719546900     
  0.360000000000000       0.690607734806630     
  0.364000000000000       0.683770034462010     
  0.368000000000000       0.676993067590988     
  0.372000000000000       0.670277226660947     
  0.376000000000000       0.663622849861967     
  0.380000000000000       0.657030223390276     
  0.384000000000000       0.650499583680267     
  0.388000000000000       0.644031119583699     
  0.392000000000000       0.637624974495001     
  0.396000000000000       0.631281248421797     
  0.400000000000000       0.625000000000000     
  0.404000000000000       0.618781248453047     
  0.408000000000000       0.612624975495001     
  0.412000000000000       0.606531127177447     
  0.416000000000000       0.600499615680246     
  0.420000000000000       0.594530321046374     
  0.424000000000000       0.588623092861179     
  0.428000000000000       0.582777751876545     
  0.432000000000000       0.576994091580502     
  0.436000000000000       0.571271879712993     
  0.440000000000000       0.565610859728507     
  0.444000000000000       0.560010752206442     
  0.448000000000000       0.554471256210078     
  0.452000000000000       0.548992050595107     
  0.456000000000000       0.543572795268742     
  0.460000000000000       0.538213132400431     
  0.464000000000000       0.532912687585266     
  0.468000000000000       0.527671070961206     
  0.472000000000000       0.522487878281224     
  0.476000000000000       0.517362691941559     
  0.480000000000000       0.512295081967213     
  0.484000000000000       0.507284606955887     
  0.488000000000000       0.502330814981514     
  0.492000000000000       0.497433244458594     
  0.496000000000000       0.492591424968474     
  0.500000000000000       0.487804878048780     
  0.504000000000000       0.483073117947132     
  0.508000000000000       0.478395652340311     
  0.512000000000000       0.473771983020012     
  0.516000000000000       0.469201606546301     
  0.520000000000000       0.464684014869888     
  0.524000000000000       0.460218695924303     
  0.528000000000000       0.455805134189031     
  0.532000000000000       0.451442811224674     
  0.536000000000000       0.447131206181142     
  0.540000000000000       0.442869796279894     
  0.544000000000000       0.438658057271196     
  0.548000000000000       0.434495463867357     
  0.552000000000000       0.430381490152871     
  0.556000000000000       0.426315609972375     
  0.560000000000000       0.422297297297297     
  0.564000000000000       0.418326026572069     
  0.568000000000000       0.414401273040711     
  0.572000000000000       0.410522513054616     
  0.576000000000000       0.406689224362311     
  0.580000000000000       0.402900886381950     
  0.584000000000000       0.399156980457274     
  0.588000000000000       0.395456990097757     
  0.592000000000000       0.391800401203611     
  0.596000000000000       0.388186702276327     
  0.600000000000000       0.384615384615384     
  0.604000000000000       0.381085942501753     
  0.608000000000000       0.377597873368777     
  0.612000000000000       0.374150677961028     
  0.616000000000000       0.370743860481670     
  0.620000000000000       0.367376928728876     
  0.624000000000000       0.364049394221808     
  0.628000000000000       0.360760772316661     
  0.632000000000000       0.357510582313237     
  0.636000000000000       0.354298347552507     
  0.640000000000000       0.351123595505618     
  0.644000000000000       0.347985857854737     
  0.648000000000000       0.344884670566163     
  0.652000000000000       0.341819573956083     
  0.656000000000000       0.338790112749350     
  0.660000000000000       0.335795836131632     
  0.664000000000000       0.332836297795292     
  0.668000000000000       0.329911055979308     
  0.672000000000000       0.327019673503558     
  0.676000000000000       0.324161717797775     
  0.680000000000000       0.321336760925450     
  0.684000000000000       0.318544379602966     
  0.688000000000000       0.315784155214228     
  0.692000000000000       0.313055673821032     
  0.696000000000000       0.310358526169431     
  0.700000000000000       0.307692307692308     
  0.704000000000000       0.305056618508395     
  0.708000000000000       0.302451063417939     
  0.712000000000000       0.299875251895212     
  0.716000000000000       0.297328798078067     
  0.720000000000000       0.294811320754717     
  0.724000000000000       0.292322443347911     
  0.728000000000000       0.289861793896670     
  0.732000000000000       0.287429005035756     
  0.736000000000000       0.285023713973003     
  0.740000000000000       0.282645562464669     
  0.744000000000000       0.280294196788950     
  0.748000000000000       0.277969267717761     
  0.752000000000000       0.275670430486944     
  0.756000000000000       0.273397344764988     
  0.760000000000000       0.271149674620390     
  0.764000000000000       0.268927088487769     
  0.768000000000000       0.266729259132810     
  0.772000000000000       0.264555863616161     
  0.776000000000000       0.262406583256361     
  0.780000000000000       0.260281103591879     
  0.784000000000000       0.258179114342366     
  0.788000000000000       0.256100309369174     
  0.792000000000000       0.254044386635233     
  0.796000000000000       0.252011048164351     
  0.800000000000000       0.250000000000000     
  0.804000000000000       0.248010952163647     
  0.808000000000000       0.246043618612708     
  0.812000000000000       0.244097717198149     
  0.816000000000000       0.242172969621823     
  0.820000000000000       0.240269101393561     
  0.824000000000000       0.238385841788084     
  0.828000000000000       0.236522923801775     
  0.832000000000000       0.234680084109342     
  0.836000000000000       0.232857063020435     
  0.840000000000000       0.231053604436229     
  0.844000000000000       0.229269455806020     
  0.848000000000000       0.227504368083867     
  0.852000000000000       0.225758095685311     
  0.856000000000000       0.224030396444189     
  0.860000000000000       0.222321031569586     
  0.864000000000000       0.220629765602937     
  0.868000000000000       0.218956366375309     
  0.872000000000000       0.217300604964884     
  0.876000000000000       0.215662255654664     
  0.880000000000000       0.214041095890411     
  0.884000000000000       0.212436906238847     
  0.888000000000000       0.210849470346130     
  0.892000000000000       0.209278574896616     
  0.896000000000000       0.207724009571922     
  0.900000000000000       0.206185567010309     
  0.904000000000000       0.204663042766389     
  0.908000000000000       0.203156235271173     
  0.912000000000000       0.201664945792463     
  0.916000000000000       0.200188978395605     
  0.920000000000000       0.198728139904610     
  0.924000000000000       0.197282239863639     
  0.928000000000000       0.195851090498872     
  0.932000000000000       0.194434506680770     
  0.936000000000000       0.193032305886713     
  0.940000000000000       0.191644308164048     
  0.944000000000000       0.190270336093522     
  0.948000000000000       0.188910214753132     
  0.952000000000000       0.187563771682372     
  0.956000000000000       0.186230836846888     
  0.960000000000000       0.184911242603550     
  0.964000000000000       0.183604823665927     
  0.968000000000000       0.182311417070183     
  0.972000000000000       0.181030862141378     
  0.976000000000000       0.179763000460193     
  0.980000000000000       0.178507675830061     
  0.984000000000000       0.177264734244710     
  0.988000000000000       0.176034023856131     
  0.992000000000000       0.174815394942940     
  0.996000000000000       0.173608699879168     
