  -1.00000000000000       0.173965335796053     
 -0.996000000000000       0.175166797717382     
 -0.992000000000000       0.176380054159564     
 -0.988000000000000       0.177605249748064     
 -0.984000000000000       0.178842531138472     
 -0.980000000000000       0.180092047046268     
 -0.976000000000000       0.181353948276958     
 -0.972000000000000       0.182628387756593     
 -0.968000000000000       0.183915520562663     
 -0.964000000000000       0.185215503955380     
 -0.960000000000000       0.186528497409326     
 -0.956000000000000       0.187854662645495     
 -0.952000000000000       0.189194163663696     
 -0.948000000000000       0.190547166775349     
 -0.944000000000000       0.191913840636642     
 -0.940000000000000       0.193294356282067     
 -0.936000000000000       0.194688887158321     
 -0.932000000000000       0.196097609158582     
 -0.928000000000000       0.197520700657134     
 -0.924000000000000       0.198958342544368     
 -0.920000000000000       0.200410718262117     
 -0.916000000000000       0.201878013839361     
 -0.912000000000000       0.203360417928254     
 -0.908000000000000       0.204858121840506     
 -0.904000000000000       0.206371319584078     
 -0.900000000000000       0.207900207900208     
 -0.896000000000000       0.209444986300746     
 -0.892000000000000       0.211005857105792     
 -0.888000000000000       0.212583025481619     
 -0.884000000000000       0.214176699478890     
 -0.880000000000000       0.215787090071130     
 -0.876000000000000       0.217414411193460     
 -0.872000000000000       0.219058879781569     
 -0.868000000000000       0.220720715810906     
 -0.864000000000000       0.222400142336091     
 -0.860000000000000       0.224097385530502     
 -0.856000000000000       0.225812674726042     
 -0.852000000000000       0.227546242453050     
 -0.848000000000000       0.229298324480342     
 -0.844000000000000       0.231069159855356     
 -0.840000000000000       0.232858990944373     
 -0.836000000000000       0.234668063472786     
 -0.832000000000000       0.236496626565403     
 -0.828000000000000       0.238344932786729     
 -0.824000000000000       0.240213238181212     
 -0.820000000000000       0.242101802313417     
 -0.816000000000000       0.244010888308083     
 -0.812000000000000       0.245940762890029     
 -0.808000000000000       0.247891696423872     
 -0.804000000000000       0.249863962953503     
 -0.800000000000000       0.251857840241286     
 -0.796000000000000       0.253873609806918     
 -0.792000000000000       0.255911556965913     
 -0.788000000000000       0.257971970867639     
 -0.784000000000000       0.260055144532870     
 -0.780000000000000       0.262161374890766     
 -0.776000000000000       0.264290962815240     
 -0.772000000000000       0.266444213160634     
 -0.768000000000000       0.268621434796624     
 -0.764000000000000       0.270822940642298     
 -0.760000000000000       0.273049047699309     
 -0.756000000000000       0.275300077084022     
 -0.752000000000000       0.277576354058578     
 -0.748000000000000       0.279878208060769     
 -0.744000000000000       0.282205972732632     
 -0.740000000000000       0.284559985947655     
 -0.736000000000000       0.286940589836493     
 -0.732000000000000       0.289348130811075     
 -0.728000000000000       0.291782959586979     
 -0.724000000000000       0.294245431203965     
 -0.720000000000000       0.296735905044510     
 -0.716000000000000       0.299254744850232     
 -0.712000000000000       0.301802318736037     
 -0.708000000000000       0.304378999201851     
 -0.704000000000000       0.306985163141770     
 -0.700000000000000       0.309621191850464     
 -0.696000000000000       0.312287471026662     
 -0.692000000000000       0.314984390773524     
 -0.688000000000000       0.317712345595722     
 -0.684000000000000       0.320471734393027     
 -0.680000000000000       0.323262960450174     
 -0.676000000000000       0.326086431422816     
 -0.672000000000000       0.328942559319308     
 -0.668000000000000       0.331831760478100     
 -0.664000000000000       0.334754455540476     
 -0.660000000000000       0.337711069418387     
 -0.656000000000000       0.340702031257098     
 -0.652000000000000       0.343727774392366     
 -0.648000000000000       0.346788736301845     
 -0.644000000000000       0.349885358550421     
 -0.640000000000000       0.353018086729135     
 -0.636000000000000       0.356187370387374     
 -0.632000000000000       0.359393662957961     
 -0.628000000000000       0.362637421674794     
 -0.624000000000000       0.365919107482639     
 -0.620000000000000       0.369239184938688     
 -0.616000000000000       0.372598122105465     
 -0.612000000000000       0.375996390434652     
 -0.608000000000000       0.379434464641392     
 -0.604000000000000       0.382912822568598     
 -0.600000000000000       0.386431945040790     
 -0.596000000000000       0.389992315706965     
 -0.592000000000000       0.393594420871972     
 -0.588000000000000       0.397238749315867     
 -0.584000000000000       0.400925792100673     
 -0.580000000000000       0.404656042363991     
 -0.576000000000000       0.408429995098840     
 -0.572000000000000       0.412248146919132     
 -0.568000000000000       0.416110995810122     
 -0.564000000000000       0.420019040863186     
 -0.560000000000000       0.423972781994242     
 -0.556000000000000       0.427972719645110     
 -0.552000000000000       0.432019354467080     
 -0.548000000000000       0.436113186985952     
 -0.544000000000000       0.440254717247767     
 -0.540000000000000       0.444444444444444     
 -0.536000000000000       0.448682866518509     
 -0.532000000000000       0.452970479746068     
 -0.528000000000000       0.457307778297189     
 -0.524000000000000       0.461695253772791     
 -0.520000000000000       0.466133394717155     
 -0.516000000000000       0.470622686105127     
 -0.512000000000000       0.475163608803081     
 -0.508000000000000       0.479756639002675     
 -0.504000000000000       0.484402247626429     
 -0.500000000000000       0.489100899704124     
 -0.496000000000000       0.493853053719018     
 -0.492000000000000       0.498659160922852     
 -0.488000000000000       0.503519664618606     
 -0.484000000000000       0.508434999409964     
 -0.480000000000000       0.513405590416429     
 -0.476000000000000       0.518431852453015     
 -0.472000000000000       0.523514189173468     
 -0.468000000000000       0.528652992175936     
 -0.464000000000000       0.533848640070020     
 -0.460000000000000       0.539101497504160     
 -0.456000000000000       0.544411914152290     
 -0.452000000000000       0.549780223658740     
 -0.448000000000000       0.555206742540352     
 -0.444000000000000       0.560691769044830     
 -0.440000000000000       0.566235581964348     
 -0.436000000000000       0.571838439403481     
 -0.432000000000000       0.577500577500577     
 -0.428000000000000       0.583222209101722     
 -0.424000000000000       0.589003522386497     
 -0.420000000000000       0.594844679444811     
 -0.416000000000000       0.600745814804157     
 -0.412000000000000       0.606707033906684     
 -0.408000000000000       0.612728411535633     
 -0.404000000000000       0.618809990190716     
 -0.400000000000000       0.624951778412159     
 -0.396000000000000       0.631153749053269     
 -0.392000000000000       0.637415837501456     
 -0.388000000000000       0.643737939847855     
 -0.384000000000000       0.650119911005808     
 -0.380000000000000       0.656561562778633     
 -0.376000000000000       0.663062661877335     
 -0.372000000000000       0.669622927889051     
 -0.368000000000000       0.676242031197299     
 -0.364000000000000       0.682919590855285     
 -0.360000000000000       0.689655172413793     
 -0.356000000000000       0.696448285705442     
 -0.352000000000000       0.703298382587374     
 -0.348000000000000       0.710204854644740     
 -0.344000000000000       0.717167030857661     
 -0.340000000000000       0.724184175234689     
 -0.336000000000000       0.731255484416133     
 -0.332000000000000       0.738380085250995     
 -0.328000000000000       0.745557032351652     
 -0.324000000000000       0.752785305630834     
 -0.320000000000000       0.760063807825842     
 -0.316000000000000       0.767391362015454     
 -0.312000000000000       0.774766709135360     
 -0.308000000000000       0.782188505498495     
 -0.304000000000000       0.789655320327093     
 -0.300000000000000       0.797165633303809     
 -0.296000000000000       0.804717832149769     
 -0.292000000000000       0.812310210237916     
 -0.288000000000000       0.819940964250574     
 -0.284000000000000       0.827608191890666     
 -0.280000000000000       0.835309889656595     
 -0.276000000000000       0.843043950691296     
 -0.272000000000000       0.850808162716536     
 -0.268000000000000       0.858600206064049     
 -0.264000000000000       0.866417651815626     
 -0.260000000000000       0.874257960064760     
 -0.256000000000000       0.882118478312954     
 -0.252000000000000       0.889996440014240     
 -0.248000000000000       0.897888963281884     
 -0.244000000000000       0.905793049771651     
 -0.240000000000000       0.913705583756345     
 -0.236000000000000       0.921623331406647     
 -0.232000000000000       0.929542940293506     
 -0.228000000000000       0.937460939127536     
 -0.224000000000000       0.945373737750991     
 -0.220000000000000       0.953277627397905     
 -0.216000000000000       0.961168781237985     
 -0.212000000000000       0.969043255219674     
 -0.208000000000000       0.976896989227600     
 -0.204000000000000       0.984725808569303     
 -0.200000000000000       0.992525425805661     
 -0.196000000000000        1.00029144293893     
 -0.192000000000000        1.00801935397160     
 -0.188000000000000        1.01570454784846     
 -0.184000000000000        1.02334231179345     
 -0.180000000000000        1.03092783505155     
 -0.176000000000000        1.03845621304506     
 -0.172000000000000        1.04592245195213     
 -0.168000000000000        1.05332147371378     
 -0.164000000000000        1.06064812147433     
 -0.160000000000000        1.06789716545814     
 -0.156000000000000        1.07506330928377     
 -0.152000000000000        1.08214119671457     
 -0.148000000000000        1.08912541884268     
 -0.144000000000000        1.09601052170101     
 -0.140000000000000        1.10279101429544     
 -0.136000000000000        1.10946137704702     
 -0.132000000000000        1.11601607063142     
 -0.128000000000000        1.12244954520007     
 -0.124000000000000        1.12875624996516     
 -0.120000000000000        1.13493064312736     
 -0.116000000000000        1.14096720212304     
 -0.112000000000000        1.14686043416455     
 -0.108000000000000        1.15260488704472     
 -0.104000000000000        1.15819516017410     
 -0.100000000000000        1.16362591581669     
 -9.599999999999997E-002   1.16889189048782     
 -9.199999999999997E-002   1.17398790647520     
 -8.799999999999997E-002   1.17890888344230     
 -8.399999999999996E-002   1.18364985007102     
 -7.999999999999996E-002   1.18820595569899     
 -7.599999999999996E-002   1.19257248190529     
 -7.199999999999995E-002   1.19674485399713     
 -6.799999999999995E-002   1.20071865234896     
 -6.399999999999995E-002   1.20448962354495     
 -6.000000000000005E-002   1.20805369127517     
 -5.600000000000005E-002   1.21140696693607     
 -5.200000000000005E-002   1.21454575988580     
 -4.800000000000004E-002   1.21746658730588     
 -4.400000000000004E-002   1.22016618362145     
 -4.000000000000004E-002   1.22264150943396     
 -3.600000000000003E-002   1.22488975992161     
 -3.200000000000003E-002   1.22690837266509     
 -2.800000000000002E-002   1.22869503485853     
 -2.400000000000002E-002   1.23024768986823     
 -2.000000000000002E-002   1.23156454310476     
 -1.600000000000001E-002   1.23264406717758     
 -1.200000000000001E-002   1.23348500630448     
 -8.000000000000007E-003   1.23408637995234     
 -4.000000000000004E-003   1.23444748568955     
  0.000000000000000E+000   1.23456790123457     
  4.000000000000004E-003   1.23444748568955     
  8.000000000000007E-003   1.23408637995234     
  1.200000000000001E-002   1.23348500630448     
  1.600000000000001E-002   1.23264406717758     
  2.000000000000002E-002   1.23156454310476     
  2.400000000000002E-002   1.23024768986823     
  2.800000000000002E-002   1.22869503485853     
  3.200000000000003E-002   1.22690837266509     
  3.600000000000003E-002   1.22488975992161     
  4.000000000000004E-002   1.22264150943396     
  4.400000000000004E-002   1.22016618362145     
  4.800000000000004E-002   1.21746658730588     
  5.200000000000005E-002   1.21454575988580     
  5.600000000000005E-002   1.21140696693607     
  6.000000000000005E-002   1.20805369127517     
  6.400000000000006E-002   1.20448962354495     
  6.800000000000006E-002   1.20071865234896     
  7.200000000000006E-002   1.19674485399713     
  7.600000000000007E-002   1.19257248190529     
  8.000000000000007E-002   1.18820595569899     
  8.400000000000007E-002   1.18364985007102     
  8.800000000000008E-002   1.17890888344230     
  9.200000000000008E-002   1.17398790647520     
  9.600000000000009E-002   1.16889189048782     
  0.100000000000000        1.16362591581669     
  0.104000000000000        1.15819516017410     
  0.108000000000000        1.15260488704472     
  0.112000000000000        1.14686043416455     
  0.116000000000000        1.14096720212304     
  0.120000000000000        1.13493064312736     
  0.124000000000000        1.12875624996516     
  0.128000000000000        1.12244954520007     
  0.132000000000000        1.11601607063142     
  0.136000000000000        1.10946137704702     
  0.140000000000000        1.10279101429544     
  0.144000000000000        1.09601052170101     
  0.148000000000000        1.08912541884268     
  0.152000000000000        1.08214119671457     
  0.156000000000000        1.07506330928377     
  0.160000000000000        1.06789716545814     
  0.164000000000000        1.06064812147433     
  0.168000000000000        1.05332147371378     
  0.172000000000000        1.04592245195213     
  0.176000000000000        1.03845621304506     
  0.180000000000000        1.03092783505155     
  0.184000000000000        1.02334231179345     
  0.188000000000000        1.01570454784846     
  0.192000000000000        1.00801935397160     
  0.196000000000000        1.00029144293893     
  0.200000000000000       0.992525425805661     
  0.204000000000000       0.984725808569303     
  0.208000000000000       0.976896989227600     
  0.212000000000000       0.969043255219674     
  0.216000000000000       0.961168781237985     
  0.220000000000000       0.953277627397905     
  0.224000000000000       0.945373737750991     
  0.228000000000000       0.937460939127536     
  0.232000000000000       0.929542940293506     
  0.236000000000000       0.921623331406648     
  0.240000000000000       0.913705583756345     
  0.244000000000000       0.905793049771651     
  0.248000000000000       0.897888963281884     
  0.252000000000000       0.889996440014240     
  0.256000000000000       0.882118478312954     
  0.260000000000000       0.874257960064760     
  0.264000000000000       0.866417651815626     
  0.268000000000000       0.858600206064050     
  0.272000000000000       0.850808162716536     
  0.276000000000000       0.843043950691296     
  0.280000000000000       0.835309889656595     
  0.284000000000000       0.827608191890666     
  0.288000000000000       0.819940964250574     
  0.292000000000000       0.812310210237917     
  0.296000000000000       0.804717832149769     
  0.300000000000000       0.797165633303809     
  0.304000000000000       0.789655320327093     
  0.308000000000000       0.782188505498496     
  0.312000000000000       0.774766709135360     
  0.316000000000000       0.767391362015454     
  0.320000000000000       0.760063807825842     
  0.324000000000000       0.752785305630834     
  0.328000000000000       0.745557032351652     
  0.332000000000000       0.738380085250995     
  0.336000000000000       0.731255484416133     
  0.340000000000000       0.724184175234689     
  0.344000000000000       0.717167030857661     
  0.348000000000000       0.710204854644740     
  0.352000000000000       0.703298382587374     
  0.356000000000000       0.696448285705442     
  0.360000000000000       0.689655172413793     
  0.364000000000000       0.682919590855285     
  0.368000000000000       0.676242031197299     
  0.372000000000000       0.669622927889051     
  0.376000000000000       0.663062661877335     
  0.380000000000000       0.656561562778634     
  0.384000000000000       0.650119911005808     
  0.388000000000000       0.643737939847856     
  0.392000000000000       0.637415837501456     
  0.396000000000000       0.631153749053270     
  0.400000000000000       0.624951778412160     
  0.404000000000000       0.618809990190716     
  0.408000000000000       0.612728411535634     
  0.412000000000000       0.606707033906684     
  0.416000000000000       0.600745814804157     
  0.420000000000000       0.594844679444812     
  0.424000000000000       0.589003522386497     
  0.428000000000000       0.583222209101723     
  0.432000000000000       0.577500577500578     
  0.436000000000000       0.571838439403481     
  0.440000000000000       0.566235581964348     
  0.444000000000000       0.560691769044831     
  0.448000000000000       0.555206742540352     
  0.452000000000000       0.549780223658740     
  0.456000000000000       0.544411914152290     
  0.460000000000000       0.539101497504160     
  0.464000000000000       0.533848640070020     
  0.468000000000000       0.528652992175936     
  0.472000000000000       0.523514189173468     
  0.476000000000000       0.518431852453015     
  0.480000000000000       0.513405590416429     
  0.484000000000000       0.508434999409964     
  0.488000000000000       0.503519664618606     
  0.492000000000000       0.498659160922852     
  0.496000000000000       0.493853053719018     
  0.500000000000000       0.489100899704124     
  0.504000000000000       0.484402247626429     
  0.508000000000000       0.479756639002675     
  0.512000000000000       0.475163608803080     
  0.516000000000000       0.470622686105127     
  0.520000000000000       0.466133394717155     
  0.524000000000000       0.461695253772791     
  0.528000000000000       0.457307778297189     
  0.532000000000000       0.452970479746068     
  0.536000000000000       0.448682866518509     
  0.540000000000000       0.444444444444444     
  0.544000000000000       0.440254717247767     
  0.548000000000000       0.436113186985952     
  0.552000000000000       0.432019354467080     
  0.556000000000000       0.427972719645110     
  0.560000000000000       0.423972781994242     
  0.564000000000000       0.420019040863186     
  0.568000000000000       0.416110995810122     
  0.572000000000000       0.412248146919132     
  0.576000000000000       0.408429995098840     
  0.580000000000000       0.404656042363990     
  0.584000000000000       0.400925792100673     
  0.588000000000000       0.397238749315867     
  0.592000000000000       0.393594420871972     
  0.596000000000000       0.389992315706964     
  0.600000000000000       0.386431945040790     
  0.604000000000000       0.382912822568598     
  0.608000000000000       0.379434464641392     
  0.612000000000000       0.375996390434652     
  0.616000000000000       0.372598122105464     
  0.620000000000000       0.369239184938688     
  0.624000000000000       0.365919107482639     
  0.628000000000000       0.362637421674794     
  0.632000000000000       0.359393662957961     
  0.636000000000000       0.356187370387374     
  0.640000000000000       0.353018086729135     
  0.644000000000000       0.349885358550421     
  0.648000000000000       0.346788736301845     
  0.652000000000000       0.343727774392366     
  0.656000000000000       0.340702031257098     
  0.660000000000000       0.337711069418387     
  0.664000000000000       0.334754455540476     
  0.668000000000000       0.331831760478100     
  0.672000000000000       0.328942559319308     
  0.676000000000000       0.326086431422816     
  0.680000000000000       0.323262960450174     
  0.684000000000000       0.320471734393027     
  0.688000000000000       0.317712345595722     
  0.692000000000000       0.314984390773524     
  0.696000000000000       0.312287471026662     
  0.700000000000000       0.309621191850464     
  0.704000000000000       0.306985163141770     
  0.708000000000000       0.304378999201851     
  0.712000000000000       0.301802318736037     
  0.716000000000000       0.299254744850232     
  0.720000000000000       0.296735905044510     
  0.724000000000000       0.294245431203965     
  0.728000000000000       0.291782959586979     
  0.732000000000000       0.289348130811075     
  0.736000000000000       0.286940589836493     
  0.740000000000000       0.284559985947655     
  0.744000000000000       0.282205972732632     
  0.748000000000000       0.279878208060769     
  0.752000000000000       0.277576354058578     
  0.756000000000000       0.275300077084022     
  0.760000000000000       0.273049047699309     
  0.764000000000000       0.270822940642298     
  0.768000000000000       0.268621434796624     
  0.772000000000000       0.266444213160634     
  0.776000000000000       0.264290962815240     
  0.780000000000000       0.262161374890766     
  0.784000000000000       0.260055144532870     
  0.788000000000000       0.257971970867639     
  0.792000000000000       0.255911556965913     
  0.796000000000000       0.253873609806918     
  0.800000000000000       0.251857840241286     
  0.804000000000000       0.249863962953503     
  0.808000000000000       0.247891696423871     
  0.812000000000000       0.245940762890029     
  0.816000000000000       0.244010888308083     
  0.820000000000000       0.242101802313417     
  0.824000000000000       0.240213238181212     
  0.828000000000000       0.238344932786729     
  0.832000000000000       0.236496626565403     
  0.836000000000000       0.234668063472786     
  0.840000000000000       0.232858990944373     
  0.844000000000000       0.231069159855356     
  0.848000000000000       0.229298324480342     
  0.852000000000000       0.227546242453050     
  0.856000000000000       0.225812674726042     
  0.860000000000000       0.224097385530502     
  0.864000000000000       0.222400142336091     
  0.868000000000000       0.220720715810906     
  0.872000000000000       0.219058879781568     
  0.876000000000000       0.217414411193460     
  0.880000000000000       0.215787090071130     
  0.884000000000000       0.214176699478890     
  0.888000000000000       0.212583025481619     
  0.892000000000000       0.211005857105792     
  0.896000000000000       0.209444986300746     
  0.900000000000000       0.207900207900208     
  0.904000000000000       0.206371319584078     
  0.908000000000000       0.204858121840506     
  0.912000000000000       0.203360417928254     
  0.916000000000000       0.201878013839361     
  0.920000000000000       0.200410718262117     
  0.924000000000000       0.198958342544368     
  0.928000000000000       0.197520700657134     
  0.932000000000000       0.196097609158581     
  0.936000000000000       0.194688887158321     
  0.940000000000000       0.193294356282067     
  0.944000000000000       0.191913840636642     
  0.948000000000000       0.190547166775349     
  0.952000000000000       0.189194163663696     
  0.956000000000000       0.187854662645495     
  0.960000000000000       0.186528497409326     
  0.964000000000000       0.185215503955380     
  0.968000000000000       0.183915520562663     
  0.972000000000000       0.182628387756593     
  0.976000000000000       0.181353948276958     
  0.980000000000000       0.180092047046268     
  0.984000000000000       0.178842531138472     
  0.988000000000000       0.177605249748064     
  0.992000000000000       0.176380054159564     
  0.996000000000000       0.175166797717382     
