  -1.00000000000000       0.175498673058814     
 -0.996000000000000       0.176706467284306     
 -0.992000000000000       0.177926059137414     
 -0.988000000000000       0.179157592261790     
 -0.984000000000000       0.180401212296147     
 -0.980000000000000       0.181657066902969     
 -0.976000000000000       0.182925305797572     
 -0.972000000000000       0.184206080777511     
 -0.968000000000000       0.185499545752332     
 -0.964000000000000       0.186805856773672     
 -0.960000000000000       0.188125172065706     
 -0.956000000000000       0.189457652055939     
 -0.952000000000000       0.190803459406331     
 -0.948000000000000       0.192162759044773     
 -0.944000000000000       0.193535718196889     
 -0.940000000000000       0.194922506418180     
 -0.936000000000000       0.196323295626492     
 -0.932000000000000       0.197738260134809     
 -0.928000000000000       0.199167576684375     
 -0.924000000000000       0.200611424478117     
 -0.920000000000000       0.202069985214391     
 -0.916000000000000       0.203543443121026     
 -0.912000000000000       0.205031984989658     
 -0.908000000000000       0.206535800210364     
 -0.904000000000000       0.208055080806564     
 -0.900000000000000       0.209590021470197     
 -0.896000000000000       0.211140819597164     
 -0.892000000000000       0.212707675323004     
 -0.888000000000000       0.214290791558824     
 -0.884000000000000       0.215890374027440     
 -0.880000000000000       0.217506631299735     
 -0.876000000000000       0.219139774831209     
 -0.872000000000000       0.220790018998712     
 -0.868000000000000       0.222457581137333     
 -0.864000000000000       0.224142681577440     
 -0.860000000000000       0.225845543681833     
 -0.856000000000000       0.227566393883015     
 -0.852000000000000       0.229305461720529     
 -0.848000000000000       0.231062979878359     
 -0.844000000000000       0.232839184222363     
 -0.840000000000000       0.234634313837702     
 -0.836000000000000       0.236448611066256     
 -0.832000000000000       0.238282321543977     
 -0.828000000000000       0.240135694238149     
 -0.824000000000000       0.242008981484542     
 -0.820000000000000       0.243902439024390     
 -0.816000000000000       0.245816326041182     
 -0.812000000000000       0.247750905197210     
 -0.808000000000000       0.249706442669837     
 -0.804000000000000       0.251683208187439     
 -0.800000000000000       0.253681475064967     
 -0.796000000000000       0.255701520239087     
 -0.792000000000000       0.257743624302835     
 -0.788000000000000       0.259808071539737     
 -0.784000000000000       0.261895149957330     
 -0.780000000000000       0.264005151320026     
 -0.776000000000000       0.266138371181239     
 -0.772000000000000       0.268295108914727     
 -0.768000000000000       0.270475667745051     
 -0.764000000000000       0.272680354777094     
 -0.760000000000000       0.274909481024541     
 -0.756000000000000       0.277163361437248     
 -0.752000000000000       0.279442314927400     
 -0.748000000000000       0.281746664394368     
 -0.744000000000000       0.284076736748167     
 -0.740000000000000       0.286432862931396     
 -0.736000000000000       0.288815377939577     
 -0.732000000000000       0.291224620839750     
 -0.728000000000000       0.293660934787218     
 -0.724000000000000       0.296124667040313     
 -0.720000000000000       0.298616168973052     
 -0.716000000000000       0.301135796085528     
 -0.712000000000000       0.303683908011922     
 -0.708000000000000       0.306260868525944     
 -0.704000000000000       0.308867045543576     
 -0.700000000000000       0.311502811122930     
 -0.696000000000000       0.314168541461052     
 -0.692000000000000       0.316864616887493     
 -0.688000000000000       0.319591421854441     
 -0.684000000000000       0.322349344923234     
 -0.680000000000000       0.325138778747026     
 -0.676000000000000       0.327960120049402     
 -0.672000000000000       0.330813769598699     
 -0.668000000000000       0.333700132177809     
 -0.664000000000000       0.336619616549206     
 -0.660000000000000       0.339572635414941     
 -0.656000000000000       0.342559605371335     
 -0.652000000000000       0.345580946858079     
 -0.648000000000000       0.348637084101469     
 -0.644000000000000       0.351728445051438     
 -0.640000000000000       0.354855461312100     
 -0.636000000000000       0.358018568065442     
 -0.632000000000000       0.361218203987849     
 -0.628000000000000       0.364454811159073     
 -0.624000000000000       0.367728834963299     
 -0.620000000000000       0.371040723981901     
 -0.616000000000000       0.374390929877492     
 -0.612000000000000       0.377779907268854     
 -0.608000000000000       0.381208113596299     
 -0.604000000000000       0.384676008977025     
 -0.600000000000000       0.388184056049991     
 -0.596000000000000       0.391732719809828     
 -0.592000000000000       0.395322467429286     
 -0.588000000000000       0.398953768069687     
 -0.584000000000000       0.402627092678865     
 -0.580000000000000       0.406342913776016     
 -0.576000000000000       0.410101705222895     
 -0.572000000000000       0.413903941980763     
 -0.568000000000000       0.417750099852463     
 -0.564000000000000       0.421640655209010     
 -0.560000000000000       0.425576084700021     
 -0.556000000000000       0.429556864947322     
 -0.552000000000000       0.433583472221047     
 -0.548000000000000       0.437656382097506     
 -0.544000000000000       0.441776069098087     
 -0.540000000000000       0.445943006308462     
 -0.536000000000000       0.450157664977295     
 -0.532000000000000       0.454420514093686     
 -0.528000000000000       0.458732019942535     
 -0.524000000000000       0.463092645636990     
 -0.520000000000000       0.467502850627138     
 -0.516000000000000       0.471963090184089     
 -0.512000000000000       0.476473814858545     
 -0.508000000000000       0.481035469912991     
 -0.504000000000000       0.485648494726568     
 -0.500000000000000       0.490313322171729     
 -0.496000000000000       0.495030377961731     
 -0.492000000000000       0.499800079968013     
 -0.488000000000000       0.504622837506523     
 -0.484000000000000       0.509499050592013     
 -0.480000000000000       0.514429109159347     
 -0.476000000000000       0.519413392250859     
 -0.472000000000000       0.524452267168776     
 -0.468000000000000       0.529546088591769     
 -0.464000000000000       0.534695197654644     
 -0.460000000000000       0.539899920990255     
 -0.456000000000000       0.545160569732685     
 -0.452000000000000       0.550477438480790     
 -0.448000000000000       0.555850804221212     
 -0.444000000000000       0.561280925210001     
 -0.440000000000000       0.566768039811999     
 -0.436000000000000       0.572312365297211     
 -0.432000000000000       0.577914096593408     
 -0.428000000000000       0.583573404994249     
 -0.424000000000000       0.589290436822316     
 -0.420000000000000       0.595065312046444     
 -0.416000000000000       0.600898122852888     
 -0.412000000000000       0.606788932169877     
 -0.408000000000000       0.612737772145240     
 -0.404000000000000       0.618744642576875     
 -0.400000000000000       0.624809509295946     
 -0.396000000000000       0.630932302502801     
 -0.392000000000000       0.637112915055755     
 -0.388000000000000       0.643351200713021     
 -0.384000000000000       0.649646972328208     
 -0.380000000000000       0.656000000000000     
 -0.376000000000000       0.662410009176802     
 -0.372000000000000       0.668876678717323     
 -0.368000000000000       0.675399638908291     
 -0.364000000000000       0.681978469440711     
 -0.360000000000000       0.688612697346322     
 -0.356000000000000       0.695301794896146     
 -0.352000000000000       0.702045177463322     
 -0.348000000000000       0.708842201352678     
 -0.344000000000000       0.715692161599799     
 -0.340000000000000       0.722594289742686     
 -0.336000000000000       0.729547751569417     
 -0.332000000000000       0.736551644845576     
 -0.328000000000000       0.743604997025580     
 -0.324000000000000       0.750706762952438     
 -0.320000000000000       0.757855822550832     
 -0.316000000000000       0.765050978518861     
 -0.312000000000000       0.772290954024201     
 -0.308000000000000       0.779574390410855     
 -0.304000000000000       0.786899844923152     
 -0.300000000000000       0.794265788454087     
 -0.296000000000000       0.801670603325564     
 -0.292000000000000       0.809112581108602     
 -0.288000000000000       0.816589920492025     
 -0.284000000000000       0.824100725208638     
 -0.280000000000000       0.831643002028397     
 -0.276000000000000       0.839214658828538     
 -0.272000000000000       0.846813502751111     
 -0.268000000000000       0.854437238458845     
 -0.264000000000000       0.862083466500698     
 -0.260000000000000       0.869749681798897     
 -0.256000000000000       0.877433272269684     
 -0.252000000000000       0.885131517590370     
 -0.248000000000000       0.892841588125642     
 -0.244000000000000       0.900560544026428     
 -0.240000000000000       0.908285334514843     
 -0.236000000000000       0.916012797369032     
 -0.232000000000000       0.923739658621870     
 -0.228000000000000       0.931462532487596     
 -0.224000000000000       0.939177921530539     
 -0.220000000000000       0.946882217090069     
 -0.216000000000000       0.954571699975786     
 -0.212000000000000       0.962242541446837     
 -0.208000000000000       0.969890804488938     
 -0.204000000000000       0.977512445402354     
 -0.200000000000000       0.985103315713599     
 -0.196000000000000       0.992659164423096     
 -0.192000000000000        1.00017564060030     
 -0.188000000000000        1.00764829633708     
 -0.184000000000000        1.01507259006912     
 -0.180000000000000        1.02244389027431     
 -0.176000000000000        1.02975747955555     
 -0.172000000000000        1.03700855911455     
 -0.168000000000000        1.04419225362156     
 -0.164000000000000        1.05130361648444     
 -0.160000000000000        1.05833763551884     
 -0.156000000000000        1.06528923901973     
 -0.152000000000000        1.07215330223217     
 -0.148000000000000        1.07892465421781     
 -0.144000000000000        1.08559808511089     
 -0.140000000000000        1.09216835375599     
 -0.136000000000000        1.09863019571695     
 -0.132000000000000        1.10497833164442     
 -0.128000000000000        1.11120747598708     
 -0.124000000000000        1.11731234602891     
 -0.120000000000000        1.12328767123288     
 -0.116000000000000        1.12912820286854     
 -0.112000000000000        1.13482872389894     
 -0.108000000000000        1.14038405909971     
 -0.104000000000000        1.14578908538085     
 -0.100000000000000        1.15103874227962     
 -9.599999999999997E-002   1.15612804259063     
 -9.199999999999997E-002   1.16105208309735     
 -8.799999999999997E-002   1.16580605536726     
 -8.399999999999996E-002   1.17038525657128     
 -7.999999999999996E-002   1.17478510028653     
 -7.599999999999996E-002   1.17900112724010     
 -7.199999999999995E-002   1.18302901595069     
 -6.799999999999995E-002   1.18686459322387     
 -6.399999999999995E-002   1.19050384445632     
 -6.000000000000005E-002   1.19394292370414     
 -5.600000000000005E-002   1.19717816347030     
 -5.200000000000005E-002   1.20020608416665     
 -4.800000000000004E-002   1.20302340320650     
 -4.400000000000004E-002   1.20562704368487     
 -4.000000000000004E-002   1.20801414260460     
 -3.600000000000003E-002   1.21018205860823     
 -3.200000000000003E-002   1.21212837917741     
 -2.800000000000002E-002   1.21385092726368     
 -2.400000000000002E-002   1.21534776731722     
 -2.000000000000002E-002   1.21661721068249     
 -1.600000000000001E-002   1.21765782033310     
 -1.200000000000001E-002   1.21846841492119     
 -8.000000000000007E-003   1.21904807212007     
 -4.000000000000004E-003   1.21939613124271     
  0.000000000000000E+000   1.21951219512195     
  4.000000000000004E-003   1.21939613124271     
  8.000000000000007E-003   1.21904807212007     
  1.200000000000001E-002   1.21846841492119     
  1.600000000000001E-002   1.21765782033310     
  2.000000000000002E-002   1.21661721068249     
  2.400000000000002E-002   1.21534776731722     
  2.800000000000002E-002   1.21385092726368     
  3.200000000000003E-002   1.21212837917741     
  3.600000000000003E-002   1.21018205860823     
  4.000000000000004E-002   1.20801414260460     
  4.400000000000004E-002   1.20562704368487     
  4.800000000000004E-002   1.20302340320650     
  5.200000000000005E-002   1.20020608416665     
  5.600000000000005E-002   1.19717816347030     
  6.000000000000005E-002   1.19394292370414     
  6.400000000000006E-002   1.19050384445632     
  6.800000000000006E-002   1.18686459322387     
  7.200000000000006E-002   1.18302901595069     
  7.600000000000007E-002   1.17900112724010     
  8.000000000000007E-002   1.17478510028653     
  8.400000000000007E-002   1.17038525657128     
  8.800000000000008E-002   1.16580605536726     
  9.200000000000008E-002   1.16105208309735     
  9.600000000000009E-002   1.15612804259063     
  0.100000000000000        1.15103874227962     
  0.104000000000000        1.14578908538085     
  0.108000000000000        1.14038405909971     
  0.112000000000000        1.13482872389894     
  0.116000000000000        1.12912820286854     
  0.120000000000000        1.12328767123288     
  0.124000000000000        1.11731234602891     
  0.128000000000000        1.11120747598708     
  0.132000000000000        1.10497833164442     
  0.136000000000000        1.09863019571695     
  0.140000000000000        1.09216835375599     
  0.144000000000000        1.08559808511089     
  0.148000000000000        1.07892465421781     
  0.152000000000000        1.07215330223217     
  0.156000000000000        1.06528923901973     
  0.160000000000000        1.05833763551884     
  0.164000000000000        1.05130361648444     
  0.168000000000000        1.04419225362156     
  0.172000000000000        1.03700855911455     
  0.176000000000000        1.02975747955555     
  0.180000000000000        1.02244389027431     
  0.184000000000000        1.01507259006912     
  0.188000000000000        1.00764829633708     
  0.192000000000000        1.00017564060030     
  0.196000000000000       0.992659164423096     
  0.200000000000000       0.985103315713599     
  0.204000000000000       0.977512445402354     
  0.208000000000000       0.969890804488939     
  0.212000000000000       0.962242541446837     
  0.216000000000000       0.954571699975787     
  0.220000000000000       0.946882217090069     
  0.224000000000000       0.939177921530539     
  0.228000000000000       0.931462532487596     
  0.232000000000000       0.923739658621871     
  0.236000000000000       0.916012797369033     
  0.240000000000000       0.908285334514843     
  0.244000000000000       0.900560544026428     
  0.248000000000000       0.892841588125642     
  0.252000000000000       0.885131517590370     
  0.256000000000000       0.877433272269684     
  0.260000000000000       0.869749681798897     
  0.264000000000000       0.862083466500698     
  0.268000000000000       0.854437238458845     
  0.272000000000000       0.846813502751111     
  0.276000000000000       0.839214658828538     
  0.280000000000000       0.831643002028398     
  0.284000000000000       0.824100725208638     
  0.288000000000000       0.816589920492025     
  0.292000000000000       0.809112581108603     
  0.296000000000000       0.801670603325564     
  0.300000000000000       0.794265788454088     
  0.304000000000000       0.786899844923152     
  0.308000000000000       0.779574390410855     
  0.312000000000000       0.772290954024201     
  0.316000000000000       0.765050978518861     
  0.320000000000000       0.757855822550832     
  0.324000000000000       0.750706762952438     
  0.328000000000000       0.743604997025580     
  0.332000000000000       0.736551644845576     
  0.336000000000000       0.729547751569417     
  0.340000000000000       0.722594289742686     
  0.344000000000000       0.715692161599799     
  0.348000000000000       0.708842201352678     
  0.352000000000000       0.702045177463322     
  0.356000000000000       0.695301794896146     
  0.360000000000000       0.688612697346322     
  0.364000000000000       0.681978469440711     
  0.368000000000000       0.675399638908291     
  0.372000000000000       0.668876678717323     
  0.376000000000000       0.662410009176802     
  0.380000000000000       0.656000000000000     
  0.384000000000000       0.649646972328208     
  0.388000000000000       0.643351200713022     
  0.392000000000000       0.637112915055755     
  0.396000000000000       0.630932302502801     
  0.400000000000000       0.624809509295947     
  0.404000000000000       0.618744642576875     
  0.408000000000000       0.612737772145240     
  0.412000000000000       0.606788932169877     
  0.416000000000000       0.600898122852889     
  0.420000000000000       0.595065312046444     
  0.424000000000000       0.589290436822316     
  0.428000000000000       0.583573404994250     
  0.432000000000000       0.577914096593408     
  0.436000000000000       0.572312365297212     
  0.440000000000000       0.566768039811999     
  0.444000000000000       0.561280925210001     
  0.448000000000000       0.555850804221212     
  0.452000000000000       0.550477438480790     
  0.456000000000000       0.545160569732685     
  0.460000000000000       0.539899920990256     
  0.464000000000000       0.534695197654644     
  0.468000000000000       0.529546088591769     
  0.472000000000000       0.524452267168777     
  0.476000000000000       0.519413392250859     
  0.480000000000000       0.514429109159348     
  0.484000000000000       0.509499050592013     
  0.488000000000000       0.504622837506523     
  0.492000000000000       0.499800079968013     
  0.496000000000000       0.495030377961731     
  0.500000000000000       0.490313322171729     
  0.504000000000000       0.485648494726568     
  0.508000000000000       0.481035469912991     
  0.512000000000000       0.476473814858545     
  0.516000000000000       0.471963090184089     
  0.520000000000000       0.467502850627138     
  0.524000000000000       0.463092645636989     
  0.528000000000000       0.458732019942535     
  0.532000000000000       0.454420514093686     
  0.536000000000000       0.450157664977294     
  0.540000000000000       0.445943006308462     
  0.544000000000000       0.441776069098087     
  0.548000000000000       0.437656382097505     
  0.552000000000000       0.433583472221047     
  0.556000000000000       0.429556864947322     
  0.560000000000000       0.425576084700021     
  0.564000000000000       0.421640655209010     
  0.568000000000000       0.417750099852463     
  0.572000000000000       0.413903941980762     
  0.576000000000000       0.410101705222895     
  0.580000000000000       0.406342913776016     
  0.584000000000000       0.402627092678865     
  0.588000000000000       0.398953768069686     
  0.592000000000000       0.395322467429285     
  0.596000000000000       0.391732719809828     
  0.600000000000000       0.388184056049990     
  0.604000000000000       0.384676008977024     
  0.608000000000000       0.381208113596299     
  0.612000000000000       0.377779907268854     
  0.616000000000000       0.374390929877492     
  0.620000000000000       0.371040723981900     
  0.624000000000000       0.367728834963299     
  0.628000000000000       0.364454811159073     
  0.632000000000000       0.361218203987849     
  0.636000000000000       0.358018568065442     
  0.640000000000000       0.354855461312100     
  0.644000000000000       0.351728445051438     
  0.648000000000000       0.348637084101469     
  0.652000000000000       0.345580946858079     
  0.656000000000000       0.342559605371335     
  0.660000000000000       0.339572635414941     
  0.664000000000000       0.336619616549206     
  0.668000000000000       0.333700132177809     
  0.672000000000000       0.330813769598699     
  0.676000000000000       0.327960120049402     
  0.680000000000000       0.325138778747026     
  0.684000000000000       0.322349344923234     
  0.688000000000000       0.319591421854441     
  0.692000000000000       0.316864616887493     
  0.696000000000000       0.314168541461052     
  0.700000000000000       0.311502811122930     
  0.704000000000000       0.308867045543576     
  0.708000000000000       0.306260868525944     
  0.712000000000000       0.303683908011922     
  0.716000000000000       0.301135796085528     
  0.720000000000000       0.298616168973052     
  0.724000000000000       0.296124667040313     
  0.728000000000000       0.293660934787218     
  0.732000000000000       0.291224620839750     
  0.736000000000000       0.288815377939577     
  0.740000000000000       0.286432862931396     
  0.744000000000000       0.284076736748167     
  0.748000000000000       0.281746664394368     
  0.752000000000000       0.279442314927400     
  0.756000000000000       0.277163361437248     
  0.760000000000000       0.274909481024541     
  0.764000000000000       0.272680354777094     
  0.768000000000000       0.270475667745051     
  0.772000000000000       0.268295108914727     
  0.776000000000000       0.266138371181239     
  0.780000000000000       0.264005151320026     
  0.784000000000000       0.261895149957330     
  0.788000000000000       0.259808071539737     
  0.792000000000000       0.257743624302835     
  0.796000000000000       0.255701520239087     
  0.800000000000000       0.253681475064967     
  0.804000000000000       0.251683208187439     
  0.808000000000000       0.249706442669837     
  0.812000000000000       0.247750905197210     
  0.816000000000000       0.245816326041182     
  0.820000000000000       0.243902439024390     
  0.824000000000000       0.242008981484542     
  0.828000000000000       0.240135694238149     
  0.832000000000000       0.238282321543976     
  0.836000000000000       0.236448611066256     
  0.840000000000000       0.234634313837702     
  0.844000000000000       0.232839184222362     
  0.848000000000000       0.231062979878359     
  0.852000000000000       0.229305461720529     
  0.856000000000000       0.227566393883015     
  0.860000000000000       0.225845543681833     
  0.864000000000000       0.224142681577440     
  0.868000000000000       0.222457581137333     
  0.872000000000000       0.220790018998712     
  0.876000000000000       0.219139774831209     
  0.880000000000000       0.217506631299735     
  0.884000000000000       0.215890374027440     
  0.888000000000000       0.214290791558824     
  0.892000000000000       0.212707675323004     
  0.896000000000000       0.211140819597164     
  0.900000000000000       0.209590021470197     
  0.904000000000000       0.208055080806564     
  0.908000000000000       0.206535800210364     
  0.912000000000000       0.205031984989658     
  0.916000000000000       0.203543443121026     
  0.920000000000000       0.202069985214391     
  0.924000000000000       0.200611424478117     
  0.928000000000000       0.199167576684375     
  0.932000000000000       0.197738260134809     
  0.936000000000000       0.196323295626492     
  0.940000000000000       0.194922506418180     
  0.944000000000000       0.193535718196889     
  0.948000000000000       0.192162759044773     
  0.952000000000000       0.190803459406331     
  0.956000000000000       0.189457652055939     
  0.960000000000000       0.188125172065706     
  0.964000000000000       0.186805856773671     
  0.968000000000000       0.185499545752332     
  0.972000000000000       0.184206080777511     
  0.976000000000000       0.182925305797572     
  0.980000000000000       0.181657066902969     
  0.984000000000000       0.180401212296147     
  0.988000000000000       0.179157592261790     
  0.992000000000000       0.177926059137414     
  0.996000000000000       0.176706467284306     
