  -1.00000000000000       0.177013798545501     
 -0.996000000000000       0.178227703714265     
 -0.992000000000000       0.179453406544558     
 -0.988000000000000       0.180691049653900     
 -0.984000000000000       0.181940777619268     
 -0.980000000000000       0.183202737004746     
 -0.976000000000000       0.184477076389512     
 -0.972000000000000       0.185763946396135     
 -0.968000000000000       0.187063499719179     
 -0.964000000000000       0.188375891154141     
 -0.960000000000000       0.189701277626677     
 -0.956000000000000       0.191039818222160     
 -0.952000000000000       0.192391674215529     
 -0.948000000000000       0.193757009101444     
 -0.944000000000000       0.195135988624747     
 -0.940000000000000       0.196528780811214     
 -0.936000000000000       0.197935555998592     
 -0.932000000000000       0.199356486867932     
 -0.928000000000000       0.200791748475192     
 -0.924000000000000       0.202241518283121     
 -0.920000000000000       0.203705976193398     
 -0.916000000000000       0.205185304579044     
 -0.912000000000000       0.206679688317070     
 -0.908000000000000       0.208189314821374     
 -0.904000000000000       0.209714374075867     
 -0.900000000000000       0.211255058667821     
 -0.896000000000000       0.212811563821419     
 -0.892000000000000       0.214384087431513     
 -0.888000000000000       0.215972830097557     
 -0.884000000000000       0.217577995157710     
 -0.880000000000000       0.219199788723095     
 -0.876000000000000       0.220838419712197     
 -0.872000000000000       0.222494099885375     
 -0.868000000000000       0.224167043879484     
 -0.864000000000000       0.225857469242567     
 -0.860000000000000       0.227565596468621     
 -0.856000000000000       0.229291649032389     
 -0.852000000000000       0.231035853424174     
 -0.848000000000000       0.232798439184633     
 -0.844000000000000       0.234579638939542     
 -0.840000000000000       0.236379688434483     
 -0.836000000000000       0.238198826569443     
 -0.832000000000000       0.240037295433276     
 -0.828000000000000       0.241895340338001     
 -0.824000000000000       0.243773209852902     
 -0.820000000000000       0.245671155838390     
 -0.816000000000000       0.247589433479580     
 -0.812000000000000       0.249528301319554     
 -0.808000000000000       0.251488021292248     
 -0.804000000000000       0.253468858754937     
 -0.800000000000000       0.255471082520238     
 -0.796000000000000       0.257494964887614     
 -0.792000000000000       0.259540781674294     
 -0.788000000000000       0.261608812245562     
 -0.784000000000000       0.263699339544353     
 -0.780000000000000       0.265812650120096     
 -0.776000000000000       0.267949034156722     
 -0.772000000000000       0.270108785499779     
 -0.768000000000000       0.272292201682569     
 -0.764000000000000       0.274499583951233     
 -0.760000000000000       0.276731237288701     
 -0.756000000000000       0.278987470437412     
 -0.752000000000000       0.281268595920724     
 -0.748000000000000       0.283574930062906     
 -0.744000000000000       0.285906793007615     
 -0.740000000000000       0.288264508734762     
 -0.736000000000000       0.290648405075632     
 -0.732000000000000       0.293058813726169     
 -0.728000000000000       0.295496070258285     
 -0.724000000000000       0.297960514129072     
 -0.720000000000000       0.300452488687783     
 -0.716000000000000       0.302972341180439     
 -0.712000000000000       0.305520422751922     
 -0.708000000000000       0.308097088445394     
 -0.704000000000000       0.310702697198884     
 -0.700000000000000       0.313337611838877     
 -0.696000000000000       0.316002199070725     
 -0.692000000000000       0.318696829465711     
 -0.688000000000000       0.321421877444549     
 -0.684000000000000       0.324177721257153     
 -0.680000000000000       0.326964742958440     
 -0.676000000000000       0.329783328379961     
 -0.672000000000000       0.332633867097140     
 -0.668000000000000       0.335516752391871     
 -0.664000000000000       0.338432381210234     
 -0.660000000000000       0.341381154115083     
 -0.656000000000000       0.344363475233213     
 -0.652000000000000       0.347379752196863     
 -0.648000000000000       0.350430396079233     
 -0.644000000000000       0.353515821323734     
 -0.640000000000000       0.356636445666652     
 -0.636000000000000       0.359792690052903     
 -0.632000000000000       0.362984978544526     
 -0.628000000000000       0.366213738221596     
 -0.624000000000000       0.369479399075144     
 -0.620000000000000       0.372782393891758     
 -0.616000000000000       0.376123158129426     
 -0.612000000000000       0.379502129784242     
 -0.608000000000000       0.382919749247540     
 -0.604000000000000       0.386376459153026     
 -0.600000000000000       0.389872704213444     
 -0.596000000000000       0.393408931046316     
 -0.592000000000000       0.396985587988268     
 -0.588000000000000       0.400603124897436     
 -0.584000000000000       0.404261992943436     
 -0.580000000000000       0.407962644384370     
 -0.576000000000000       0.411705532330293     
 -0.572000000000000       0.415491110492602     
 -0.568000000000000       0.419319832918729     
 -0.564000000000000       0.423192153711548     
 -0.560000000000000       0.427108526732877     
 -0.556000000000000       0.431069405290416     
 -0.552000000000000       0.435075241807481     
 -0.548000000000000       0.439126487474843     
 -0.544000000000000       0.443223591883989     
 -0.540000000000000       0.447367002641082     
 -0.536000000000000       0.451557164960905     
 -0.532000000000000       0.455794521240025     
 -0.528000000000000       0.460079510608436     
 -0.524000000000000       0.464412568458889     
 -0.520000000000000       0.468794125953121     
 -0.516000000000000       0.473224609504175     
 -0.512000000000000       0.477704440233995     
 -0.508000000000000       0.482234033405455     
 -0.504000000000000       0.486813797827989     
 -0.500000000000000       0.491444135235952     
 -0.496000000000000       0.496125439638869     
 -0.492000000000000       0.500858096642682     
 -0.488000000000000       0.505642482741143     
 -0.484000000000000       0.510478964576450     
 -0.480000000000000       0.515367898168271     
 -0.476000000000000       0.520309628110260     
 -0.472000000000000       0.525304486733214     
 -0.468000000000000       0.530352793233976     
 -0.464000000000000       0.535454852769269     
 -0.460000000000000       0.540610955513580     
 -0.456000000000000       0.545821375680304     
 -0.452000000000000       0.551086370505326     
 -0.448000000000000       0.556406179192286     
 -0.444000000000000       0.561781021818763     
 -0.440000000000000       0.567211098202693     
 -0.436000000000000       0.572696586728343     
 -0.432000000000000       0.578237643131233     
 -0.428000000000000       0.583834399241437     
 -0.424000000000000       0.589486961684768     
 -0.420000000000000       0.595195410541413     
 -0.416000000000000       0.600959797961660     
 -0.412000000000000       0.606780146738447     
 -0.408000000000000       0.612656448836543     
 -0.404000000000000       0.618588663878297     
 -0.400000000000000       0.624576717585973     
 -0.396000000000000       0.630620500180828     
 -0.392000000000000       0.636719864739221     
 -0.388000000000000       0.642874625506167     
 -0.384000000000000       0.649084556166929     
 -0.380000000000000       0.655349388077379     
 -0.376000000000000       0.661668808454055     
 -0.372000000000000       0.668042458525027     
 -0.368000000000000       0.674469931642879     
 -0.364000000000000       0.680950771361344     
 -0.360000000000000       0.687484469477346     
 -0.356000000000000       0.694070464040460     
 -0.352000000000000       0.700708137332041     
 -0.348000000000000       0.707396813816568     
 -0.344000000000000       0.714135758068013     
 -0.340000000000000       0.720924172674368     
 -0.336000000000000       0.727761196123751     
 -0.332000000000000       0.734645900675874     
 -0.328000000000000       0.741577290222973     
 -0.324000000000000       0.748554298144668     
 -0.320000000000000       0.755575785161584     
 -0.316000000000000       0.762640537192968     
 -0.312000000000000       0.769747263223887     
 -0.308000000000000       0.776894593188038     
 -0.304000000000000       0.784081075872597     
 -0.300000000000000       0.791305176851940     
 -0.296000000000000       0.798565276457526     
 -0.292000000000000       0.805859667791634     
 -0.288000000000000       0.813186554793098     
 -0.284000000000000       0.820544050363610     
 -0.280000000000000       0.827930174563591     
 -0.276000000000000       0.835342852887065     
 -0.272000000000000       0.842779914625379     
 -0.268000000000000       0.850239091330020     
 -0.264000000000000       0.857718015385188     
 -0.260000000000000       0.865214218701136     
 -0.256000000000000       0.872725131539655     
 -0.252000000000000       0.880248081483398     
 -0.248000000000000       0.887780292561043     
 -0.244000000000000       0.895318884540540     
 -0.240000000000000       0.902860872402915     
 -0.236000000000000       0.910403166009275     
 -0.232000000000000       0.917942569973767     
 -0.228000000000000       0.925475783755335     
 -0.224000000000000       0.932999401981106     
 -0.220000000000000       0.940509915014164     
 -0.216000000000000       0.948003709778373     
 -0.212000000000000       0.955477070852654     
 -0.208000000000000       0.962926181846869     
 -0.204000000000000       0.970347127071048     
 -0.200000000000000       0.977735893509247     
 -0.196000000000000       0.985088373108749     
 -0.192000000000000       0.992400365394640     
 -0.188000000000000       0.999667580419041     
 -0.184000000000000        1.00688564205337     
 -0.180000000000000        1.01405009163103     
 -0.176000000000000        1.02115639194689     
 -0.172000000000000        1.02819993161851     
 -0.168000000000000        1.03517602981307     
 -0.164000000000000        1.04207994134220     
 -0.160000000000000        1.04890686212562     
 -0.156000000000000        1.05565193502272     
 -0.152000000000000        1.06231025602957     
 -0.148000000000000        1.06887688083697     
 -0.144000000000000        1.07534683174320     
 -0.140000000000000        1.08171510491333     
 -0.136000000000000        1.08797667797463     
 -0.132000000000000        1.09412651793577     
 -0.128000000000000        1.10015958941514     
 -0.124000000000000        1.10607086316171     
 -0.120000000000000        1.11185532484930     
 -0.116000000000000        1.11750798412331     
 -0.112000000000000        1.12302388387662     
 -0.108000000000000        1.12839810972924     
 -0.104000000000000        1.13362579968422     
 -0.100000000000000        1.13870215393058     
 -9.599999999999997E-002   1.14362244476166     
 -9.199999999999997E-002   1.14838202657605     
 -8.799999999999997E-002   1.15297634592624     
 -8.399999999999996E-002   1.15740095157881     
 -7.999999999999996E-002   1.16165150454864     
 -7.599999999999996E-002   1.16572378806861     
 -7.199999999999995E-002   1.16961371745515     
 -6.799999999999995E-002   1.17331734982952     
 -6.399999999999995E-002   1.17683089365419     
 -6.000000000000005E-002   1.18015071804351     
 -5.600000000000005E-002   1.18327336180793     
 -5.200000000000005E-002   1.18619554219140     
 -4.800000000000004E-002   1.18891416326227     
 -4.400000000000004E-002   1.19142632391867     
 -4.000000000000004E-002   1.19372932547102     
 -3.600000000000003E-002   1.19582067876511     
 -3.200000000000003E-002   1.19769811081161     
 -2.800000000000002E-002   1.19935957088938     
 -2.400000000000002E-002   1.20080323609238     
 -2.000000000000002E-002   1.20202751629254     
 -1.600000000000001E-002   1.20303105849340     
 -1.200000000000001E-002   1.20381275055259     
 -8.000000000000007E-003   1.20437172425401     
 -4.000000000000004E-003   1.20470735771390     
  0.000000000000000E+000   1.20481927710843     
  4.000000000000004E-003   1.20470735771390     
  8.000000000000007E-003   1.20437172425402     
  1.200000000000001E-002   1.20381275055259     
  1.600000000000001E-002   1.20303105849340     
  2.000000000000002E-002   1.20202751629254     
  2.400000000000002E-002   1.20080323609238     
  2.800000000000002E-002   1.19935957088938     
  3.200000000000003E-002   1.19769811081161     
  3.600000000000003E-002   1.19582067876511     
  4.000000000000004E-002   1.19372932547102     
  4.400000000000004E-002   1.19142632391867     
  4.800000000000004E-002   1.18891416326227     
  5.200000000000005E-002   1.18619554219140     
  5.600000000000005E-002   1.18327336180793     
  6.000000000000005E-002   1.18015071804351     
  6.400000000000006E-002   1.17683089365419     
  6.800000000000006E-002   1.17331734982952     
  7.200000000000006E-002   1.16961371745515     
  7.600000000000007E-002   1.16572378806861     
  8.000000000000007E-002   1.16165150454864     
  8.400000000000007E-002   1.15740095157881     
  8.800000000000008E-002   1.15297634592624     
  9.200000000000008E-002   1.14838202657605     
  9.600000000000009E-002   1.14362244476166     
  0.100000000000000        1.13870215393058     
  0.104000000000000        1.13362579968422     
  0.108000000000000        1.12839810972924     
  0.112000000000000        1.12302388387662     
  0.116000000000000        1.11750798412331     
  0.120000000000000        1.11185532484930     
  0.124000000000000        1.10607086316171     
  0.128000000000000        1.10015958941514     
  0.132000000000000        1.09412651793577     
  0.136000000000000        1.08797667797463     
  0.140000000000000        1.08171510491333     
  0.144000000000000        1.07534683174320     
  0.148000000000000        1.06887688083697     
  0.152000000000000        1.06231025602957     
  0.156000000000000        1.05565193502272     
  0.160000000000000        1.04890686212562     
  0.164000000000000        1.04207994134220     
  0.168000000000000        1.03517602981307     
  0.172000000000000        1.02819993161851     
  0.176000000000000        1.02115639194689     
  0.180000000000000        1.01405009163103     
  0.184000000000000        1.00688564205337     
  0.188000000000000       0.999667580419041     
  0.192000000000000       0.992400365394641     
  0.196000000000000       0.985088373108749     
  0.200000000000000       0.977735893509247     
  0.204000000000000       0.970347127071048     
  0.208000000000000       0.962926181846869     
  0.212000000000000       0.955477070852654     
  0.216000000000000       0.948003709778373     
  0.220000000000000       0.940509915014164     
  0.224000000000000       0.932999401981106     
  0.228000000000000       0.925475783755335     
  0.232000000000000       0.917942569973767     
  0.236000000000000       0.910403166009275     
  0.240000000000000       0.902860872402915     
  0.244000000000000       0.895318884540540     
  0.248000000000000       0.887780292561043     
  0.252000000000000       0.880248081483398     
  0.256000000000000       0.872725131539655     
  0.260000000000000       0.865214218701136     
  0.264000000000000       0.857718015385188     
  0.268000000000000       0.850239091330020     
  0.272000000000000       0.842779914625379     
  0.276000000000000       0.835342852887066     
  0.280000000000000       0.827930174563591     
  0.284000000000000       0.820544050363610     
  0.288000000000000       0.813186554793098     
  0.292000000000000       0.805859667791634     
  0.296000000000000       0.798565276457526     
  0.300000000000000       0.791305176851940     
  0.304000000000000       0.784081075872597     
  0.308000000000000       0.776894593188038     
  0.312000000000000       0.769747263223887     
  0.316000000000000       0.762640537192968     
  0.320000000000000       0.755575785161584     
  0.324000000000000       0.748554298144668     
  0.328000000000000       0.741577290222973     
  0.332000000000000       0.734645900675874     
  0.336000000000000       0.727761196123751     
  0.340000000000000       0.720924172674368     
  0.344000000000000       0.714135758068013     
  0.348000000000000       0.707396813816568     
  0.352000000000000       0.700708137332041     
  0.356000000000000       0.694070464040460     
  0.360000000000000       0.687484469477346     
  0.364000000000000       0.680950771361344     
  0.368000000000000       0.674469931642879     
  0.372000000000000       0.668042458525027     
  0.376000000000000       0.661668808454055     
  0.380000000000000       0.655349388077379     
  0.384000000000000       0.649084556166929     
  0.388000000000000       0.642874625506167     
  0.392000000000000       0.636719864739221     
  0.396000000000000       0.630620500180829     
  0.400000000000000       0.624576717585974     
  0.404000000000000       0.618588663878298     
  0.408000000000000       0.612656448836543     
  0.412000000000000       0.606780146738447     
  0.416000000000000       0.600959797961660     
  0.420000000000000       0.595195410541413     
  0.424000000000000       0.589486961684768     
  0.428000000000000       0.583834399241438     
  0.432000000000000       0.578237643131234     
  0.436000000000000       0.572696586728343     
  0.440000000000000       0.567211098202693     
  0.444000000000000       0.561781021818763     
  0.448000000000000       0.556406179192286     
  0.452000000000000       0.551086370505326     
  0.456000000000000       0.545821375680304     
  0.460000000000000       0.540610955513581     
  0.464000000000000       0.535454852769269     
  0.468000000000000       0.530352793233976     
  0.472000000000000       0.525304486733214     
  0.476000000000000       0.520309628110261     
  0.480000000000000       0.515367898168271     
  0.484000000000000       0.510478964576450     
  0.488000000000000       0.505642482741143     
  0.492000000000000       0.500858096642682     
  0.496000000000000       0.496125439638869     
  0.500000000000000       0.491444135235952     
  0.504000000000000       0.486813797827989     
  0.508000000000000       0.482234033405455     
  0.512000000000000       0.477704440233995     
  0.516000000000000       0.473224609504175     
  0.520000000000000       0.468794125953121     
  0.524000000000000       0.464412568458889     
  0.528000000000000       0.460079510608436     
  0.532000000000000       0.455794521240025     
  0.536000000000000       0.451557164960905     
  0.540000000000000       0.447367002641082     
  0.544000000000000       0.443223591883989     
  0.548000000000000       0.439126487474843     
  0.552000000000000       0.435075241807481     
  0.556000000000000       0.431069405290416     
  0.560000000000000       0.427108526732877     
  0.564000000000000       0.423192153711548     
  0.568000000000000       0.419319832918729     
  0.572000000000000       0.415491110492602     
  0.576000000000000       0.411705532330293     
  0.580000000000000       0.407962644384370     
  0.584000000000000       0.404261992943436     
  0.588000000000000       0.400603124897436     
  0.592000000000000       0.396985587988268     
  0.596000000000000       0.393408931046316     
  0.600000000000000       0.389872704213443     
  0.604000000000000       0.386376459153025     
  0.608000000000000       0.382919749247540     
  0.612000000000000       0.379502129784241     
  0.616000000000000       0.376123158129426     
  0.620000000000000       0.372782393891758     
  0.624000000000000       0.369479399075144     
  0.628000000000000       0.366213738221596     
  0.632000000000000       0.362984978544526     
  0.636000000000000       0.359792690052903     
  0.640000000000000       0.356636445666652     
  0.644000000000000       0.353515821323734     
  0.648000000000000       0.350430396079233     
  0.652000000000000       0.347379752196863     
  0.656000000000000       0.344363475233213     
  0.660000000000000       0.341381154115083     
  0.664000000000000       0.338432381210234     
  0.668000000000000       0.335516752391871     
  0.672000000000000       0.332633867097140     
  0.676000000000000       0.329783328379961     
  0.680000000000000       0.326964742958440     
  0.684000000000000       0.324177721257153     
  0.688000000000000       0.321421877444549     
  0.692000000000000       0.318696829465711     
  0.696000000000000       0.316002199070725     
  0.700000000000000       0.313337611838877     
  0.704000000000000       0.310702697198884     
  0.708000000000000       0.308097088445394     
  0.712000000000000       0.305520422751922     
  0.716000000000000       0.302972341180439     
  0.720000000000000       0.300452488687783     
  0.724000000000000       0.297960514129072     
  0.728000000000000       0.295496070258285     
  0.732000000000000       0.293058813726169     
  0.736000000000000       0.290648405075632     
  0.740000000000000       0.288264508734762     
  0.744000000000000       0.285906793007615     
  0.748000000000000       0.283574930062906     
  0.752000000000000       0.281268595920724     
  0.756000000000000       0.278987470437412     
  0.760000000000000       0.276731237288701     
  0.764000000000000       0.274499583951233     
  0.768000000000000       0.272292201682569     
  0.772000000000000       0.270108785499779     
  0.776000000000000       0.267949034156722     
  0.780000000000000       0.265812650120096     
  0.784000000000000       0.263699339544353     
  0.788000000000000       0.261608812245562     
  0.792000000000000       0.259540781674294     
  0.796000000000000       0.257494964887614     
  0.800000000000000       0.255471082520238     
  0.804000000000000       0.253468858754937     
  0.808000000000000       0.251488021292248     
  0.812000000000000       0.249528301319554     
  0.816000000000000       0.247589433479580     
  0.820000000000000       0.245671155838390     
  0.824000000000000       0.243773209852902     
  0.828000000000000       0.241895340338001     
  0.832000000000000       0.240037295433276     
  0.836000000000000       0.238198826569443     
  0.840000000000000       0.236379688434483     
  0.844000000000000       0.234579638939542     
  0.848000000000000       0.232798439184633     
  0.852000000000000       0.231035853424174     
  0.856000000000000       0.229291649032389     
  0.860000000000000       0.227565596468621     
  0.864000000000000       0.225857469242566     
  0.868000000000000       0.224167043879483     
  0.872000000000000       0.222494099885375     
  0.876000000000000       0.220838419712197     
  0.880000000000000       0.219199788723095     
  0.884000000000000       0.217577995157710     
  0.888000000000000       0.215972830097557     
  0.892000000000000       0.214384087431513     
  0.896000000000000       0.212811563821419     
  0.900000000000000       0.211255058667821     
  0.904000000000000       0.209714374075867     
  0.908000000000000       0.208189314821374     
  0.912000000000000       0.206679688317070     
  0.916000000000000       0.205185304579044     
  0.920000000000000       0.203705976193398     
  0.924000000000000       0.202241518283121     
  0.928000000000000       0.200791748475192     
  0.932000000000000       0.199356486867932     
  0.936000000000000       0.197935555998592     
  0.940000000000000       0.196528780811214     
  0.944000000000000       0.195135988624747     
  0.948000000000000       0.193757009101444     
  0.952000000000000       0.192391674215529     
  0.956000000000000       0.191039818222160     
  0.960000000000000       0.189701277626677     
  0.964000000000000       0.188375891154140     
  0.968000000000000       0.187063499719179     
  0.972000000000000       0.185763946396135     
  0.976000000000000       0.184477076389512     
  0.980000000000000       0.183202737004746     
  0.984000000000000       0.181940777619268     
  0.988000000000000       0.180691049653900     
  0.992000000000000       0.179453406544558     
  0.996000000000000       0.178227703714265     
