  -1.00000000000000       0.178510710642639     
 -0.996000000000000       0.179730506942733     
 -0.992000000000000       0.180962097919453     
 -0.988000000000000       0.182205625121470     
 -0.984000000000000       0.183461232020799     
 -0.980000000000000       0.184729064039409     
 -0.976000000000000       0.186009268576126     
 -0.972000000000000       0.187301995033821     
 -0.968000000000000       0.188607394846887     
 -0.964000000000000       0.189925621508986     
 -0.960000000000000       0.191256830601093     
 -0.956000000000000       0.192601179819799     
 -0.952000000000000       0.193958829005896     
 -0.948000000000000       0.195329940173230     
 -0.944000000000000       0.196714677537807     
 -0.940000000000000       0.198113207547170     
 -0.936000000000000       0.199525698910020     
 -0.932000000000000       0.200952322626083     
 -0.928000000000000       0.202393252016222     
 -0.924000000000000       0.203848662752772     
 -0.920000000000000       0.205318732890106     
 -0.916000000000000       0.206803642895409     
 -0.912000000000000       0.208303575679665     
 -0.908000000000000       0.209818716628833     
 -0.904000000000000       0.211349253635207     
 -0.900000000000000       0.212895377128954     
 -0.896000000000000       0.214457280109802     
 -0.892000000000000       0.216035158178885     
 -0.888000000000000       0.217629209570711     
 -0.884000000000000       0.219239635185247     
 -0.880000000000000       0.220866638620109     
 -0.876000000000000       0.222510426202828     
 -0.872000000000000       0.224171207023177     
 -0.868000000000000       0.225849192965551     
 -0.864000000000000       0.227544598741353     
 -0.860000000000000       0.229257641921397     
 -0.856000000000000       0.230988542968269     
 -0.852000000000000       0.232737525268646     
 -0.848000000000000       0.234504815165538     
 -0.844000000000000       0.236290641990422     
 -0.840000000000000       0.238095238095238     
 -0.836000000000000       0.239918838884218     
 -0.832000000000000       0.241761682845512     
 -0.828000000000000       0.243624011582582     
 -0.824000000000000       0.245506069845308     
 -0.820000000000000       0.247408105560792     
 -0.816000000000000       0.249330369863794     
 -0.812000000000000       0.251273117126776     
 -0.808000000000000       0.253236604989485     
 -0.804000000000000       0.255221094388053     
 -0.800000000000000       0.257226849583537     
 -0.796000000000000       0.259254138189863     
 -0.792000000000000       0.261303231201099     
 -0.788000000000000       0.263374403018020     
 -0.784000000000000       0.265467931473878     
 -0.780000000000000       0.267584097859327     
 -0.776000000000000       0.269723186946425     
 -0.772000000000000       0.271885487011642     
 -0.768000000000000       0.274071289857796     
 -0.764000000000000       0.276280890834842     
 -0.760000000000000       0.278514588859416     
 -0.756000000000000       0.280772686433064     
 -0.752000000000000       0.283055489659039     
 -0.748000000000000       0.285363308257599     
 -0.744000000000000       0.287696455579667     
 -0.740000000000000       0.290055248618785     
 -0.736000000000000       0.292440008021212     
 -0.732000000000000       0.294851058094083     
 -0.728000000000000       0.297288726811479     
 -0.724000000000000       0.299753345818298     
 -0.720000000000000       0.302245250431779     
 -0.716000000000000       0.304764779640552     
 -0.712000000000000       0.307312276101056     
 -0.708000000000000       0.309888086131180     
 -0.704000000000000       0.312492559700960     
 -0.700000000000000       0.315126050420168     
 -0.696000000000000       0.317788915522627     
 -0.692000000000000       0.320481515847048     
 -0.688000000000000       0.323204215814228     
 -0.684000000000000       0.325957383400387     
 -0.680000000000000       0.328741390106450     
 -0.676000000000000       0.331556610923054     
 -0.672000000000000       0.334403424291065     
 -0.668000000000000       0.337282212057357     
 -0.664000000000000       0.340193359425624     
 -0.660000000000000       0.343137254901961     
 -0.656000000000000       0.346114290234962     
 -0.652000000000000       0.349124860350056     
 -0.648000000000000       0.352169363277791     
 -0.644000000000000       0.355248200075786     
 -0.640000000000000       0.358361774744027     
 -0.636000000000000       0.361510494133201     
 -0.632000000000000       0.364694767845731     
 -0.628000000000000       0.367915008129170     
 -0.624000000000000       0.371171629761602     
 -0.620000000000000       0.374465049928673     
 -0.616000000000000       0.377795688091880     
 -0.612000000000000       0.381163965847709     
 -0.608000000000000       0.384570306777228     
 -0.604000000000000       0.388015136285697     
 -0.600000000000000       0.391498881431767     
 -0.596000000000000       0.395021970745802     
 -0.592000000000000       0.398584834036867     
 -0.588000000000000       0.402187902187902     
 -0.584000000000000       0.405831606938561     
 -0.580000000000000       0.409516380655226     
 -0.576000000000000       0.413242656087655     
 -0.572000000000000       0.417010866111711     
 -0.568000000000000       0.420821443457629     
 -0.564000000000000       0.424674820423219     
 -0.560000000000000       0.428571428571429     
 -0.556000000000000       0.432511698411652     
 -0.552000000000000       0.436496059064152     
 -0.548000000000000       0.440524937906961     
 -0.544000000000000       0.444598760204600     
 -0.540000000000000       0.448717948717949     
 -0.536000000000000       0.452882923294572     
 -0.532000000000000       0.457094100438810     
 -0.528000000000000       0.461351892860909     
 -0.524000000000000       0.465656709004470     
 -0.520000000000000       0.470008952551477     
 -0.516000000000000       0.474409021904142     
 -0.512000000000000       0.478857309642818     
 -0.508000000000000       0.483354201959196     
 -0.504000000000000       0.487900078064013     
 -0.500000000000000       0.492495309568480     
 -0.496000000000000       0.497140259838642     
 -0.492000000000000       0.501835283321863     
 -0.488000000000000       0.506580724844649     
 -0.484000000000000       0.511376918881010     
 -0.480000000000000       0.516224188790560     
 -0.476000000000000       0.521122846025570     
 -0.472000000000000       0.526073189306185     
 -0.468000000000000       0.531075503763049     
 -0.464000000000000       0.536130060046567     
 -0.460000000000000       0.541237113402062     
 -0.456000000000000       0.546396902710129     
 -0.452000000000000       0.551609649491468     
 -0.448000000000000       0.556875556875557     
 -0.444000000000000       0.562194808532511     
 -0.440000000000000       0.567567567567568     
 -0.436000000000000       0.572993975377630     
 -0.432000000000000       0.578474150469390     
 -0.428000000000000       0.584008187238587     
 -0.424000000000000       0.589596154710031     
 -0.420000000000000       0.595238095238095     
 -0.416000000000000       0.600934023167437     
 -0.412000000000000       0.606683923453823     
 -0.408000000000000       0.612487750244995     
 -0.404000000000000       0.618345425421653     
 -0.400000000000000       0.624256837098692     
 -0.396000000000000       0.630221838087006     
 -0.392000000000000       0.636240244316254     
 -0.388000000000000       0.642311833219144     
 -0.384000000000000       0.648436342077961     
 -0.380000000000000       0.654613466334165     
 -0.376000000000000       0.660842857862142     
 -0.372000000000000       0.667124123208295     
 -0.368000000000000       0.673456821796911     
 -0.364000000000000       0.679840464104423     
 -0.360000000000000       0.686274509803921     
 -0.356000000000000       0.692758365881980     
 -0.352000000000000       0.699291384730140     
 -0.348000000000000       0.705872862213617     
 -0.344000000000000       0.712502035720102     
 -0.340000000000000       0.719178082191781     
 -0.336000000000000       0.725900116144019     
 -0.332000000000000       0.732667187674444     
 -0.328000000000000       0.739478280466505     
 -0.324000000000000       0.746332309791880     
 -0.320000000000000       0.753228120516499     
 -0.316000000000000       0.760164485115255     
 -0.312000000000000       0.767140101700859     
 -0.308000000000000       0.774153592072667     
 -0.304000000000000       0.781203499791679     
 -0.300000000000000       0.788288288288288     
 -0.296000000000000       0.795406339009757     
 -0.292000000000000       0.802555949614773     
 -0.288000000000000       0.809735332222839     
 -0.284000000000000       0.816942611726628     
 -0.280000000000000       0.824175824175824     
 -0.276000000000000       0.831432915241353     
 -0.272000000000000       0.838711738769250     
 -0.268000000000000       0.846010055433802     
 -0.264000000000000       0.853325531499902     
 -0.260000000000000       0.860655737704918     
 -0.256000000000000       0.867998148270617     
 -0.252000000000000       0.875350140056022     
 -0.248000000000000       0.882708991862264     
 -0.244000000000000       0.890071883900719     
 -0.240000000000000       0.897435897435897     
 -0.236000000000000       0.904798014614642     
 -0.232000000000000       0.912155118493293     
 -0.228000000000000       0.919503993274485     
 -0.224000000000000       0.926841324765200     
 -0.220000000000000       0.934163701067616     
 -0.216000000000000       0.941467613514095     
 -0.212000000000000       0.948749457857453     
 -0.208000000000000       0.956005535727293     
 -0.204000000000000       0.963232056362836     
 -0.200000000000000       0.970425138632163     
 -0.196000000000000       0.977580813347237     
 -0.192000000000000       0.984695025883412     
 -0.188000000000000       0.991763639111380     
 -0.184000000000000       0.998782436648657     
 -0.180000000000000        1.00574712643678     
 -0.176000000000000        1.01265334464933     
 -0.172000000000000        1.01949665993475     
 -0.168000000000000        1.02627257799672     
 -0.164000000000000        1.03297654651346     
 -0.160000000000000        1.03960396039604     
 -0.156000000000000        1.04615016738403     
 -0.152000000000000        1.05261047397546     
 -0.148000000000000        1.05898015168630     
 -0.144000000000000        1.06525444363282     
 -0.140000000000000        1.07142857142857     
 -0.136000000000000        1.07749774238568     
 -0.132000000000000        1.08345715700842     
 -0.128000000000000        1.08930201676488     
 -0.124000000000000        1.09502753212081     
 -0.120000000000000        1.10062893081761     
 -0.116000000000000        1.10610146637452     
 -0.112000000000000        1.11144042679312     
 -0.108000000000000        1.11664114344053     
 -0.104000000000000        1.12169900008546     
 -0.100000000000000        1.12660944206009     
 -9.599999999999997E-002   1.13136798551849     
 -9.199999999999997E-002   1.13597022676129     
 -8.799999999999997E-002   1.14041185159440     
 -8.399999999999996E-002   1.14468864468864     
 -7.999999999999996E-002   1.14879649890591     
 -7.599999999999996E-002   1.15273142455647     
 -7.199999999999995E-002   1.15648955855141     
 -6.799999999999995E-002   1.16006717341347     
 -6.399999999999995E-002   1.16346068610939     
 -6.000000000000005E-002   1.16666666666667     
 -5.600000000000005E-002   1.16968184653774     
 -5.200000000000005E-002   1.17250312667500     
 -4.800000000000004E-002   1.17512758528069     
 -4.400000000000004E-002   1.17755248519648     
 -4.000000000000004E-002   1.17977528089888     
 -3.600000000000003E-002   1.18179362506753     
 -3.200000000000003E-002   1.18360537469564     
 -2.800000000000002E-002   1.18520859671302     
 -2.400000000000002E-002   1.18660157309466     
 -2.000000000000002E-002   1.18778280542986     
 -1.600000000000001E-002   1.18875101892944     
 -1.200000000000001E-002   1.18950516585101     
 -8.000000000000007E-003   1.19004442832532     
 -4.000000000000004E-003   1.19036822056956     
  0.000000000000000E+000   1.19047619047619     
  4.000000000000004E-003   1.19036822056956     
  8.000000000000007E-003   1.19004442832532     
  1.200000000000001E-002   1.18950516585101     
  1.600000000000001E-002   1.18875101892944     
  2.000000000000002E-002   1.18778280542986     
  2.400000000000002E-002   1.18660157309466     
  2.800000000000002E-002   1.18520859671302     
  3.200000000000003E-002   1.18360537469564     
  3.600000000000003E-002   1.18179362506753     
  4.000000000000004E-002   1.17977528089888     
  4.400000000000004E-002   1.17755248519648     
  4.800000000000004E-002   1.17512758528069     
  5.200000000000005E-002   1.17250312667500     
  5.600000000000005E-002   1.16968184653774     
  6.000000000000005E-002   1.16666666666667     
  6.400000000000006E-002   1.16346068610939     
  6.800000000000006E-002   1.16006717341347     
  7.200000000000006E-002   1.15648955855141     
  7.600000000000007E-002   1.15273142455647     
  8.000000000000007E-002   1.14879649890591     
  8.400000000000007E-002   1.14468864468864     
  8.800000000000008E-002   1.14041185159440     
  9.200000000000008E-002   1.13597022676129     
  9.600000000000009E-002   1.13136798551849     
  0.100000000000000        1.12660944206009     
  0.104000000000000        1.12169900008546     
  0.108000000000000        1.11664114344053     
  0.112000000000000        1.11144042679312     
  0.116000000000000        1.10610146637452     
  0.120000000000000        1.10062893081761     
  0.124000000000000        1.09502753212081     
  0.128000000000000        1.08930201676488     
  0.132000000000000        1.08345715700842     
  0.136000000000000        1.07749774238568     
  0.140000000000000        1.07142857142857     
  0.144000000000000        1.06525444363282     
  0.148000000000000        1.05898015168630     
  0.152000000000000        1.05261047397546     
  0.156000000000000        1.04615016738403     
  0.160000000000000        1.03960396039604     
  0.164000000000000        1.03297654651346     
  0.168000000000000        1.02627257799672     
  0.172000000000000        1.01949665993475     
  0.176000000000000        1.01265334464933     
  0.180000000000000        1.00574712643678     
  0.184000000000000       0.998782436648657     
  0.188000000000000       0.991763639111380     
  0.192000000000000       0.984695025883412     
  0.196000000000000       0.977580813347237     
  0.200000000000000       0.970425138632163     
  0.204000000000000       0.963232056362836     
  0.208000000000000       0.956005535727293     
  0.212000000000000       0.948749457857453     
  0.216000000000000       0.941467613514095     
  0.220000000000000       0.934163701067616     
  0.224000000000000       0.926841324765200     
  0.228000000000000       0.919503993274485     
  0.232000000000000       0.912155118493294     
  0.236000000000000       0.904798014614642     
  0.240000000000000       0.897435897435897     
  0.244000000000000       0.890071883900719     
  0.248000000000000       0.882708991862264     
  0.252000000000000       0.875350140056023     
  0.256000000000000       0.867998148270617     
  0.260000000000000       0.860655737704918     
  0.264000000000000       0.853325531499903     
  0.268000000000000       0.846010055433802     
  0.272000000000000       0.838711738769251     
  0.276000000000000       0.831432915241353     
  0.280000000000000       0.824175824175824     
  0.284000000000000       0.816942611726628     
  0.288000000000000       0.809735332222839     
  0.292000000000000       0.802555949614773     
  0.296000000000000       0.795406339009757     
  0.300000000000000       0.788288288288288     
  0.304000000000000       0.781203499791679     
  0.308000000000000       0.774153592072667     
  0.312000000000000       0.767140101700859     
  0.316000000000000       0.760164485115255     
  0.320000000000000       0.753228120516499     
  0.324000000000000       0.746332309791880     
  0.328000000000000       0.739478280466505     
  0.332000000000000       0.732667187674444     
  0.336000000000000       0.725900116144019     
  0.340000000000000       0.719178082191781     
  0.344000000000000       0.712502035720102     
  0.348000000000000       0.705872862213617     
  0.352000000000000       0.699291384730140     
  0.356000000000000       0.692758365881980     
  0.360000000000000       0.686274509803921     
  0.364000000000000       0.679840464104423     
  0.368000000000000       0.673456821796911     
  0.372000000000000       0.667124123208295     
  0.376000000000000       0.660842857862142     
  0.380000000000000       0.654613466334165     
  0.384000000000000       0.648436342077961     
  0.388000000000000       0.642311833219145     
  0.392000000000000       0.636240244316254     
  0.396000000000000       0.630221838087007     
  0.400000000000000       0.624256837098692     
  0.404000000000000       0.618345425421653     
  0.408000000000000       0.612487750244995     
  0.412000000000000       0.606683923453823     
  0.416000000000000       0.600934023167438     
  0.420000000000000       0.595238095238095     
  0.424000000000000       0.589596154710031     
  0.428000000000000       0.584008187238587     
  0.432000000000000       0.578474150469391     
  0.436000000000000       0.572993975377630     
  0.440000000000000       0.567567567567568     
  0.444000000000000       0.562194808532511     
  0.448000000000000       0.556875556875557     
  0.452000000000000       0.551609649491469     
  0.456000000000000       0.546396902710129     
  0.460000000000000       0.541237113402062     
  0.464000000000000       0.536130060046567     
  0.468000000000000       0.531075503763049     
  0.472000000000000       0.526073189306185     
  0.476000000000000       0.521122846025570     
  0.480000000000000       0.516224188790561     
  0.484000000000000       0.511376918881010     
  0.488000000000000       0.506580724844649     
  0.492000000000000       0.501835283321863     
  0.496000000000000       0.497140259838642     
  0.500000000000000       0.492495309568480     
  0.504000000000000       0.487900078064012     
  0.508000000000000       0.483354201959196     
  0.512000000000000       0.478857309642818     
  0.516000000000000       0.474409021904142     
  0.520000000000000       0.470008952551477     
  0.524000000000000       0.465656709004470     
  0.528000000000000       0.461351892860909     
  0.532000000000000       0.457094100438810     
  0.536000000000000       0.452882923294572     
  0.540000000000000       0.448717948717949     
  0.544000000000000       0.444598760204600     
  0.548000000000000       0.440524937906961     
  0.552000000000000       0.436496059064152     
  0.556000000000000       0.432511698411652     
  0.560000000000000       0.428571428571428     
  0.564000000000000       0.424674820423219     
  0.568000000000000       0.420821443457629     
  0.572000000000000       0.417010866111711     
  0.576000000000000       0.413242656087655     
  0.580000000000000       0.409516380655226     
  0.584000000000000       0.405831606938561     
  0.588000000000000       0.402187902187902     
  0.592000000000000       0.398584834036867     
  0.596000000000000       0.395021970745801     
  0.600000000000000       0.391498881431767     
  0.604000000000000       0.388015136285697     
  0.608000000000000       0.384570306777227     
  0.612000000000000       0.381163965847709     
  0.616000000000000       0.377795688091880     
  0.620000000000000       0.374465049928673     
  0.624000000000000       0.371171629761602     
  0.628000000000000       0.367915008129170     
  0.632000000000000       0.364694767845731     
  0.636000000000000       0.361510494133201     
  0.640000000000000       0.358361774744027     
  0.644000000000000       0.355248200075786     
  0.648000000000000       0.352169363277791     
  0.652000000000000       0.349124860350056     
  0.656000000000000       0.346114290234962     
  0.660000000000000       0.343137254901961     
  0.664000000000000       0.340193359425624     
  0.668000000000000       0.337282212057357     
  0.672000000000000       0.334403424291065     
  0.676000000000000       0.331556610923054     
  0.680000000000000       0.328741390106450     
  0.684000000000000       0.325957383400387     
  0.688000000000000       0.323204215814228     
  0.692000000000000       0.320481515847048     
  0.696000000000000       0.317788915522627     
  0.700000000000000       0.315126050420168     
  0.704000000000000       0.312492559700960     
  0.708000000000000       0.309888086131180     
  0.712000000000000       0.307312276101056     
  0.716000000000000       0.304764779640552     
  0.720000000000000       0.302245250431779     
  0.724000000000000       0.299753345818298     
  0.728000000000000       0.297288726811479     
  0.732000000000000       0.294851058094083     
  0.736000000000000       0.292440008021212     
  0.740000000000000       0.290055248618785     
  0.744000000000000       0.287696455579667     
  0.748000000000000       0.285363308257599     
  0.752000000000000       0.283055489659039     
  0.756000000000000       0.280772686433064     
  0.760000000000000       0.278514588859416     
  0.764000000000000       0.276280890834842     
  0.768000000000000       0.274071289857796     
  0.772000000000000       0.271885487011642     
  0.776000000000000       0.269723186946425     
  0.780000000000000       0.267584097859327     
  0.784000000000000       0.265467931473878     
  0.788000000000000       0.263374403018020     
  0.792000000000000       0.261303231201099     
  0.796000000000000       0.259254138189863     
  0.800000000000000       0.257226849583537     
  0.804000000000000       0.255221094388053     
  0.808000000000000       0.253236604989485     
  0.812000000000000       0.251273117126776     
  0.816000000000000       0.249330369863794     
  0.820000000000000       0.247408105560792     
  0.824000000000000       0.245506069845308     
  0.828000000000000       0.243624011582582     
  0.832000000000000       0.241761682845512     
  0.836000000000000       0.239918838884217     
  0.840000000000000       0.238095238095238     
  0.844000000000000       0.236290641990422     
  0.848000000000000       0.234504815165538     
  0.852000000000000       0.232737525268646     
  0.856000000000000       0.230988542968269     
  0.860000000000000       0.229257641921397     
  0.864000000000000       0.227544598741353     
  0.868000000000000       0.225849192965550     
  0.872000000000000       0.224171207023177     
  0.876000000000000       0.222510426202828     
  0.880000000000000       0.220866638620109     
  0.884000000000000       0.219239635185247     
  0.888000000000000       0.217629209570711     
  0.892000000000000       0.216035158178885     
  0.896000000000000       0.214457280109802     
  0.900000000000000       0.212895377128954     
  0.904000000000000       0.211349253635207     
  0.908000000000000       0.209818716628833     
  0.912000000000000       0.208303575679665     
  0.916000000000000       0.206803642895409     
  0.920000000000000       0.205318732890106     
  0.924000000000000       0.203848662752772     
  0.928000000000000       0.202393252016222     
  0.932000000000000       0.200952322626083     
  0.936000000000000       0.199525698910020     
  0.940000000000000       0.198113207547170     
  0.944000000000000       0.196714677537807     
  0.948000000000000       0.195329940173230     
  0.952000000000000       0.193958829005896     
  0.956000000000000       0.192601179819799     
  0.960000000000000       0.191256830601093     
  0.964000000000000       0.189925621508986     
  0.968000000000000       0.188607394846887     
  0.972000000000000       0.187301995033821     
  0.976000000000000       0.186009268576126     
  0.980000000000000       0.184729064039409     
  0.984000000000000       0.183461232020799     
  0.988000000000000       0.182205625121470     
  0.992000000000000       0.180962097919453     
  0.996000000000000       0.179730506942733     
