  -1.00000000000000       0.179989412387507     
 -0.996000000000000       0.181214881621912     
 -0.992000000000000       0.182452139584043     
 -0.988000000000000       0.183701326712593     
 -0.984000000000000       0.184962585333033     
 -0.980000000000000       0.186236059683180     
 -0.976000000000000       0.187521895939026     
 -0.972000000000000       0.188820242240821     
 -0.968000000000000       0.190131248719410     
 -0.964000000000000       0.191455067522824     
 -0.960000000000000       0.192791852843113     
 -0.956000000000000       0.194141760943428     
 -0.952000000000000       0.195504950185339     
 -0.948000000000000       0.196881581056379     
 -0.944000000000000       0.198271816197828     
 -0.940000000000000       0.199675820432709     
 -0.936000000000000       0.201093760794003     
 -0.932000000000000       0.202525806553068     
 -0.928000000000000       0.203972129248260     
 -0.924000000000000       0.205432902713744     
 -0.920000000000000       0.206908303108493     
 -0.916000000000000       0.208398508945445     
 -0.912000000000000       0.209903701120836     
 -0.908000000000000       0.211424062943680     
 -0.904000000000000       0.212959780165377     
 -0.900000000000000       0.214511041009464     
 -0.896000000000000       0.216078036201460     
 -0.892000000000000       0.217660958998821     
 -0.888000000000000       0.219260005220968     
 -0.884000000000000       0.220875373279381     
 -0.880000000000000       0.222507264207743     
 -0.876000000000000       0.224155881692108     
 -0.872000000000000       0.225821432101074     
 -0.868000000000000       0.227504124515952     
 -0.864000000000000       0.229204170760882     
 -0.860000000000000       0.230921785432910     
 -0.856000000000000       0.232657185931959     
 -0.852000000000000       0.234410592490698     
 -0.848000000000000       0.236182228204270     
 -0.844000000000000       0.237972319059847     
 -0.840000000000000       0.239781093965979     
 -0.836000000000000       0.241608784781716     
 -0.832000000000000       0.243455626345450     
 -0.828000000000000       0.245321856503454     
 -0.824000000000000       0.247207716138069     
 -0.820000000000000       0.249113449195510     
 -0.816000000000000       0.251039302713233     
 -0.812000000000000       0.252985526846824     
 -0.808000000000000       0.254952374896369     
 -0.804000000000000       0.256940103332241     
 -0.800000000000000       0.258948971820259     
 -0.796000000000000       0.260979243246164     
 -0.792000000000000       0.263031183739350     
 -0.788000000000000       0.265105062695788     
 -0.784000000000000       0.267201152800079     
 -0.780000000000000       0.269319730046576     
 -0.776000000000000       0.271461073759487     
 -0.772000000000000       0.273625466611899     
 -0.768000000000000       0.275813194643643     
 -0.764000000000000       0.278024547277911     
 -0.760000000000000       0.280259817336543     
 -0.756000000000000       0.282519301053897     
 -0.752000000000000       0.284803298089204     
 -0.748000000000000       0.287112111537313     
 -0.744000000000000       0.289446047937714     
 -0.740000000000000       0.291805417281747     
 -0.736000000000000       0.294190533017869     
 -0.732000000000000       0.296601712054871     
 -0.728000000000000       0.299039274762915     
 -0.724000000000000       0.301503544972269     
 -0.720000000000000       0.303994849969601     
 -0.716000000000000       0.306513520491691     
 -0.712000000000000       0.309059890716423     
 -0.708000000000000       0.311634298250888     
 -0.704000000000000       0.314237084116461     
 -0.700000000000000       0.316868592730662     
 -0.696000000000000       0.319529171885643     
 -0.692000000000000       0.322219172723124     
 -0.688000000000000       0.324938949705567     
 -0.684000000000000       0.327688860583425     
 -0.680000000000000       0.330469266358229     
 -0.676000000000000       0.333280531241325     
 -0.672000000000000       0.336123022608030     
 -0.668000000000000       0.338997110946975     
 -0.664000000000000       0.341903169804399     
 -0.660000000000000       0.344841575723153     
 -0.656000000000000       0.347812708176136     
 -0.652000000000000       0.350816949493916     
 -0.648000000000000       0.353854684786247     
 -0.644000000000000       0.356926301857193     
 -0.640000000000000       0.360032191113558     
 -0.636000000000000       0.363172745466322     
 -0.632000000000000       0.366348360224740     
 -0.628000000000000       0.369559432982788     
 -0.624000000000000       0.372806363497608     
 -0.620000000000000       0.376089553559577     
 -0.616000000000000       0.379409406853652     
 -0.612000000000000       0.382766328811587     
 -0.608000000000000       0.386160726454645     
 -0.604000000000000       0.389593008226371     
 -0.600000000000000       0.393063583815029     
 -0.596000000000000       0.396572863965243     
 -0.592000000000000       0.400121260278409     
 -0.588000000000000       0.403709185001396     
 -0.584000000000000       0.407337050803077     
 -0.580000000000000       0.411005270538175     
 -0.576000000000000       0.414714256997937     
 -0.572000000000000       0.418464422647098     
 -0.568000000000000       0.422256179346606     
 -0.564000000000000       0.426089938061561     
 -0.560000000000000       0.429966108553796     
 -0.556000000000000       0.433885099058520     
 -0.552000000000000       0.437847315944442     
 -0.548000000000000       0.441853163356753     
 -0.544000000000000       0.445903042842364     
 -0.540000000000000       0.449997352956747     
 -0.536000000000000       0.454136488851751     
 -0.532000000000000       0.458320841843722     
 -0.528000000000000       0.462550798961274     
 -0.524000000000000       0.466826742472007     
 -0.520000000000000       0.471149049387506     
 -0.516000000000000       0.475518090945912     
 -0.512000000000000       0.479934232071351     
 -0.508000000000000       0.484397830809526     
 -0.504000000000000       0.488909237738732     
 -0.500000000000000       0.493468795355588     
 -0.496000000000000       0.498076837434752     
 -0.492000000000000       0.502733688361892     
 -0.488000000000000       0.507439662439197     
 -0.484000000000000       0.512195063162690     
 -0.480000000000000       0.517000182470653     
 -0.476000000000000       0.521855299962426     
 -0.472000000000000       0.526760682086914     
 -0.468000000000000       0.531716581300091     
 -0.464000000000000       0.536723235190859     
 -0.460000000000000       0.541780865574606     
 -0.456000000000000       0.546889677553846     
 -0.452000000000000       0.552049858545342     
 -0.448000000000000       0.557261577273168     
 -0.444000000000000       0.562524982727174     
 -0.440000000000000       0.567840203086379     
 -0.436000000000000       0.573207344606861     
 -0.432000000000000       0.578626490473766     
 -0.428000000000000       0.584097699617107     
 -0.424000000000000       0.589621005491106     
 -0.420000000000000       0.595196414816889     
 -0.416000000000000       0.600823906288435     
 -0.412000000000000       0.606503429241742     
 -0.408000000000000       0.612234902287309     
 -0.404000000000000       0.618018211906084     
 -0.400000000000000       0.623853211009174     
 -0.396000000000000       0.629739717461719     
 -0.392000000000000       0.635677512571458     
 -0.388000000000000       0.641666339542650     
 -0.384000000000000       0.647705901896178     
 -0.380000000000000       0.653795861856780     
 -0.376000000000000       0.659935838708575     
 -0.372000000000000       0.666125407120175     
 -0.368000000000000       0.672364095440897     
 -0.364000000000000       0.678651383969775     
 -0.360000000000000       0.684986703199291     
 -0.356000000000000       0.691369432035945     
 -0.352000000000000       0.697798896000053     
 -0.348000000000000       0.704274365407369     
 -0.344000000000000       0.710795053535411     
 -0.340000000000000       0.717360114777618     
 -0.336000000000000       0.723968642788761     
 -0.332000000000000       0.730619668625300     
 -0.328000000000000       0.737312158884698     
 -0.324000000000000       0.744045013847991     
 -0.320000000000000       0.750817065630245     
 -0.316000000000000       0.757627076343852     
 -0.312000000000000       0.764473736279945     
 -0.308000000000000       0.771355662113551     
 -0.304000000000000       0.778271395138459     
 -0.300000000000000       0.785219399538106     
 -0.296000000000000       0.792198060699147     
 -0.292000000000000       0.799205683574725     
 -0.288000000000000       0.806240491104796     
 -0.284000000000000       0.813300622701230     
 -0.280000000000000       0.820384132805714     
 -0.276000000000000       0.827488989528857     
 -0.272000000000000       0.834613073379181     
 -0.268000000000000       0.841754176091012     
 -0.264000000000000       0.848909999560564     
 -0.260000000000000       0.856078154899788     
 -0.256000000000000       0.863256161617803     
 -0.252000000000000       0.870441446939937     
 -0.248000000000000       0.877631345274626     
 -0.244000000000000       0.884823097838533     
 -0.240000000000000       0.892013852450415     
 -0.236000000000000       0.899200663504301     
 -0.232000000000000       0.906380492132617     
 -0.228000000000000       0.913550206569823     
 -0.224000000000000       0.920706582727111     
 -0.220000000000000       0.927846304988538     
 -0.216000000000000       0.934965967238793     
 -0.212000000000000       0.942062074132527     
 -0.208000000000000       0.949131042614867     
 -0.204000000000000       0.956169203702287     
 -0.200000000000000       0.963172804532578     
 -0.196000000000000       0.970138010692062     
 -0.192000000000000       0.977060908827573     
 -0.188000000000000       0.983937509549982     
 -0.184000000000000       0.990763750635254     
 -0.180000000000000       0.997535500528107     
 -0.176000000000000        1.00424856215235     
 -0.172000000000000        1.01089867703095     
 -0.168000000000000        1.01748152971764     
 -0.164000000000000        1.02399275254071     
 -0.160000000000000        1.03042793065826     
 -0.156000000000000        1.03678260742288     
 -0.152000000000000        1.04305229005198     
 -0.148000000000000        1.04923245559895     
 -0.144000000000000        1.05531855721813     
 -0.140000000000000        1.06130603071545     
 -0.136000000000000        1.06719030137454     
 -0.132000000000000        1.07296679104666     
 -0.128000000000000        1.07863092549071     
 -0.124000000000000        1.08417814194826     
 -0.120000000000000        1.08960389693629     
 -0.116000000000000        1.09490367423911     
 -0.112000000000000        1.10007299307860     
 -0.108000000000000        1.10510741644088     
 -0.104000000000000        1.11000255953531     
 -0.100000000000000        1.11475409836066     
 -9.599999999999997E-002   1.11935777835136     
 -9.199999999999997E-002   1.12380942307591     
 -8.799999999999997E-002   1.12810494295771     
 -8.399999999999996E-002   1.13224034398794     
 -7.999999999999996E-002   1.13621173639888     
 -7.599999999999996E-002   1.14001534326533     
 -7.199999999999995E-002   1.14364750900118     
 -6.799999999999995E-002   1.14710470771772     
 -6.399999999999995E-002   1.15038355140996     
 -6.000000000000005E-002   1.15348079793730     
 -5.600000000000005E-002   1.15639335876492     
 -5.200000000000005E-002   1.15911830643270     
 -4.800000000000004E-002   1.16165288171914     
 -4.400000000000004E-002   1.16399450046834     
 -4.000000000000004E-002   1.16614076004939     
 -3.600000000000003E-002   1.16808944541862     
 -3.200000000000003E-002   1.16983853475659     
 -2.800000000000002E-002   1.17138620465357     
 -2.400000000000002E-002   1.17273083481879     
 -2.000000000000002E-002   1.17387101229112     
 -1.600000000000001E-002   1.17480553513083     
 -1.200000000000001E-002   1.17553341557457     
 -8.000000000000007E-003   1.17605388263812     
 -4.000000000000004E-003   1.17636638415421     
  0.000000000000000E+000   1.17647058823529     
  4.000000000000004E-003   1.17636638415421     
  8.000000000000007E-003   1.17605388263812     
  1.200000000000001E-002   1.17553341557457     
  1.600000000000001E-002   1.17480553513083     
  2.000000000000002E-002   1.17387101229112     
  2.400000000000002E-002   1.17273083481879     
  2.800000000000002E-002   1.17138620465357     
  3.200000000000003E-002   1.16983853475659     
  3.600000000000003E-002   1.16808944541862     
  4.000000000000004E-002   1.16614076004939     
  4.400000000000004E-002   1.16399450046834     
  4.800000000000004E-002   1.16165288171914     
  5.200000000000005E-002   1.15911830643270     
  5.600000000000005E-002   1.15639335876492     
  6.000000000000005E-002   1.15348079793730     
  6.400000000000006E-002   1.15038355140996     
  6.800000000000006E-002   1.14710470771772     
  7.200000000000006E-002   1.14364750900118     
  7.600000000000007E-002   1.14001534326533     
  8.000000000000007E-002   1.13621173639888     
  8.400000000000007E-002   1.13224034398794     
  8.800000000000008E-002   1.12810494295771     
  9.200000000000008E-002   1.12380942307591     
  9.600000000000009E-002   1.11935777835136     
  0.100000000000000        1.11475409836066     
  0.104000000000000        1.11000255953531     
  0.108000000000000        1.10510741644088     
  0.112000000000000        1.10007299307860     
  0.116000000000000        1.09490367423911     
  0.120000000000000        1.08960389693629     
  0.124000000000000        1.08417814194826     
  0.128000000000000        1.07863092549071     
  0.132000000000000        1.07296679104666     
  0.136000000000000        1.06719030137454     
  0.140000000000000        1.06130603071545     
  0.144000000000000        1.05531855721813     
  0.148000000000000        1.04923245559895     
  0.152000000000000        1.04305229005198     
  0.156000000000000        1.03678260742288     
  0.160000000000000        1.03042793065826     
  0.164000000000000        1.02399275254071     
  0.168000000000000        1.01748152971764     
  0.172000000000000        1.01089867703096     
  0.176000000000000        1.00424856215235     
  0.180000000000000       0.997535500528107     
  0.184000000000000       0.990763750635255     
  0.188000000000000       0.983937509549982     
  0.192000000000000       0.977060908827573     
  0.196000000000000       0.970138010692062     
  0.200000000000000       0.963172804532578     
  0.204000000000000       0.956169203702287     
  0.208000000000000       0.949131042614867     
  0.212000000000000       0.942062074132527     
  0.216000000000000       0.934965967238793     
  0.220000000000000       0.927846304988538     
  0.224000000000000       0.920706582727111     
  0.228000000000000       0.913550206569823     
  0.232000000000000       0.906380492132617     
  0.236000000000000       0.899200663504301     
  0.240000000000000       0.892013852450415     
  0.244000000000000       0.884823097838533     
  0.248000000000000       0.877631345274626     
  0.252000000000000       0.870441446939938     
  0.256000000000000       0.863256161617803     
  0.260000000000000       0.856078154899789     
  0.264000000000000       0.848909999560564     
  0.268000000000000       0.841754176091013     
  0.272000000000000       0.834613073379181     
  0.276000000000000       0.827488989528857     
  0.280000000000000       0.820384132805714     
  0.284000000000000       0.813300622701230     
  0.288000000000000       0.806240491104796     
  0.292000000000000       0.799205683574725     
  0.296000000000000       0.792198060699147     
  0.300000000000000       0.785219399538106     
  0.304000000000000       0.778271395138459     
  0.308000000000000       0.771355662113551     
  0.312000000000000       0.764473736279945     
  0.316000000000000       0.757627076343852     
  0.320000000000000       0.750817065630245     
  0.324000000000000       0.744045013847991     
  0.328000000000000       0.737312158884698     
  0.332000000000000       0.730619668625300     
  0.336000000000000       0.723968642788761     
  0.340000000000000       0.717360114777618     
  0.344000000000000       0.710795053535411     
  0.348000000000000       0.704274365407369     
  0.352000000000000       0.697798896000053     
  0.356000000000000       0.691369432035945     
  0.360000000000000       0.684986703199291     
  0.364000000000000       0.678651383969775     
  0.368000000000000       0.672364095440897     
  0.372000000000000       0.666125407120175     
  0.376000000000000       0.659935838708576     
  0.380000000000000       0.653795861856781     
  0.384000000000000       0.647705901896178     
  0.388000000000000       0.641666339542651     
  0.392000000000000       0.635677512571458     
  0.396000000000000       0.629739717461719     
  0.400000000000000       0.623853211009175     
  0.404000000000000       0.618018211906085     
  0.408000000000000       0.612234902287310     
  0.412000000000000       0.606503429241742     
  0.416000000000000       0.600823906288435     
  0.420000000000000       0.595196414816890     
  0.424000000000000       0.589621005491106     
  0.428000000000000       0.584097699617107     
  0.432000000000000       0.578626490473766     
  0.436000000000000       0.573207344606861     
  0.440000000000000       0.567840203086379     
  0.444000000000000       0.562524982727174     
  0.448000000000000       0.557261577273168     
  0.452000000000000       0.552049858545342     
  0.456000000000000       0.546889677553846     
  0.460000000000000       0.541780865574606     
  0.464000000000000       0.536723235190859     
  0.468000000000000       0.531716581300091     
  0.472000000000000       0.526760682086914     
  0.476000000000000       0.521855299962427     
  0.480000000000000       0.517000182470653     
  0.484000000000000       0.512195063162690     
  0.488000000000000       0.507439662439197     
  0.492000000000000       0.502733688361893     
  0.496000000000000       0.498076837434752     
  0.500000000000000       0.493468795355588     
  0.504000000000000       0.488909237738731     
  0.508000000000000       0.484397830809526     
  0.512000000000000       0.479934232071351     
  0.516000000000000       0.475518090945912     
  0.520000000000000       0.471149049387506     
  0.524000000000000       0.466826742472007     
  0.528000000000000       0.462550798961274     
  0.532000000000000       0.458320841843722     
  0.536000000000000       0.454136488851751     
  0.540000000000000       0.449997352956747     
  0.544000000000000       0.445903042842364     
  0.548000000000000       0.441853163356753     
  0.552000000000000       0.437847315944442     
  0.556000000000000       0.433885099058520     
  0.560000000000000       0.429966108553796     
  0.564000000000000       0.426089938061561     
  0.568000000000000       0.422256179346606     
  0.572000000000000       0.418464422647097     
  0.576000000000000       0.414714256997937     
  0.580000000000000       0.411005270538175     
  0.584000000000000       0.407337050803077     
  0.588000000000000       0.403709185001396     
  0.592000000000000       0.400121260278409     
  0.596000000000000       0.396572863965243     
  0.600000000000000       0.393063583815029     
  0.604000000000000       0.389593008226371     
  0.608000000000000       0.386160726454645     
  0.612000000000000       0.382766328811587     
  0.616000000000000       0.379409406853651     
  0.620000000000000       0.376089553559577     
  0.624000000000000       0.372806363497608     
  0.628000000000000       0.369559432982788     
  0.632000000000000       0.366348360224740     
  0.636000000000000       0.363172745466322     
  0.640000000000000       0.360032191113558     
  0.644000000000000       0.356926301857193     
  0.648000000000000       0.353854684786247     
  0.652000000000000       0.350816949493916     
  0.656000000000000       0.347812708176136     
  0.660000000000000       0.344841575723153     
  0.664000000000000       0.341903169804399     
  0.668000000000000       0.338997110946975     
  0.672000000000000       0.336123022608030     
  0.676000000000000       0.333280531241325     
  0.680000000000000       0.330469266358229     
  0.684000000000000       0.327688860583425     
  0.688000000000000       0.324938949705567     
  0.692000000000000       0.322219172723124     
  0.696000000000000       0.319529171885643     
  0.700000000000000       0.316868592730662     
  0.704000000000000       0.314237084116461     
  0.708000000000000       0.311634298250888     
  0.712000000000000       0.309059890716423     
  0.716000000000000       0.306513520491691     
  0.720000000000000       0.303994849969601     
  0.724000000000000       0.301503544972269     
  0.728000000000000       0.299039274762915     
  0.732000000000000       0.296601712054871     
  0.736000000000000       0.294190533017869     
  0.740000000000000       0.291805417281747     
  0.744000000000000       0.289446047937714     
  0.748000000000000       0.287112111537313     
  0.752000000000000       0.284803298089204     
  0.756000000000000       0.282519301053897     
  0.760000000000000       0.280259817336543     
  0.764000000000000       0.278024547277911     
  0.768000000000000       0.275813194643643     
  0.772000000000000       0.273625466611899     
  0.776000000000000       0.271461073759487     
  0.780000000000000       0.269319730046576     
  0.784000000000000       0.267201152800079     
  0.788000000000000       0.265105062695788     
  0.792000000000000       0.263031183739350     
  0.796000000000000       0.260979243246164     
  0.800000000000000       0.258948971820259     
  0.804000000000000       0.256940103332241     
  0.808000000000000       0.254952374896369     
  0.812000000000000       0.252985526846824     
  0.816000000000000       0.251039302713233     
  0.820000000000000       0.249113449195510     
  0.824000000000000       0.247207716138069     
  0.828000000000000       0.245321856503453     
  0.832000000000000       0.243455626345450     
  0.836000000000000       0.241608784781716     
  0.840000000000000       0.239781093965979     
  0.844000000000000       0.237972319059847     
  0.848000000000000       0.236182228204270     
  0.852000000000000       0.234410592490698     
  0.856000000000000       0.232657185931959     
  0.860000000000000       0.230921785432910     
  0.864000000000000       0.229204170760882     
  0.868000000000000       0.227504124515951     
  0.872000000000000       0.225821432101074     
  0.876000000000000       0.224155881692108     
  0.880000000000000       0.222507264207743     
  0.884000000000000       0.220875373279381     
  0.888000000000000       0.219260005220968     
  0.892000000000000       0.217660958998821     
  0.896000000000000       0.216078036201460     
  0.900000000000000       0.214511041009464     
  0.904000000000000       0.212959780165377     
  0.908000000000000       0.211424062943680     
  0.912000000000000       0.209903701120836     
  0.916000000000000       0.208398508945445     
  0.920000000000000       0.206908303108493     
  0.924000000000000       0.205432902713744     
  0.928000000000000       0.203972129248259     
  0.932000000000000       0.202525806553068     
  0.936000000000000       0.201093760794003     
  0.940000000000000       0.199675820432709     
  0.944000000000000       0.198271816197828     
  0.948000000000000       0.196881581056379     
  0.952000000000000       0.195504950185339     
  0.956000000000000       0.194141760943428     
  0.960000000000000       0.192791852843113     
  0.964000000000000       0.191455067522824     
  0.968000000000000       0.190131248719410     
  0.972000000000000       0.188820242240821     
  0.976000000000000       0.187521895939026     
  0.980000000000000       0.186236059683180     
  0.984000000000000       0.184962585333033     
  0.988000000000000       0.183701326712593     
  0.992000000000000       0.182452139584043     
  0.996000000000000       0.181214881621912     
