  -1.00000000000000       0.181449911384927     
 -0.996000000000000       0.182680837035099     
 -0.992000000000000       0.183923542555630     
 -0.988000000000000       0.185178167235695     
 -0.984000000000000       0.186444852214271     
 -0.980000000000000       0.187723740504671     
 -0.976000000000000       0.189014977019295     
 -0.972000000000000       0.190318708594616     
 -0.968000000000000       0.191635084016386     
 -0.964000000000000       0.192964254045069     
 -0.960000000000000       0.194306371441482     
 -0.956000000000000       0.195661590992650     
 -0.952000000000000       0.197030069537868     
 -0.948000000000000       0.198411965994958     
 -0.944000000000000       0.199807441386719     
 -0.940000000000000       0.201216658867571     
 -0.936000000000000       0.202639783750363     
 -0.932000000000000       0.204076983533360     
 -0.928000000000000       0.205528427927394     
 -0.924000000000000       0.206994288883155     
 -0.920000000000000       0.208474740618637     
 -0.916000000000000       0.209969959646704     
 -0.912000000000000       0.211480124802782     
 -0.908000000000000       0.213005417272659     
 -0.904000000000000       0.214546020620367     
 -0.900000000000000       0.216102120816162     
 -0.896000000000000       0.217673906264554     
 -0.892000000000000       0.219261567832390     
 -0.888000000000000       0.220865298876977     
 -0.884000000000000       0.222485295274205     
 -0.880000000000000       0.224121755446680     
 -0.876000000000000       0.225774880391819     
 -0.872000000000000       0.227444873709912     
 -0.868000000000000       0.229131941632102     
 -0.864000000000000       0.230836293048285     
 -0.860000000000000       0.232558139534884     
 -0.856000000000000       0.234297695382483     
 -0.852000000000000       0.236055177623287     
 -0.848000000000000       0.237830806058380     
 -0.844000000000000       0.239624803284755     
 -0.840000000000000       0.241437394722066     
 -0.836000000000000       0.243268808639098     
 -0.832000000000000       0.245119276179879     
 -0.828000000000000       0.246989031389434     
 -0.824000000000000       0.248878311239113     
 -0.820000000000000       0.250787355651464     
 -0.816000000000000       0.252716407524602     
 -0.812000000000000       0.254665712756028     
 -0.808000000000000       0.256635520265851     
 -0.804000000000000       0.258626082019352     
 -0.800000000000000       0.260637653048854     
 -0.796000000000000       0.262670491474815     
 -0.792000000000000       0.264724858526110     
 -0.788000000000000       0.266801018559423     
 -0.784000000000000       0.268899239077688     
 -0.780000000000000       0.271019790747510     
 -0.776000000000000       0.273162947415497     
 -0.772000000000000       0.275328986123419     
 -0.768000000000000       0.277518187122124     
 -0.764000000000000       0.279730833884121     
 -0.760000000000000       0.281967213114754     
 -0.756000000000000       0.284227614761857     
 -0.752000000000000       0.286512332023816     
 -0.748000000000000       0.288821661355930     
 -0.744000000000000       0.291155902474961     
 -0.740000000000000       0.293515358361775     
 -0.736000000000000       0.295900335261961     
 -0.732000000000000       0.298311142684301     
 -0.728000000000000       0.300748093396971     
 -0.724000000000000       0.303211503421354     
 -0.720000000000000       0.305701692023319     
 -0.716000000000000       0.308218981701828     
 -0.712000000000000       0.310763698174733     
 -0.708000000000000       0.313336170361605     
 -0.704000000000000       0.315936730363430     
 -0.700000000000000       0.318565713439028     
 -0.696000000000000       0.321223457977995     
 -0.692000000000000       0.323910305470016     
 -0.688000000000000       0.326626600470342     
 -0.684000000000000       0.329372690561251     
 -0.680000000000000       0.332148926309285     
 -0.676000000000000       0.334955661218055     
 -0.672000000000000       0.337793251676397     
 -0.668000000000000       0.340662056901655     
 -0.664000000000000       0.343562438877845     
 -0.660000000000000       0.346494762288477     
 -0.656000000000000       0.349459394443758     
 -0.652000000000000       0.352456705201933     
 -0.648000000000000       0.355487066884478     
 -0.644000000000000       0.358550854184872     
 -0.640000000000000       0.361648444070648     
 -0.636000000000000       0.364780215678423     
 -0.632000000000000       0.367946550201601     
 -0.628000000000000       0.371147830770399     
 -0.624000000000000       0.374384442323900     
 -0.620000000000000       0.377656771473740     
 -0.616000000000000       0.380965206359107     
 -0.612000000000000       0.384310136492661     
 -0.608000000000000       0.387691952596995     
 -0.604000000000000       0.391111046431248     
 -0.600000000000000       0.394567810607451     
 -0.596000000000000       0.398062638396196     
 -0.592000000000000       0.401595923521193     
 -0.588000000000000       0.405168059942259     
 -0.584000000000000       0.408779441626296     
 -0.580000000000000       0.412430462305774     
 -0.576000000000000       0.416121515224241     
 -0.572000000000000       0.419852992868358     
 -0.568000000000000       0.423625286685950     
 -0.564000000000000       0.427438786789557     
 -0.560000000000000       0.431293881644935     
 -0.556000000000000       0.435190957743970     
 -0.552000000000000       0.439130399261444     
 -0.548000000000000       0.443112587695073     
 -0.544000000000000       0.447137901488241     
 -0.540000000000000       0.451206715634837     
 -0.536000000000000       0.455319401265576     
 -0.532000000000000       0.459476325215206     
 -0.528000000000000       0.463677849569966     
 -0.524000000000000       0.467924331194665     
 -0.520000000000000       0.472216121238744     
 -0.516000000000000       0.476553564620663     
 -0.512000000000000       0.480936999489983     
 -0.508000000000000       0.485366756666456     
 -0.504000000000000       0.489843159055491     
 -0.500000000000000       0.494366521039319     
 -0.496000000000000       0.498937147843199     
 -0.492000000000000       0.503555334876008     
 -0.488000000000000       0.508221367044563     
 -0.484000000000000       0.512935518041016     
 -0.480000000000000       0.517698049602697     
 -0.476000000000000       0.522509210743761     
 -0.472000000000000       0.527369236958036     
 -0.468000000000000       0.532278349392460     
 -0.464000000000000       0.537236753990545     
 -0.460000000000000       0.542244640605296     
 -0.456000000000000       0.547302182081072     
 -0.452000000000000       0.552409533303871     
 -0.448000000000000       0.557566830219604     
 -0.444000000000000       0.562774188819902     
 -0.440000000000000       0.568031704095112     
 -0.436000000000000       0.573339448954122     
 -0.432000000000000       0.578697473110754     
 -0.428000000000000       0.584105801936514     
 -0.424000000000000       0.589564435279536     
 -0.420000000000000       0.595073346249654     
 -0.416000000000000       0.600632479969605     
 -0.412000000000000       0.606241752292440     
 -0.408000000000000       0.611901048485331     
 -0.404000000000000       0.617610221880063     
 -0.400000000000000       0.623369092490577     
 -0.396000000000000       0.629177445598099     
 -0.392000000000000       0.635035030304462     
 -0.388000000000000       0.640941558054399     
 -0.384000000000000       0.646896701127706     
 -0.380000000000000       0.652900091102338     
 -0.376000000000000       0.658951317289657     
 -0.372000000000000       0.665049925143218     
 -0.368000000000000       0.671195414642674     
 -0.364000000000000       0.677387238654551     
 -0.360000000000000       0.683624801271860     
 -0.356000000000000       0.689907456134721     
 -0.352000000000000       0.696234504734395     
 -0.348000000000000       0.702605194703337     
 -0.344000000000000       0.709018718094158     
 -0.340000000000000       0.715474209650582     
 -0.336000000000000       0.721970745073809     
 -0.332000000000000       0.728507339287893     
 -0.328000000000000       0.735082944708087     
 -0.324000000000000       0.741696449516345     
 -0.320000000000000       0.748346675948486     
 -0.316000000000000       0.755032378597817     
 -0.312000000000000       0.761752242740324     
 -0.308000000000000       0.768504882686836     
 -0.304000000000000       0.775288840167895     
 -0.300000000000000       0.782102582757366     
 -0.296000000000000       0.788944502341147     
 -0.292000000000000       0.795812913637642     
 -0.288000000000000       0.802706052776989     
 -0.284000000000000       0.809622075946316     
 -0.280000000000000       0.816559058108621     
 -0.276000000000000       0.823514991803153     
 -0.272000000000000       0.830487786035444     
 -0.268000000000000       0.837475265265421     
 -0.264000000000000       0.844475168502254     
 -0.260000000000000       0.851485148514851     
 -0.256000000000000       0.858502771167085     
 -0.252000000000000       0.865525514887039     
 -0.248000000000000       0.872550770279703     
 -0.244000000000000       0.879575839892651     
 -0.240000000000000       0.886597938144330     
 -0.236000000000000       0.893614191424629     
 -0.232000000000000       0.900621638377373     
 -0.228000000000000       0.907617230374360     
 -0.224000000000000       0.914597832190441     
 -0.220000000000000       0.921560222888984     
 -0.216000000000000       0.928501096926877     
 -0.212000000000000       0.935417065487896     
 -0.208000000000000       0.942304658052979     
 -0.204000000000000       0.949160324215508     
 -0.200000000000000       0.955980435749222     
 -0.196000000000000       0.962761288935858     
 -0.192000000000000       0.969499107158962     
 -0.188000000000000       0.976190043769637     
 -0.184000000000000       0.982830185229205     
 -0.180000000000000       0.989415554532904     
 -0.176000000000000       0.995942114917823     
 -0.172000000000000        1.00240577385726     
 -0.168000000000000        1.00880238734258     
 -0.164000000000000        1.01512776445259     
 -0.160000000000000        1.02137767220903     
 -0.156000000000000        1.02754784071575     
 -0.152000000000000        1.03363396857753     
 -0.148000000000000        1.03963172859326     
 -0.144000000000000        1.04553677371666     
 -0.140000000000000        1.05134474327628     
 -0.136000000000000        1.05705126944483     
 -0.132000000000000        1.06265198394654     
 -0.128000000000000        1.06814252498957     
 -0.124000000000000        1.07351854440872     
 -0.120000000000000        1.07877571500251     
 -0.116000000000000        1.08390973804674     
 -0.112000000000000        1.08891635096534     
 -0.108000000000000        1.09379133513767     
 -0.104000000000000        1.09853052382023     
 -0.100000000000000        1.10312981015906     
 -9.599999999999997E-002   1.10758515526798     
 -9.199999999999997E-002   1.11189259634679     
 -8.799999999999997E-002   1.11604825481198     
 -8.399999999999996E-002   1.12004834441226     
 -7.999999999999996E-002   1.12388917929953     
 -7.599999999999996E-002   1.12756718202605     
 -7.199999999999995E-002   1.13107889143747     
 -6.799999999999995E-002   1.13442097043119     
 -6.399999999999995E-002   1.13759021354949     
 -6.000000000000005E-002   1.14058355437666     
 -5.600000000000005E-002   1.14339807270948     
 -5.200000000000005E-002   1.14603100147118     
 -4.800000000000004E-002   1.14847973333903     
 -4.400000000000004E-002   1.15074182705688     
 -4.000000000000004E-002   1.15281501340483     
 -3.600000000000003E-002   1.15469720079916     
 -3.200000000000003E-002   1.15638648049741     
 -2.800000000000002E-002   1.15788113138450     
 -2.400000000000002E-002   1.15917962431797     
 -2.000000000000002E-002   1.16028062601187     
 -1.600000000000001E-002   1.16118300244118     
 -1.200000000000001E-002   1.16188582175050     
 -8.000000000000007E-003   1.16238835665319     
 -4.000000000000004E-003   1.16269008630946     
  0.000000000000000E+000   1.16279069767442     
  4.000000000000004E-003   1.16269008630946     
  8.000000000000007E-003   1.16238835665319     
  1.200000000000001E-002   1.16188582175050     
  1.600000000000001E-002   1.16118300244118     
  2.000000000000002E-002   1.16028062601187     
  2.400000000000002E-002   1.15917962431797     
  2.800000000000002E-002   1.15788113138450     
  3.200000000000003E-002   1.15638648049741     
  3.600000000000003E-002   1.15469720079916     
  4.000000000000004E-002   1.15281501340483     
  4.400000000000004E-002   1.15074182705688     
  4.800000000000004E-002   1.14847973333903     
  5.200000000000005E-002   1.14603100147118     
  5.600000000000005E-002   1.14339807270948     
  6.000000000000005E-002   1.14058355437666     
  6.400000000000006E-002   1.13759021354949     
  6.800000000000006E-002   1.13442097043119     
  7.200000000000006E-002   1.13107889143747     
  7.600000000000007E-002   1.12756718202605     
  8.000000000000007E-002   1.12388917929953     
  8.400000000000007E-002   1.12004834441226     
  8.800000000000008E-002   1.11604825481198     
  9.200000000000008E-002   1.11189259634679     
  9.600000000000009E-002   1.10758515526798     
  0.100000000000000        1.10312981015906     
  0.104000000000000        1.09853052382023     
  0.108000000000000        1.09379133513766     
  0.112000000000000        1.08891635096534     
  0.116000000000000        1.08390973804674     
  0.120000000000000        1.07877571500251     
  0.124000000000000        1.07351854440872     
  0.128000000000000        1.06814252498957     
  0.132000000000000        1.06265198394654     
  0.136000000000000        1.05705126944483     
  0.140000000000000        1.05134474327628     
  0.144000000000000        1.04553677371666     
  0.148000000000000        1.03963172859326     
  0.152000000000000        1.03363396857753     
  0.156000000000000        1.02754784071575     
  0.160000000000000        1.02137767220903     
  0.164000000000000        1.01512776445259     
  0.168000000000000        1.00880238734258     
  0.172000000000000        1.00240577385726     
  0.176000000000000       0.995942114917823     
  0.180000000000000       0.989415554532904     
  0.184000000000000       0.982830185229205     
  0.188000000000000       0.976190043769637     
  0.192000000000000       0.969499107158962     
  0.196000000000000       0.962761288935858     
  0.200000000000000       0.955980435749222     
  0.204000000000000       0.949160324215508     
  0.208000000000000       0.942304658052980     
  0.212000000000000       0.935417065487896     
  0.216000000000000       0.928501096926877     
  0.220000000000000       0.921560222888984     
  0.224000000000000       0.914597832190441     
  0.228000000000000       0.907617230374360     
  0.232000000000000       0.900621638377373     
  0.236000000000000       0.893614191424629     
  0.240000000000000       0.886597938144330     
  0.244000000000000       0.879575839892651     
  0.248000000000000       0.872550770279703     
  0.252000000000000       0.865525514887039     
  0.256000000000000       0.858502771167085     
  0.260000000000000       0.851485148514852     
  0.264000000000000       0.844475168502255     
  0.268000000000000       0.837475265265421     
  0.272000000000000       0.830487786035444     
  0.276000000000000       0.823514991803153     
  0.280000000000000       0.816559058108621     
  0.284000000000000       0.809622075946316     
  0.288000000000000       0.802706052776990     
  0.292000000000000       0.795812913637642     
  0.296000000000000       0.788944502341147     
  0.300000000000000       0.782102582757366     
  0.304000000000000       0.775288840167895     
  0.308000000000000       0.768504882686836     
  0.312000000000000       0.761752242740324     
  0.316000000000000       0.755032378597817     
  0.320000000000000       0.748346675948486     
  0.324000000000000       0.741696449516345     
  0.328000000000000       0.735082944708087     
  0.332000000000000       0.728507339287893     
  0.336000000000000       0.721970745073809     
  0.340000000000000       0.715474209650582     
  0.344000000000000       0.709018718094158     
  0.348000000000000       0.702605194703337     
  0.352000000000000       0.696234504734395     
  0.356000000000000       0.689907456134721     
  0.360000000000000       0.683624801271860     
  0.364000000000000       0.677387238654551     
  0.368000000000000       0.671195414642674     
  0.372000000000000       0.665049925143218     
  0.376000000000000       0.658951317289657     
  0.380000000000000       0.652900091102338     
  0.384000000000000       0.646896701127707     
  0.388000000000000       0.640941558054400     
  0.392000000000000       0.635035030304463     
  0.396000000000000       0.629177445598099     
  0.400000000000000       0.623369092490577     
  0.404000000000000       0.617610221880063     
  0.408000000000000       0.611901048485332     
  0.412000000000000       0.606241752292440     
  0.416000000000000       0.600632479969605     
  0.420000000000000       0.595073346249654     
  0.424000000000000       0.589564435279536     
  0.428000000000000       0.584105801936515     
  0.432000000000000       0.578697473110755     
  0.436000000000000       0.573339448954122     
  0.440000000000000       0.568031704095112     
  0.444000000000000       0.562774188819902     
  0.448000000000000       0.557566830219604     
  0.452000000000000       0.552409533303872     
  0.456000000000000       0.547302182081072     
  0.460000000000000       0.542244640605296     
  0.464000000000000       0.537236753990545     
  0.468000000000000       0.532278349392460     
  0.472000000000000       0.527369236958036     
  0.476000000000000       0.522509210743762     
  0.480000000000000       0.517698049602697     
  0.484000000000000       0.512935518041016     
  0.488000000000000       0.508221367044563     
  0.492000000000000       0.503555334876008     
  0.496000000000000       0.498937147843199     
  0.500000000000000       0.494366521039319     
  0.504000000000000       0.489843159055491     
  0.508000000000000       0.485366756666456     
  0.512000000000000       0.480936999489983     
  0.516000000000000       0.476553564620663     
  0.520000000000000       0.472216121238744     
  0.524000000000000       0.467924331194665     
  0.528000000000000       0.463677849569966     
  0.532000000000000       0.459476325215206     
  0.536000000000000       0.455319401265576     
  0.540000000000000       0.451206715634837     
  0.544000000000000       0.447137901488241     
  0.548000000000000       0.443112587695073     
  0.552000000000000       0.439130399261444     
  0.556000000000000       0.435190957743970     
  0.560000000000000       0.431293881644935     
  0.564000000000000       0.427438786789557     
  0.568000000000000       0.423625286685950     
  0.572000000000000       0.419852992868357     
  0.576000000000000       0.416121515224241     
  0.580000000000000       0.412430462305774     
  0.584000000000000       0.408779441626296     
  0.588000000000000       0.405168059942259     
  0.592000000000000       0.401595923521193     
  0.596000000000000       0.398062638396196     
  0.600000000000000       0.394567810607451     
  0.604000000000000       0.391111046431248     
  0.608000000000000       0.387691952596995     
  0.612000000000000       0.384310136492660     
  0.616000000000000       0.380965206359107     
  0.620000000000000       0.377656771473740     
  0.624000000000000       0.374384442323900     
  0.628000000000000       0.371147830770399     
  0.632000000000000       0.367946550201600     
  0.636000000000000       0.364780215678423     
  0.640000000000000       0.361648444070648     
  0.644000000000000       0.358550854184872     
  0.648000000000000       0.355487066884478     
  0.652000000000000       0.352456705201933     
  0.656000000000000       0.349459394443758     
  0.660000000000000       0.346494762288477     
  0.664000000000000       0.343562438877845     
  0.668000000000000       0.340662056901655     
  0.672000000000000       0.337793251676397     
  0.676000000000000       0.334955661218055     
  0.680000000000000       0.332148926309285     
  0.684000000000000       0.329372690561251     
  0.688000000000000       0.326626600470342     
  0.692000000000000       0.323910305470016     
  0.696000000000000       0.321223457977995     
  0.700000000000000       0.318565713439028     
  0.704000000000000       0.315936730363430     
  0.708000000000000       0.313336170361605     
  0.712000000000000       0.310763698174733     
  0.716000000000000       0.308218981701828     
  0.720000000000000       0.305701692023319     
  0.724000000000000       0.303211503421354     
  0.728000000000000       0.300748093396971     
  0.732000000000000       0.298311142684301     
  0.736000000000000       0.295900335261961     
  0.740000000000000       0.293515358361775     
  0.744000000000000       0.291155902474961     
  0.748000000000000       0.288821661355930     
  0.752000000000000       0.286512332023816     
  0.756000000000000       0.284227614761857     
  0.760000000000000       0.281967213114754     
  0.764000000000000       0.279730833884121     
  0.768000000000000       0.277518187122124     
  0.772000000000000       0.275328986123419     
  0.776000000000000       0.273162947415497     
  0.780000000000000       0.271019790747510     
  0.784000000000000       0.268899239077688     
  0.788000000000000       0.266801018559423     
  0.792000000000000       0.264724858526110     
  0.796000000000000       0.262670491474815     
  0.800000000000000       0.260637653048854     
  0.804000000000000       0.258626082019352     
  0.808000000000000       0.256635520265851     
  0.812000000000000       0.254665712756028     
  0.816000000000000       0.252716407524602     
  0.820000000000000       0.250787355651464     
  0.824000000000000       0.248878311239113     
  0.828000000000000       0.246989031389434     
  0.832000000000000       0.245119276179879     
  0.836000000000000       0.243268808639098     
  0.840000000000000       0.241437394722066     
  0.844000000000000       0.239624803284754     
  0.848000000000000       0.237830806058380     
  0.852000000000000       0.236055177623287     
  0.856000000000000       0.234297695382483     
  0.860000000000000       0.232558139534884     
  0.864000000000000       0.230836293048284     
  0.868000000000000       0.229131941632101     
  0.872000000000000       0.227444873709911     
  0.876000000000000       0.225774880391819     
  0.880000000000000       0.224121755446680     
  0.884000000000000       0.222485295274205     
  0.888000000000000       0.220865298876977     
  0.892000000000000       0.219261567832390     
  0.896000000000000       0.217673906264554     
  0.900000000000000       0.216102120816162     
  0.904000000000000       0.214546020620367     
  0.908000000000000       0.213005417272659     
  0.912000000000000       0.211480124802782     
  0.916000000000000       0.209969959646704     
  0.920000000000000       0.208474740618637     
  0.924000000000000       0.206994288883155     
  0.928000000000000       0.205528427927394     
  0.932000000000000       0.204076983533360     
  0.936000000000000       0.202639783750363     
  0.940000000000000       0.201216658867571     
  0.944000000000000       0.199807441386719     
  0.948000000000000       0.198411965994958     
  0.952000000000000       0.197030069537868     
  0.956000000000000       0.195661590992650     
  0.960000000000000       0.194306371441482     
  0.964000000000000       0.192964254045069     
  0.968000000000000       0.191635084016386     
  0.972000000000000       0.190318708594616     
  0.976000000000000       0.189014977019295     
  0.980000000000000       0.187723740504671     
  0.984000000000000       0.186444852214271     
  0.988000000000000       0.185178167235695     
  0.992000000000000       0.183923542555630     
  0.996000000000000       0.182680837035098     
