  -1.00000000000000       0.182892219722929     
 -0.996000000000000       0.184128387009933     
 -0.992000000000000       0.185376322457638     
 -0.988000000000000       0.186636164167744     
 -0.984000000000000       0.187908052054418     
 -0.980000000000000       0.189192127867783     
 -0.976000000000000       0.190488535217608     
 -0.972000000000000       0.191797419597199     
 -0.968000000000000       0.193118928407484     
 -0.964000000000000       0.194453210981287     
 -0.960000000000000       0.195800418607792     
 -0.956000000000000       0.197160704557177     
 -0.952000000000000       0.198534224105432     
 -0.948000000000000       0.199921134559332     
 -0.944000000000000       0.201321595281577     
 -0.940000000000000       0.202735767716077     
 -0.936000000000000       0.204163815413382     
 -0.932000000000000       0.205605904056250     
 -0.928000000000000       0.207062201485326     
 -0.924000000000000       0.208532877724949     
 -0.920000000000000       0.210018105009053     
 -0.916000000000000       0.211518057807156     
 -0.912000000000000       0.213032912850439     
 -0.908000000000000       0.214562849157878     
 -0.904000000000000       0.216108048062430     
 -0.900000000000000       0.217668693237259     
 -0.896000000000000       0.219244970721976     
 -0.892000000000000       0.220837068948887     
 -0.888000000000000       0.222445178769219     
 -0.884000000000000       0.224069493479320     
 -0.880000000000000       0.225710208846802     
 -0.876000000000000       0.227367523136606     
 -0.872000000000000       0.229041637136969     
 -0.868000000000000       0.230732754185280     
 -0.864000000000000       0.232441080193776     
 -0.860000000000000       0.234166823675073     
 -0.856000000000000       0.235910195767500     
 -0.852000000000000       0.237671410260193     
 -0.848000000000000       0.239450683617940     
 -0.844000000000000       0.241248235005729     
 -0.840000000000000       0.243064286312966     
 -0.836000000000000       0.244899062177338     
 -0.832000000000000       0.246752790008271     
 -0.828000000000000       0.248625700009945     
 -0.824000000000000       0.250518025203841     
 -0.820000000000000       0.252430001450747     
 -0.816000000000000       0.254361867472204     
 -0.812000000000000       0.256313864871330     
 -0.808000000000000       0.258286238152974     
 -0.804000000000000       0.260279234743149     
 -0.800000000000000       0.262293105007688     
 -0.796000000000000       0.264328102270062     
 -0.792000000000000       0.266384482828305     
 -0.788000000000000       0.268462505970976     
 -0.784000000000000       0.270562433992096     
 -0.780000000000000       0.272684532204984     
 -0.776000000000000       0.274829068954929     
 -0.772000000000000       0.276996315630616     
 -0.768000000000000       0.279186546674214     
 -0.764000000000000       0.281400039590075     
 -0.760000000000000       0.283637074951912     
 -0.756000000000000       0.285897936408412     
 -0.752000000000000       0.288182910687147     
 -0.748000000000000       0.290492287596714     
 -0.744000000000000       0.292826360026980     
 -0.740000000000000       0.295185423947342     
 -0.736000000000000       0.297569778402864     
 -0.732000000000000       0.299979725508207     
 -0.728000000000000       0.302415570439191     
 -0.724000000000000       0.304877621421893     
 -0.720000000000000       0.307366189719131     
 -0.716000000000000       0.309881589614194     
 -0.712000000000000       0.312424138391684     
 -0.708000000000000       0.314994156315307     
 -0.704000000000000       0.317591966602467     
 -0.700000000000000       0.320217895395488     
 -0.696000000000000       0.322872271729304     
 -0.692000000000000       0.325555427495439     
 -0.688000000000000       0.328267697402082     
 -0.684000000000000       0.331009418930086     
 -0.680000000000000       0.333780932284673     
 -0.676000000000000       0.336582580342649     
 -0.672000000000000       0.339414708594917     
 -0.668000000000000       0.342277665084059     
 -0.664000000000000       0.345171800336761     
 -0.660000000000000       0.348097467290842     
 -0.656000000000000       0.351055021216636     
 -0.652000000000000       0.354044819632477     
 -0.648000000000000       0.357067222214014     
 -0.644000000000000       0.360122590697081     
 -0.640000000000000       0.363211288773849     
 -0.636000000000000       0.366333681981941     
 -0.632000000000000       0.369490137586236     
 -0.628000000000000       0.372681024453016     
 -0.624000000000000       0.375906712916155     
 -0.620000000000000       0.379167574634997     
 -0.616000000000000       0.382463982443584     
 -0.612000000000000       0.385796310190876     
 -0.608000000000000       0.389164932571584     
 -0.604000000000000       0.392570224947251     
 -0.600000000000000       0.396012563157176     
 -0.596000000000000       0.399492323318780     
 -0.592000000000000       0.403009881617005     
 -0.588000000000000       0.406565614082311     
 -0.584000000000000       0.410159896356837     
 -0.580000000000000       0.413793103448276     
 -0.576000000000000       0.417465609470999     
 -0.572000000000000       0.421177787373961     
 -0.568000000000000       0.424930008654896     
 -0.564000000000000       0.428722643060311     
 -0.560000000000000       0.432556058270770     
 -0.556000000000000       0.436430619570954     
 -0.552000000000000       0.440346689503957     
 -0.548000000000000       0.444304627509300     
 -0.544000000000000       0.448304789544089     
 -0.540000000000000       0.452347527686788     
 -0.536000000000000       0.456433189723013     
 -0.532000000000000       0.460562118712798     
 -0.528000000000000       0.464734652538733     
 -0.524000000000000       0.468951123434404     
 -0.520000000000000       0.473211857492521     
 -0.516000000000000       0.477517174152160     
 -0.512000000000000       0.481867385664501     
 -0.508000000000000       0.486262796536468     
 -0.504000000000000       0.490703702951667     
 -0.500000000000000       0.495190392168023     
 -0.496000000000000       0.499723141891504     
 -0.492000000000000       0.504302219625356     
 -0.488000000000000       0.508927881994248     
 -0.484000000000000       0.513600374042755     
 -0.480000000000000       0.518319928507596     
 -0.476000000000000       0.523086765063095     
 -0.472000000000000       0.527901089539306     
 -0.468000000000000       0.532763093112292     
 -0.464000000000000       0.537672951466055     
 -0.460000000000000       0.542630823925653     
 -0.456000000000000       0.547636852561052     
 -0.452000000000000       0.552691161261305     
 -0.448000000000000       0.557793854778690     
 -0.444000000000000       0.562945017742474     
 -0.440000000000000       0.568144713642003     
 -0.436000000000000       0.573392983778910     
 -0.432000000000000       0.578689846188230     
 -0.428000000000000       0.584035294528328     
 -0.424000000000000       0.589429296939575     
 -0.420000000000000       0.594871794871795     
 -0.416000000000000       0.600362701880584     
 -0.412000000000000       0.605901902392686     
 -0.408000000000000       0.611489250440694     
 -0.404000000000000       0.617124568367471     
 -0.400000000000000       0.622807645500752     
 -0.396000000000000       0.628538236798529     
 -0.392000000000000       0.634316061465955     
 -0.388000000000000       0.640140801544579     
 -0.384000000000000       0.646012100474930     
 -0.380000000000000       0.651929561633571     
 -0.376000000000000       0.657892746845896     
 -0.372000000000000       0.663901174876148     
 -0.368000000000000       0.669954319896257     
 -0.364000000000000       0.676051609935317     
 -0.360000000000000       0.682192425311691     
 -0.356000000000000       0.688376097049952     
 -0.352000000000000       0.694601905285042     
 -0.348000000000000       0.700869077656294     
 -0.344000000000000       0.707176787694148     
 -0.340000000000000       0.713524153202657     
 -0.336000000000000       0.719910234641087     
 -0.332000000000000       0.726334033508210     
 -0.328000000000000       0.732794490733098     
 -0.324000000000000       0.739290485076529     
 -0.320000000000000       0.745820831547364     
 -0.316000000000000       0.752384279838523     
 -0.312000000000000       0.758979512787496     
 -0.308000000000000       0.765605144866573     
 -0.304000000000000       0.772259720708277     
 -0.300000000000000       0.778941713671770     
 -0.296000000000000       0.785649524456276     
 -0.292000000000000       0.792381479767859     
 -0.288000000000000       0.799135831046151     
 -0.284000000000000       0.805910753257917     
 -0.280000000000000       0.812704343764596     
 -0.276000000000000       0.819514621271208     
 -0.272000000000000       0.826339524864271     
 -0.268000000000000       0.833176913146574     
 -0.264000000000000       0.840024563476890     
 -0.260000000000000       0.846880171322885     
 -0.256000000000000       0.853741349735634     
 -0.252000000000000       0.860605628954334     
 -0.248000000000000       0.867470456149867     
 -0.244000000000000       0.874333195315986     
 -0.240000000000000       0.881191127316925     
 -0.236000000000000       0.888041450100236     
 -0.232000000000000       0.894881279083642     
 -0.228000000000000       0.901707647724587     
 -0.224000000000000       0.908517508281085     
 -0.220000000000000       0.915307732772225     
 -0.216000000000000       0.922075114146540     
 -0.212000000000000       0.928816367666087     
 -0.208000000000000       0.935528132513796     
 -0.204000000000000       0.942206973631201     
 -0.200000000000000       0.948849383793216     
 -0.196000000000000       0.955451785926085     
 -0.192000000000000       0.962010535674005     
 -0.188000000000000       0.968521924219282     
 -0.184000000000000       0.974982181360134     
 -0.180000000000000       0.981387478849408     
 -0.176000000000000       0.987733933996667     
 -0.172000000000000       0.994017613535092     
 -0.168000000000000        1.00023453775368     
 -0.164000000000000        1.00638068489411     
 -0.160000000000000        1.01245199581054     
 -0.156000000000000        1.01844437888940     
 -0.152000000000000        1.02435371522496     
 -0.148000000000000        1.03017586404520     
 -0.144000000000000        1.03590666838127     
 -0.140000000000000        1.04154196097211     
 -0.136000000000000        1.04707757039490     
 -0.132000000000000        1.05250932741025     
 -0.128000000000000        1.05783307150952     
 -0.124000000000000        1.06304465765074     
 -0.120000000000000        1.06813996316759     
 -0.116000000000000        1.07311489483474     
 -0.112000000000000        1.07796539607175     
 -0.108000000000000        1.08268745426579     
 -0.104000000000000        1.08727710819282     
 -0.100000000000000        1.09173045551512     
 -9.599999999999997E-002   1.09604366033229     
 -9.199999999999997E-002   1.10021296076160     
 -8.799999999999997E-002   1.10423467652270     
 -8.399999999999996E-002   1.10810521650083     
 -7.999999999999996E-002   1.11182108626198     
 -7.599999999999996E-002   1.11537889549284     
 -7.199999999999995E-002   1.11877536533802     
 -6.799999999999995E-002   1.12200733560658     
 -6.399999999999995E-002   1.12507177181993     
 -6.000000000000005E-002   1.12796577207312     
 -5.600000000000005E-002   1.13068657368178     
 -5.200000000000005E-002   1.13323155958714     
 -4.800000000000004E-002   1.13559826449258     
 -4.400000000000004E-002   1.13778438070527     
 -4.000000000000004E-002   1.13978776365780     
 -3.600000000000003E-002   1.14160643708568     
 -3.200000000000003E-002   1.14323859783757     
 -2.800000000000002E-002   1.14468262029693     
 -2.400000000000002E-002   1.14593706039483     
 -2.000000000000002E-002   1.14700065919578     
 -1.600000000000001E-002   1.14787234603997     
 -1.200000000000001E-002   1.14855124122744     
 -8.000000000000007E-003   1.14903665823159     
 -4.000000000000004E-003   1.14932810543170     
  0.000000000000000E+000   1.14942528735632     
  4.000000000000004E-003   1.14932810543170     
  8.000000000000007E-003   1.14903665823159     
  1.200000000000001E-002   1.14855124122744     
  1.600000000000001E-002   1.14787234603997     
  2.000000000000002E-002   1.14700065919578     
  2.400000000000002E-002   1.14593706039483     
  2.800000000000002E-002   1.14468262029693     
  3.200000000000003E-002   1.14323859783757     
  3.600000000000003E-002   1.14160643708568     
  4.000000000000004E-002   1.13978776365780     
  4.400000000000004E-002   1.13778438070527     
  4.800000000000004E-002   1.13559826449258     
  5.200000000000005E-002   1.13323155958714     
  5.600000000000005E-002   1.13068657368178     
  6.000000000000005E-002   1.12796577207312     
  6.400000000000006E-002   1.12507177181993     
  6.800000000000006E-002   1.12200733560658     
  7.200000000000006E-002   1.11877536533802     
  7.600000000000007E-002   1.11537889549284     
  8.000000000000007E-002   1.11182108626198     
  8.400000000000007E-002   1.10810521650083     
  8.800000000000008E-002   1.10423467652270     
  9.200000000000008E-002   1.10021296076160     
  9.600000000000009E-002   1.09604366033229     
  0.100000000000000        1.09173045551512     
  0.104000000000000        1.08727710819282     
  0.108000000000000        1.08268745426579     
  0.112000000000000        1.07796539607175     
  0.116000000000000        1.07311489483474     
  0.120000000000000        1.06813996316759     
  0.124000000000000        1.06304465765074     
  0.128000000000000        1.05783307150952     
  0.132000000000000        1.05250932741025     
  0.136000000000000        1.04707757039490     
  0.140000000000000        1.04154196097211     
  0.144000000000000        1.03590666838127     
  0.148000000000000        1.03017586404520     
  0.152000000000000        1.02435371522496     
  0.156000000000000        1.01844437888940     
  0.160000000000000        1.01245199581054     
  0.164000000000000        1.00638068489411     
  0.168000000000000        1.00023453775368     
  0.172000000000000       0.994017613535092     
  0.176000000000000       0.987733933996667     
  0.180000000000000       0.981387478849408     
  0.184000000000000       0.974982181360134     
  0.188000000000000       0.968521924219282     
  0.192000000000000       0.962010535674005     
  0.196000000000000       0.955451785926085     
  0.200000000000000       0.948849383793216     
  0.204000000000000       0.942206973631201     
  0.208000000000000       0.935528132513797     
  0.212000000000000       0.928816367666087     
  0.216000000000000       0.922075114146540     
  0.220000000000000       0.915307732772225     
  0.224000000000000       0.908517508281085     
  0.228000000000000       0.901707647724587     
  0.232000000000000       0.894881279083642     
  0.236000000000000       0.888041450100236     
  0.240000000000000       0.881191127316925     
  0.244000000000000       0.874333195315986     
  0.248000000000000       0.867470456149867     
  0.252000000000000       0.860605628954335     
  0.256000000000000       0.853741349735635     
  0.260000000000000       0.846880171322885     
  0.264000000000000       0.840024563476891     
  0.268000000000000       0.833176913146574     
  0.272000000000000       0.826339524864271     
  0.276000000000000       0.819514621271209     
  0.280000000000000       0.812704343764596     
  0.284000000000000       0.805910753257917     
  0.288000000000000       0.799135831046151     
  0.292000000000000       0.792381479767860     
  0.296000000000000       0.785649524456276     
  0.300000000000000       0.778941713671770     
  0.304000000000000       0.772259720708278     
  0.308000000000000       0.765605144866573     
  0.312000000000000       0.758979512787496     
  0.316000000000000       0.752384279838523     
  0.320000000000000       0.745820831547364     
  0.324000000000000       0.739290485076529     
  0.328000000000000       0.732794490733098     
  0.332000000000000       0.726334033508210     
  0.336000000000000       0.719910234641087     
  0.340000000000000       0.713524153202657     
  0.344000000000000       0.707176787694148     
  0.348000000000000       0.700869077656294     
  0.352000000000000       0.694601905285042     
  0.356000000000000       0.688376097049952     
  0.360000000000000       0.682192425311691     
  0.364000000000000       0.676051609935317     
  0.368000000000000       0.669954319896257     
  0.372000000000000       0.663901174876148     
  0.376000000000000       0.657892746845896     
  0.380000000000000       0.651929561633571     
  0.384000000000000       0.646012100474931     
  0.388000000000000       0.640140801544579     
  0.392000000000000       0.634316061465956     
  0.396000000000000       0.628538236798530     
  0.400000000000000       0.622807645500752     
  0.404000000000000       0.617124568367472     
  0.408000000000000       0.611489250440694     
  0.412000000000000       0.605901902392686     
  0.416000000000000       0.600362701880585     
  0.420000000000000       0.594871794871795     
  0.424000000000000       0.589429296939575     
  0.428000000000000       0.584035294528328     
  0.432000000000000       0.578689846188230     
  0.436000000000000       0.573392983778910     
  0.440000000000000       0.568144713642004     
  0.444000000000000       0.562945017742474     
  0.448000000000000       0.557793854778691     
  0.452000000000000       0.552691161261305     
  0.456000000000000       0.547636852561052     
  0.460000000000000       0.542630823925653     
  0.464000000000000       0.537672951466055     
  0.468000000000000       0.532763093112292     
  0.472000000000000       0.527901089539306     
  0.476000000000000       0.523086765063095     
  0.480000000000000       0.518319928507596     
  0.484000000000000       0.513600374042755     
  0.488000000000000       0.508927881994249     
  0.492000000000000       0.504302219625356     
  0.496000000000000       0.499723141891504     
  0.500000000000000       0.495190392168023     
  0.504000000000000       0.490703702951667     
  0.508000000000000       0.486262796536467     
  0.512000000000000       0.481867385664501     
  0.516000000000000       0.477517174152160     
  0.520000000000000       0.473211857492521     
  0.524000000000000       0.468951123434404     
  0.528000000000000       0.464734652538733     
  0.532000000000000       0.460562118712798     
  0.536000000000000       0.456433189723013     
  0.540000000000000       0.452347527686788     
  0.544000000000000       0.448304789544089     
  0.548000000000000       0.444304627509300     
  0.552000000000000       0.440346689503957     
  0.556000000000000       0.436430619570953     
  0.560000000000000       0.432556058270770     
  0.564000000000000       0.428722643060311     
  0.568000000000000       0.424930008654896     
  0.572000000000000       0.421177787373961     
  0.576000000000000       0.417465609470999     
  0.580000000000000       0.413793103448276     
  0.584000000000000       0.410159896356837     
  0.588000000000000       0.406565614082311     
  0.592000000000000       0.403009881617005     
  0.596000000000000       0.399492323318780     
  0.600000000000000       0.396012563157176     
  0.604000000000000       0.392570224947251     
  0.608000000000000       0.389164932571584     
  0.612000000000000       0.385796310190876     
  0.616000000000000       0.382463982443584     
  0.620000000000000       0.379167574634997     
  0.624000000000000       0.375906712916155     
  0.628000000000000       0.372681024453016     
  0.632000000000000       0.369490137586236     
  0.636000000000000       0.366333681981941     
  0.640000000000000       0.363211288773849     
  0.644000000000000       0.360122590697081     
  0.648000000000000       0.357067222214014     
  0.652000000000000       0.354044819632477     
  0.656000000000000       0.351055021216636     
  0.660000000000000       0.348097467290841     
  0.664000000000000       0.345171800336761     
  0.668000000000000       0.342277665084059     
  0.672000000000000       0.339414708594917     
  0.676000000000000       0.336582580342649     
  0.680000000000000       0.333780932284673     
  0.684000000000000       0.331009418930086     
  0.688000000000000       0.328267697402082     
  0.692000000000000       0.325555427495439     
  0.696000000000000       0.322872271729304     
  0.700000000000000       0.320217895395488     
  0.704000000000000       0.317591966602467     
  0.708000000000000       0.314994156315307     
  0.712000000000000       0.312424138391684     
  0.716000000000000       0.309881589614194     
  0.720000000000000       0.307366189719131     
  0.724000000000000       0.304877621421893     
  0.728000000000000       0.302415570439191     
  0.732000000000000       0.299979725508207     
  0.736000000000000       0.297569778402864     
  0.740000000000000       0.295185423947342     
  0.744000000000000       0.292826360026980     
  0.748000000000000       0.290492287596714     
  0.752000000000000       0.288182910687147     
  0.756000000000000       0.285897936408412     
  0.760000000000000       0.283637074951912     
  0.764000000000000       0.281400039590075     
  0.768000000000000       0.279186546674214     
  0.772000000000000       0.276996315630616     
  0.776000000000000       0.274829068954929     
  0.780000000000000       0.272684532204984     
  0.784000000000000       0.270562433992096     
  0.788000000000000       0.268462505970976     
  0.792000000000000       0.266384482828305     
  0.796000000000000       0.264328102270062     
  0.800000000000000       0.262293105007688     
  0.804000000000000       0.260279234743149     
  0.808000000000000       0.258286238152974     
  0.812000000000000       0.256313864871330     
  0.816000000000000       0.254361867472204     
  0.820000000000000       0.252430001450747     
  0.824000000000000       0.250518025203841     
  0.828000000000000       0.248625700009945     
  0.832000000000000       0.246752790008270     
  0.836000000000000       0.244899062177338     
  0.840000000000000       0.243064286312966     
  0.844000000000000       0.241248235005729     
  0.848000000000000       0.239450683617940     
  0.852000000000000       0.237671410260193     
  0.856000000000000       0.235910195767500     
  0.860000000000000       0.234166823675073     
  0.864000000000000       0.232441080193776     
  0.868000000000000       0.230732754185280     
  0.872000000000000       0.229041637136969     
  0.876000000000000       0.227367523136606     
  0.880000000000000       0.225710208846802     
  0.884000000000000       0.224069493479320     
  0.888000000000000       0.222445178769219     
  0.892000000000000       0.220837068948887     
  0.896000000000000       0.219244970721976     
  0.900000000000000       0.217668693237259     
  0.904000000000000       0.216108048062430     
  0.908000000000000       0.214562849157878     
  0.912000000000000       0.213032912850439     
  0.916000000000000       0.211518057807156     
  0.920000000000000       0.210018105009052     
  0.924000000000000       0.208532877724949     
  0.928000000000000       0.207062201485326     
  0.932000000000000       0.205605904056250     
  0.936000000000000       0.204163815413382     
  0.940000000000000       0.202735767716077     
  0.944000000000000       0.201321595281577     
  0.948000000000000       0.199921134559332     
  0.952000000000000       0.198534224105432     
  0.956000000000000       0.197160704557177     
  0.960000000000000       0.195800418607791     
  0.964000000000000       0.194453210981287     
  0.968000000000000       0.193118928407484     
  0.972000000000000       0.191797419597199     
  0.976000000000000       0.190488535217608     
  0.980000000000000       0.189192127867783     
  0.984000000000000       0.187908052054418     
  0.988000000000000       0.186636164167744     
  0.992000000000000       0.185376322457638     
  0.996000000000000       0.184128387009933     
