  -1.00000000000000       0.184316353887400     
 -0.996000000000000       0.185557549830637     
 -0.992000000000000       0.186810499429379     
 -0.988000000000000       0.188075339561477     
 -0.984000000000000       0.189352208879586     
 -0.980000000000000       0.190641247833622     
 -0.976000000000000       0.191942598693394     
 -0.972000000000000       0.193256405571407     
 -0.968000000000000       0.194582814445828     
 -0.964000000000000       0.195921973183625     
 -0.960000000000000       0.197274031563845     
 -0.956000000000000       0.198639141301050     
 -0.952000000000000       0.200017456068893     
 -0.948000000000000       0.201409131523825     
 -0.944000000000000       0.202814325328928     
 -0.940000000000000       0.204233197177869     
 -0.936000000000000       0.205665908818954     
 -0.932000000000000       0.207112624079290     
 -0.928000000000000       0.208573508889024     
 -0.924000000000000       0.210048731305663     
 -0.920000000000000       0.211538461538462     
 -0.916000000000000       0.213042871972854     
 -0.912000000000000       0.214562137194932     
 -0.908000000000000       0.216096434015936     
 -0.904000000000000       0.217645941496771     
 -0.900000000000000       0.219210840972499     
 -0.896000000000000       0.220791316076819     
 -0.892000000000000       0.222387552766501     
 -0.888000000000000       0.223999739345758     
 -0.884000000000000       0.225628066490540     
 -0.880000000000000       0.227272727272727     
 -0.876000000000000       0.228933917184196     
 -0.872000000000000       0.230611834160741     
 -0.868000000000000       0.232306678605822     
 -0.864000000000000       0.234018653414119     
 -0.860000000000000       0.235747963994856     
 -0.856000000000000       0.237494818294874     
 -0.852000000000000       0.239259426821417     
 -0.848000000000000       0.241042002664610     
 -0.844000000000000       0.242842761519578     
 -0.840000000000000       0.244661921708185     
 -0.836000000000000       0.246499704200355     
 -0.832000000000000       0.248356332634925     
 -0.828000000000000       0.250232033340006     
 -0.824000000000000       0.252127035352794     
 -0.820000000000000       0.254041570438799     
 -0.816000000000000       0.255975873110433     
 -0.812000000000000       0.257930180644919     
 -0.808000000000000       0.259904733101467     
 -0.804000000000000       0.261899773337651     
 -0.800000000000000       0.263915547024952     
 -0.796000000000000       0.265952302663391     
 -0.792000000000000       0.268010291595197     
 -0.788000000000000       0.270089768017443     
 -0.784000000000000       0.272190988993586     
 -0.780000000000000       0.274314214463840     
 -0.776000000000000       0.276459707254303     
 -0.772000000000000       0.278627733084764     
 -0.768000000000000       0.280818560575116     
 -0.764000000000000       0.283032461250283     
 -0.760000000000000       0.285269709543568     
 -0.756000000000000       0.287530582798352     
 -0.752000000000000       0.289815361268021     
 -0.748000000000000       0.292124328114045     
 -0.744000000000000       0.294457769402090     
 -0.740000000000000       0.296815974096060     
 -0.736000000000000       0.299199234049961     
 -0.732000000000000       0.301607843997456     
 -0.728000000000000       0.304042101539006     
 -0.724000000000000       0.306502307126457     
 -0.720000000000000       0.308988764044944     
 -0.716000000000000       0.311501778391971     
 -0.712000000000000       0.314041659053536     
 -0.708000000000000       0.316608717677128     
 -0.704000000000000       0.319203268641471     
 -0.700000000000000       0.321825629022820     
 -0.696000000000000       0.324476118557674     
 -0.692000000000000       0.327155059601704     
 -0.688000000000000       0.329862777084733     
 -0.684000000000000       0.332599598461576     
 -0.680000000000000       0.335365853658537     
 -0.676000000000000       0.338161875015371     
 -0.672000000000000       0.340987997222498     
 -0.668000000000000       0.343844557253245     
 -0.664000000000000       0.346731894290902     
 -0.660000000000000       0.349650349650350     
 -0.656000000000000       0.352600266694020     
 -0.652000000000000       0.355581990741938     
 -0.648000000000000       0.358595868975589     
 -0.644000000000000       0.361642250335341     
 -0.640000000000000       0.364721485411141     
 -0.636000000000000       0.367833926326209     
 -0.632000000000000       0.370979926613425     
 -0.628000000000000       0.374159841084111     
 -0.624000000000000       0.377374025688879     
 -0.620000000000000       0.380622837370242     
 -0.616000000000000       0.383906633906634     
 -0.612000000000000       0.387225773747501     
 -0.608000000000000       0.390580615839109     
 -0.604000000000000       0.393971519440704     
 -0.600000000000000       0.397398843930636     
 -0.596000000000000       0.400862948602082     
 -0.592000000000000       0.404364192447947     
 -0.588000000000000       0.407902933934558     
 -0.584000000000000       0.411479530763706     
 -0.580000000000000       0.415094339622642     
 -0.576000000000000       0.418747715921550     
 -0.572000000000000       0.422440013518080     
 -0.568000000000000       0.426171584428465     
 -0.564000000000000       0.429942778524749     
 -0.560000000000000       0.433753943217666     
 -0.556000000000000       0.437605423124662     
 -0.552000000000000       0.441497559722579     
 -0.548000000000000       0.445430690984483     
 -0.544000000000000       0.449405151000131     
 -0.540000000000000       0.453421269579555     
 -0.536000000000000       0.457479371839233     
 -0.532000000000000       0.461579777770318     
 -0.528000000000000       0.465722801788376     
 -0.524000000000000       0.469908752264106     
 -0.520000000000000       0.474137931034483     
 -0.516000000000000       0.478410632893776     
 -0.512000000000000       0.482727145063896     
 -0.508000000000000       0.487087746643523     
 -0.504000000000000       0.491492708035459     
 -0.500000000000000       0.495942290351668     
 -0.496000000000000       0.500436744795458     
 -0.492000000000000       0.504976312020272     
 -0.488000000000000       0.509561221464572     
 -0.484000000000000       0.514191690662279     
 -0.480000000000000       0.518867924528302     
 -0.476000000000000       0.523590114618636     
 -0.472000000000000       0.528358438364587     
 -0.468000000000000       0.533173058280662     
 -0.464000000000000       0.538034121145719     
 -0.460000000000000       0.542941757156959     
 -0.456000000000000       0.547896079056423     
 -0.452000000000000       0.552897181229643     
 -0.448000000000000       0.557945138776173     
 -0.444000000000000       0.563040006551738     
 -0.440000000000000       0.568181818181818     
 -0.436000000000000       0.573370585046495     
 -0.432000000000000       0.578606295236492     
 -0.428000000000000       0.583888912480360     
 -0.424000000000000       0.589218375042852     
 -0.420000000000000       0.594594594594595     
 -0.416000000000000       0.600017455053238     
 -0.412000000000000       0.605486811396363     
 -0.408000000000000       0.611002488446498     
 -0.404000000000000       0.616564279628716     
 -0.400000000000000       0.622171945701357     
 -0.396000000000000       0.627825213460573     
 -0.392000000000000       0.633523774419462     
 -0.388000000000000       0.639267283462736     
 -0.384000000000000       0.645055357477951     
 -0.380000000000000       0.650887573964497     
 -0.376000000000000       0.656763469621704     
 -0.372000000000000       0.662682538917538     
 -0.368000000000000       0.668644232639564     
 -0.364000000000000       0.674647956430008     
 -0.360000000000000       0.680693069306931     
 -0.356000000000000       0.686778882173718     
 -0.352000000000000       0.692904656319290     
 -0.348000000000000       0.699069601911638     
 -0.344000000000000       0.705272876487485     
 -0.340000000000000       0.711513583441138     
 -0.336000000000000       0.717790770515765     
 -0.332000000000000       0.724103428300595     
 -0.328000000000000       0.730450488737782     
 -0.324000000000000       0.736830823642892     
 -0.320000000000000       0.743243243243243     
 -0.316000000000000       0.749686494738564     
 -0.312000000000000       0.756159260888693     
 -0.308000000000000       0.762660158633313     
 -0.304000000000000       0.769187737748937     
 -0.300000000000000       0.775740479548660     
 -0.296000000000000       0.782316795630405     
 -0.292000000000000       0.788915026679672     
 -0.288000000000000       0.795533441333025     
 -0.284000000000000       0.802170235108803     
 -0.280000000000000       0.808823529411765     
 -0.276000000000000       0.815491370618587     
 -0.272000000000000       0.822171729251375     
 -0.268000000000000       0.828862499246488     
 -0.264000000000000       0.835561497326203     
 -0.260000000000000       0.842266462480857     
 -0.256000000000000       0.848975055569276     
 -0.252000000000000       0.855684859045367     
 -0.248000000000000       0.862393376818866     
 -0.244000000000000       0.869098034258264     
 -0.240000000000000       0.875796178343949     
 -0.236000000000000       0.882485077979591     
 -0.232000000000000       0.889161924469736     
 -0.228000000000000       0.895823832171477     
 -0.224000000000000       0.902467839327908     
 -0.220000000000000       0.909090909090909     
 -0.216000000000000       0.915689930740543     
 -0.212000000000000       0.922261721108056     
 -0.208000000000000       0.928803026209133     
 -0.204000000000000       0.935310523093667     
 -0.200000000000000       0.941780821917808     
 -0.196000000000000       0.948210468243569     
 -0.192000000000000       0.954595945570675     
 -0.188000000000000       0.960933678104689     
 -0.184000000000000       0.967220033764772     
 -0.180000000000000       0.973451327433628     
 -0.176000000000000       0.979623824451410     
 -0.172000000000000       0.985733744354434     
 -0.168000000000000       0.991777264858627     
 -0.164000000000000       0.997750526086641     
 -0.160000000000000        1.00364963503650     
 -0.156000000000000        1.00947067028852     
 -0.152000000000000        1.01520968694625     
 -0.148000000000000        1.02086272180563     
 -0.144000000000000        1.02642579874589     
 -0.140000000000000        1.03189493433396     
 -0.136000000000000        1.03726614363307     
 -0.132000000000000        1.04253544620517     
 -0.128000000000000        1.04769887229503     
 -0.124000000000000        1.05275246918306     
 -0.120000000000000        1.05769230769231     
 -0.116000000000000        1.06251448883394     
 -0.112000000000000        1.06721515057436     
 -0.108000000000000        1.07179047470574     
 -0.104000000000000        1.07623669380088     
 -0.100000000000000        1.08055009823183     
 -9.599999999999997E-002   1.08472704323130     
 -9.199999999999997E-002   1.08876395597434     
 -8.799999999999997E-002   1.09265734265734     
 -8.399999999999996E-002   1.09640379555059     
 -7.999999999999996E-002   1.10000000000000     
 -7.599999999999996E-002   1.10344274135302     
 -7.199999999999995E-002   1.10672891178364     
 -6.799999999999995E-002   1.10985551699088     
 -6.399999999999995E-002   1.11281968274523     
 -6.000000000000005E-002   1.11561866125761     
 -5.600000000000005E-002   1.11824983734548     
 -5.200000000000005E-002   1.12071073437118     
 -4.800000000000004E-002   1.12299901992813     
 -4.400000000000004E-002   1.12511251125113     
 -4.000000000000004E-002   1.12704918032787     
 -3.600000000000003E-002   1.12880715868976     
 -3.200000000000003E-002   1.13038474186123     
 -2.800000000000002E-002   1.13178039344802     
 -2.400000000000002E-002   1.13299274884641     
 -2.000000000000002E-002   1.13402061855670     
 -1.600000000000001E-002   1.13486299108617     
 -1.200000000000001E-002   1.13551903542819     
 -8.000000000000007E-003   1.13598810310641     
 -4.000000000000004E-003   1.13626972977440     
  0.000000000000000E+000   1.13636363636364     
  4.000000000000004E-003   1.13626972977440     
  8.000000000000007E-003   1.13598810310641     
  1.200000000000001E-002   1.13551903542819     
  1.600000000000001E-002   1.13486299108617     
  2.000000000000002E-002   1.13402061855670     
  2.400000000000002E-002   1.13299274884641     
  2.800000000000002E-002   1.13178039344802     
  3.200000000000003E-002   1.13038474186123     
  3.600000000000003E-002   1.12880715868976     
  4.000000000000004E-002   1.12704918032787     
  4.400000000000004E-002   1.12511251125113     
  4.800000000000004E-002   1.12299901992813     
  5.200000000000005E-002   1.12071073437118     
  5.600000000000005E-002   1.11824983734548     
  6.000000000000005E-002   1.11561866125761     
  6.400000000000006E-002   1.11281968274523     
  6.800000000000006E-002   1.10985551699088     
  7.200000000000006E-002   1.10672891178364     
  7.600000000000007E-002   1.10344274135302     
  8.000000000000007E-002   1.10000000000000     
  8.400000000000007E-002   1.09640379555059     
  8.800000000000008E-002   1.09265734265734     
  9.200000000000008E-002   1.08876395597434     
  9.600000000000009E-002   1.08472704323130     
  0.100000000000000        1.08055009823183     
  0.104000000000000        1.07623669380088     
  0.108000000000000        1.07179047470574     
  0.112000000000000        1.06721515057436     
  0.116000000000000        1.06251448883394     
  0.120000000000000        1.05769230769231     
  0.124000000000000        1.05275246918306     
  0.128000000000000        1.04769887229503     
  0.132000000000000        1.04253544620517     
  0.136000000000000        1.03726614363307     
  0.140000000000000        1.03189493433396     
  0.144000000000000        1.02642579874589     
  0.148000000000000        1.02086272180563     
  0.152000000000000        1.01520968694625     
  0.156000000000000        1.00947067028853     
  0.160000000000000        1.00364963503650     
  0.164000000000000       0.997750526086641     
  0.168000000000000       0.991777264858627     
  0.172000000000000       0.985733744354434     
  0.176000000000000       0.979623824451411     
  0.180000000000000       0.973451327433628     
  0.184000000000000       0.967220033764772     
  0.188000000000000       0.960933678104689     
  0.192000000000000       0.954595945570675     
  0.196000000000000       0.948210468243570     
  0.200000000000000       0.941780821917808     
  0.204000000000000       0.935310523093667     
  0.208000000000000       0.928803026209133     
  0.212000000000000       0.922261721108056     
  0.216000000000000       0.915689930740544     
  0.220000000000000       0.909090909090909     
  0.224000000000000       0.902467839327908     
  0.228000000000000       0.895823832171477     
  0.232000000000000       0.889161924469736     
  0.236000000000000       0.882485077979591     
  0.240000000000000       0.875796178343949     
  0.244000000000000       0.869098034258264     
  0.248000000000000       0.862393376818866     
  0.252000000000000       0.855684859045367     
  0.256000000000000       0.848975055569276     
  0.260000000000000       0.842266462480858     
  0.264000000000000       0.835561497326203     
  0.268000000000000       0.828862499246489     
  0.272000000000000       0.822171729251375     
  0.276000000000000       0.815491370618587     
  0.280000000000000       0.808823529411765     
  0.284000000000000       0.802170235108803     
  0.288000000000000       0.795533441333025     
  0.292000000000000       0.788915026679672     
  0.296000000000000       0.782316795630405     
  0.300000000000000       0.775740479548660     
  0.304000000000000       0.769187737748937     
  0.308000000000000       0.762660158633313     
  0.312000000000000       0.756159260888693     
  0.316000000000000       0.749686494738564     
  0.320000000000000       0.743243243243243     
  0.324000000000000       0.736830823642892     
  0.328000000000000       0.730450488737782     
  0.332000000000000       0.724103428300595     
  0.336000000000000       0.717790770515765     
  0.340000000000000       0.711513583441138     
  0.344000000000000       0.705272876487485     
  0.348000000000000       0.699069601911638     
  0.352000000000000       0.692904656319290     
  0.356000000000000       0.686778882173718     
  0.360000000000000       0.680693069306931     
  0.364000000000000       0.674647956430008     
  0.368000000000000       0.668644232639564     
  0.372000000000000       0.662682538917538     
  0.376000000000000       0.656763469621705     
  0.380000000000000       0.650887573964497     
  0.384000000000000       0.645055357477951     
  0.388000000000000       0.639267283462737     
  0.392000000000000       0.633523774419462     
  0.396000000000000       0.627825213460573     
  0.400000000000000       0.622171945701358     
  0.404000000000000       0.616564279628716     
  0.408000000000000       0.611002488446499     
  0.412000000000000       0.605486811396363     
  0.416000000000000       0.600017455053238     
  0.420000000000000       0.594594594594595     
  0.424000000000000       0.589218375042852     
  0.428000000000000       0.583888912480360     
  0.432000000000000       0.578606295236492     
  0.436000000000000       0.573370585046495     
  0.440000000000000       0.568181818181818     
  0.444000000000000       0.563040006551738     
  0.448000000000000       0.557945138776173     
  0.452000000000000       0.552897181229643     
  0.456000000000000       0.547896079056423     
  0.460000000000000       0.542941757156960     
  0.464000000000000       0.538034121145719     
  0.468000000000000       0.533173058280662     
  0.472000000000000       0.528358438364587     
  0.476000000000000       0.523590114618636     
  0.480000000000000       0.518867924528302     
  0.484000000000000       0.514191690662279     
  0.488000000000000       0.509561221464572     
  0.492000000000000       0.504976312020273     
  0.496000000000000       0.500436744795458     
  0.500000000000000       0.495942290351668     
  0.504000000000000       0.491492708035459     
  0.508000000000000       0.487087746643523     
  0.512000000000000       0.482727145063895     
  0.516000000000000       0.478410632893775     
  0.520000000000000       0.474137931034483     
  0.524000000000000       0.469908752264106     
  0.528000000000000       0.465722801788375     
  0.532000000000000       0.461579777770318     
  0.536000000000000       0.457479371839233     
  0.540000000000000       0.453421269579555     
  0.544000000000000       0.449405151000131     
  0.548000000000000       0.445430690984483     
  0.552000000000000       0.441497559722579     
  0.556000000000000       0.437605423124662     
  0.560000000000000       0.433753943217666     
  0.564000000000000       0.429942778524749     
  0.568000000000000       0.426171584428465     
  0.572000000000000       0.422440013518080     
  0.576000000000000       0.418747715921549     
  0.580000000000000       0.415094339622641     
  0.584000000000000       0.411479530763706     
  0.588000000000000       0.407902933934557     
  0.592000000000000       0.404364192447947     
  0.596000000000000       0.400862948602081     
  0.600000000000000       0.397398843930636     
  0.604000000000000       0.393971519440704     
  0.608000000000000       0.390580615839109     
  0.612000000000000       0.387225773747501     
  0.616000000000000       0.383906633906634     
  0.620000000000000       0.380622837370242     
  0.624000000000000       0.377374025688879     
  0.628000000000000       0.374159841084111     
  0.632000000000000       0.370979926613425     
  0.636000000000000       0.367833926326209     
  0.640000000000000       0.364721485411141     
  0.644000000000000       0.361642250335341     
  0.648000000000000       0.358595868975589     
  0.652000000000000       0.355581990741938     
  0.656000000000000       0.352600266694020     
  0.660000000000000       0.349650349650350     
  0.664000000000000       0.346731894290902     
  0.668000000000000       0.343844557253245     
  0.672000000000000       0.340987997222498     
  0.676000000000000       0.338161875015371     
  0.680000000000000       0.335365853658537     
  0.684000000000000       0.332599598461576     
  0.688000000000000       0.329862777084733     
  0.692000000000000       0.327155059601704     
  0.696000000000000       0.324476118557674     
  0.700000000000000       0.321825629022820     
  0.704000000000000       0.319203268641471     
  0.708000000000000       0.316608717677128     
  0.712000000000000       0.314041659053536     
  0.716000000000000       0.311501778391971     
  0.720000000000000       0.308988764044944     
  0.724000000000000       0.306502307126457     
  0.728000000000000       0.304042101539006     
  0.732000000000000       0.301607843997456     
  0.736000000000000       0.299199234049961     
  0.740000000000000       0.296815974096060     
  0.744000000000000       0.294457769402090     
  0.748000000000000       0.292124328114045     
  0.752000000000000       0.289815361268021     
  0.756000000000000       0.287530582798352     
  0.760000000000000       0.285269709543568     
  0.764000000000000       0.283032461250283     
  0.768000000000000       0.280818560575116     
  0.772000000000000       0.278627733084764     
  0.776000000000000       0.276459707254303     
  0.780000000000000       0.274314214463840     
  0.784000000000000       0.272190988993586     
  0.788000000000000       0.270089768017443     
  0.792000000000000       0.268010291595197     
  0.796000000000000       0.265952302663391     
  0.800000000000000       0.263915547024952     
  0.804000000000000       0.261899773337651     
  0.808000000000000       0.259904733101467     
  0.812000000000000       0.257930180644919     
  0.816000000000000       0.255975873110433     
  0.820000000000000       0.254041570438799     
  0.824000000000000       0.252127035352794     
  0.828000000000000       0.250232033340006     
  0.832000000000000       0.248356332634925     
  0.836000000000000       0.246499704200355     
  0.840000000000000       0.244661921708185     
  0.844000000000000       0.242842761519577     
  0.848000000000000       0.241042002664610     
  0.852000000000000       0.239259426821417     
  0.856000000000000       0.237494818294874     
  0.860000000000000       0.235747963994856     
  0.864000000000000       0.234018653414119     
  0.868000000000000       0.232306678605822     
  0.872000000000000       0.230611834160741     
  0.876000000000000       0.228933917184196     
  0.880000000000000       0.227272727272727     
  0.884000000000000       0.225628066490540     
  0.888000000000000       0.223999739345758     
  0.892000000000000       0.222387552766501     
  0.896000000000000       0.220791316076819     
  0.900000000000000       0.219210840972499     
  0.904000000000000       0.217645941496771     
  0.908000000000000       0.216096434015936     
  0.912000000000000       0.214562137194932     
  0.916000000000000       0.213042871972854     
  0.920000000000000       0.211538461538462     
  0.924000000000000       0.210048731305663     
  0.928000000000000       0.208573508889024     
  0.932000000000000       0.207112624079290     
  0.936000000000000       0.205665908818954     
  0.940000000000000       0.204233197177869     
  0.944000000000000       0.202814325328928     
  0.948000000000000       0.201409131523825     
  0.952000000000000       0.200017456068893     
  0.956000000000000       0.198639141301050     
  0.960000000000000       0.197274031563845     
  0.964000000000000       0.195921973183625     
  0.968000000000000       0.194582814445828     
  0.972000000000000       0.193256405571406     
  0.976000000000000       0.191942598693394     
  0.980000000000000       0.190641247833622     
  0.984000000000000       0.189352208879586     
  0.988000000000000       0.188075339561477     
  0.992000000000000       0.186810499429379     
  0.996000000000000       0.185557549830637     
