  -1.00000000000000       0.185722334675821     
 -0.996000000000000       0.186968348149350     
 -0.992000000000000       0.188226098034920     
 -0.988000000000000       0.189495719951728     
 -0.984000000000000       0.190777351255829     
 -0.980000000000000       0.192071131061571     
 -0.976000000000000       0.193377200263167     
 -0.972000000000000       0.194695701556428     
 -0.968000000000000       0.196026779460622     
 -0.964000000000000       0.197370580340471     
 -0.960000000000000       0.198727252428268     
 -0.956000000000000       0.200096945846122     
 -0.952000000000000       0.201479812628302     
 -0.948000000000000       0.202876006743690     
 -0.944000000000000       0.204285684118326     
 -0.940000000000000       0.205709002658038     
 -0.936000000000000       0.207146122271141     
 -0.932000000000000       0.208597204891206     
 -0.928000000000000       0.210062414499877     
 -0.924000000000000       0.211541917149727     
 -0.920000000000000       0.213035880987146     
 -0.916000000000000       0.214544476275238     
 -0.912000000000000       0.216067875416720     
 -0.908000000000000       0.217606252976805     
 -0.904000000000000       0.219159785706054     
 -0.900000000000000       0.220728652563180     
 -0.896000000000000       0.222313034737786     
 -0.892000000000000       0.223913115673012     
 -0.888000000000000       0.225529081088094     
 -0.884000000000000       0.227161119000777     
 -0.880000000000000       0.228809419749595     
 -0.876000000000000       0.230474176015977     
 -0.872000000000000       0.232155582846154     
 -0.868000000000000       0.233853837672855     
 -0.864000000000000       0.235569140336742     
 -0.860000000000000       0.237301693107586     
 -0.856000000000000       0.239051700705122     
 -0.852000000000000       0.240819370319581     
 -0.848000000000000       0.242604911631842     
 -0.844000000000000       0.244408536833190     
 -0.840000000000000       0.246230460644626     
 -0.836000000000000       0.248070900335704     
 -0.832000000000000       0.249930075742854     
 -0.828000000000000       0.251808209287139     
 -0.824000000000000       0.253705525991418     
 -0.820000000000000       0.255622253496855     
 -0.816000000000000       0.257558622078735     
 -0.812000000000000       0.259514864661540     
 -0.808000000000000       0.261491216833218     
 -0.804000000000000       0.263487916858608     
 -0.800000000000000       0.265505205691954     
 -0.796000000000000       0.267543326988448     
 -0.792000000000000       0.269602527114744     
 -0.788000000000000       0.271683055158376     
 -0.784000000000000       0.273785162936011     
 -0.780000000000000       0.275909105000465     
 -0.776000000000000       0.278055138646415     
 -0.772000000000000       0.280223523914716     
 -0.768000000000000       0.282414523595257     
 -0.764000000000000       0.284628403228262     
 -0.760000000000000       0.286865431103948     
 -0.756000000000000       0.289125878260463     
 -0.752000000000000       0.291410018479979     
 -0.748000000000000       0.293718128282878     
 -0.744000000000000       0.296050486919891     
 -0.740000000000000       0.298407376362112     
 -0.736000000000000       0.300789081288756     
 -0.732000000000000       0.303195889072548     
 -0.728000000000000       0.305628089762627     
 -0.724000000000000       0.308085976064835     
 -0.720000000000000       0.310569843319259     
 -0.716000000000000       0.313079989474884     
 -0.712000000000000       0.315616715061230     
 -0.708000000000000       0.318180323156806     
 -0.704000000000000       0.320771119354248     
 -0.700000000000000       0.323389411721958     
 -0.696000000000000       0.326035510762103     
 -0.692000000000000       0.328709729364785     
 -0.688000000000000       0.331412382758215     
 -0.684000000000000       0.334143788454694     
 -0.680000000000000       0.336904266192225     
 -0.676000000000000       0.339694137871545     
 -0.672000000000000       0.342513727488382     
 -0.668000000000000       0.345363361060708     
 -0.664000000000000       0.348243366550794     
 -0.660000000000000       0.351154073781811     
 -0.656000000000000       0.354095814348758     
 -0.652000000000000       0.357068921523473     
 -0.648000000000000       0.360073730153464     
 -0.644000000000000       0.363110576554317     
 -0.640000000000000       0.366179798395392     
 -0.636000000000000       0.369281734578546     
 -0.632000000000000       0.372416725109591     
 -0.628000000000000       0.375585110962190     
 -0.624000000000000       0.378787233933888     
 -0.620000000000000       0.382023436493969     
 -0.616000000000000       0.385294061622807     
 -0.612000000000000       0.388599452642389     
 -0.608000000000000       0.391939953037667     
 -0.604000000000000       0.395315906268378     
 -0.600000000000000       0.398727655570987     
 -0.596000000000000       0.402175543750373     
 -0.592000000000000       0.405659912960880     
 -0.588000000000000       0.409181104476349     
 -0.584000000000000       0.412739458448730     
 -0.580000000000000       0.416335313654863     
 -0.576000000000000       0.419969007231017     
 -0.572000000000000       0.423640874394765     
 -0.568000000000000       0.427351248153747     
 -0.564000000000000       0.431100459000893     
 -0.560000000000000       0.434888834595651     
 -0.556000000000000       0.438716699430753     
 -0.552000000000000       0.442584374484066     
 -0.548000000000000       0.446492176855050     
 -0.544000000000000       0.450440419385336     
 -0.540000000000000       0.454429410262956     
 -0.536000000000000       0.458459452609716     
 -0.532000000000000       0.462530844051230     
 -0.528000000000000       0.466643876269114     
 -0.524000000000000       0.470798834534840     
 -0.520000000000000       0.474995997224743     
 -0.516000000000000       0.479235635315682     
 -0.512000000000000       0.483518011860860     
 -0.508000000000000       0.487843381445288     
 -0.504000000000000       0.492211989620411     
 -0.500000000000000       0.496624072317393     
 -0.496000000000000       0.501079855238593     
 -0.492000000000000       0.505579553226734     
 -0.488000000000000       0.510123369611320     
 -0.484000000000000       0.514711495531841     
 -0.480000000000000       0.519344109237323     
 -0.476000000000000       0.524021375361810     
 -0.472000000000000       0.528743444175386     
 -0.468000000000000       0.533510450810336     
 -0.464000000000000       0.538322514462125     
 -0.460000000000000       0.543179737564846     
 -0.456000000000000       0.548082204940869     
 -0.452000000000000       0.553029982924423     
 -0.448000000000000       0.558023118458903     
 -0.444000000000000       0.563061638167734     
 -0.440000000000000       0.568145547398659     
 -0.436000000000000       0.573274829241396     
 -0.432000000000000       0.578449443518636     
 -0.428000000000000       0.583669325750441     
 -0.424000000000000       0.588934386092149     
 -0.420000000000000       0.594244508245977     
 -0.416000000000000       0.599599548346587     
 -0.412000000000000       0.604999333820958     
 -0.408000000000000       0.610443662223003     
 -0.404000000000000       0.615932300043461     
 -0.400000000000000       0.621464981495706     
 -0.396000000000000       0.627041407278189     
 -0.392000000000000       0.632661243314406     
 -0.388000000000000       0.638324119471324     
 -0.384000000000000       0.644029628257415     
 -0.380000000000000       0.649777323501497     
 -0.376000000000000       0.655566719013792     
 -0.372000000000000       0.661397287230722     
 -0.368000000000000       0.667268457845128     
 -0.364000000000000       0.673179616423767     
 -0.360000000000000       0.679130103014117     
 -0.356000000000000       0.685119210742669     
 -0.352000000000000       0.691146184407121     
 -0.348000000000000       0.697210219065018     
 -0.344000000000000       0.703310458621638     
 -0.340000000000000       0.709445994420088     
 -0.336000000000000       0.715615863836795     
 -0.332000000000000       0.721819048885803     
 -0.328000000000000       0.728054474835492     
 -0.324000000000000       0.734321008841555     
 -0.320000000000000       0.740617458600316     
 -0.316000000000000       0.746942571026685     
 -0.312000000000000       0.753295030961272     
 -0.308000000000000       0.759673459911434     
 -0.304000000000000       0.766076414831239     
 -0.300000000000000       0.772502386945577     
 -0.296000000000000       0.778949800623860     
 -0.292000000000000       0.785417012308985     
 -0.288000000000000       0.791902309507454     
 -0.284000000000000       0.798403909846742     
 -0.280000000000000       0.804919960206204     
 -0.276000000000000       0.811448535928023     
 -0.272000000000000       0.817987640114849     
 -0.268000000000000       0.824535203020949     
 -0.264000000000000       0.831089081543846     
 -0.260000000000000       0.837647058823529     
 -0.256000000000000       0.844206843956427     
 -0.252000000000000       0.850766071831422     
 -0.248000000000000       0.857322303095223     
 -0.244000000000000       0.863873024254448     
 -0.240000000000000       0.870415647921760     
 -0.236000000000000       0.876947513213333     
 -0.232000000000000       0.883465886304889     
 -0.228000000000000       0.889967961153398     
 -0.224000000000000       0.896450860391376     
 -0.220000000000000       0.902911636400528     
 -0.216000000000000       0.909347272571225     
 -0.212000000000000       0.915754684754022     
 -0.208000000000000       0.922130722909043     
 -0.204000000000000       0.928472172958717     
 -0.200000000000000       0.934775758848860     
 -0.196000000000000       0.941038144822599     
 -0.192000000000000       0.947255937911098     
 -0.188000000000000       0.953425690644430     
 -0.184000000000000       0.959543903985234     
 -0.180000000000000       0.965607030487143     
 -0.176000000000000       0.971611477679137     
 -0.172000000000000       0.977553611676164     
 -0.168000000000000       0.983429761015518     
 -0.164000000000000       0.989236220717496     
 -0.160000000000000       0.994969256567915     
 -0.156000000000000        1.00062510961904     
 -0.152000000000000        1.00620000090445     
 -0.148000000000000        1.01169013636219     
 -0.144000000000000        1.01709171195963     
 -0.140000000000000        1.02240091901206     
 -0.136000000000000        1.02761394968617     
 -0.132000000000000        1.03272700267813     
 -0.128000000000000        1.03773628905503     
 -0.124000000000000        1.04263803824724     
 -0.120000000000000        1.04742850417795     
 -0.116000000000000        1.05210397151517     
 -0.112000000000000        1.05666076203050     
 -0.108000000000000        1.06109524104746     
 -0.104000000000000        1.06540382396177     
 -0.100000000000000        1.06958298281457     
 -9.599999999999997E-002   1.07362925289880     
 -9.199999999999997E-002   1.07753923937837     
 -8.799999999999997E-002   1.08130962389864     
 -8.399999999999996E-002   1.08493717116651     
 -7.999999999999996E-002   1.08841873547756     
 -7.599999999999996E-002   1.09175126716748     
 -7.199999999999995E-002   1.09493181896471     
 -6.799999999999995E-002   1.09795755222084     
 -6.399999999999995E-002   1.10082574299553     
 -6.000000000000005E-002   1.10353378797272     
 -5.600000000000005E-002   1.10607921018488     
 -5.200000000000005E-002   1.10845966452281     
 -4.800000000000004E-002   1.11067294300875     
 -4.400000000000004E-002   1.11271697981106     
 -4.000000000000004E-002   1.11458985597996     
 -3.600000000000003E-002   1.11628980388419     
 -3.200000000000003E-002   1.11781521132987     
 -2.800000000000002E-002   1.11916462534392     
 -2.400000000000002E-002   1.12033675560546     
 -2.000000000000002E-002   1.12133047751039     
 -1.600000000000001E-002   1.12214483485558     
 -1.200000000000001E-002   1.12277904213071     
 -8.000000000000007E-003   1.12323248640762     
 -4.000000000000004E-003   1.12350472881878     
  0.000000000000000E+000   1.12359550561798     
  4.000000000000004E-003   1.12350472881878     
  8.000000000000007E-003   1.12323248640762     
  1.200000000000001E-002   1.12277904213071     
  1.600000000000001E-002   1.12214483485558     
  2.000000000000002E-002   1.12133047751039     
  2.400000000000002E-002   1.12033675560546     
  2.800000000000002E-002   1.11916462534392     
  3.200000000000003E-002   1.11781521132987     
  3.600000000000003E-002   1.11628980388419     
  4.000000000000004E-002   1.11458985597996     
  4.400000000000004E-002   1.11271697981106     
  4.800000000000004E-002   1.11067294300875     
  5.200000000000005E-002   1.10845966452281     
  5.600000000000005E-002   1.10607921018488     
  6.000000000000005E-002   1.10353378797272     
  6.400000000000006E-002   1.10082574299553     
  6.800000000000006E-002   1.09795755222083     
  7.200000000000006E-002   1.09493181896471     
  7.600000000000007E-002   1.09175126716748     
  8.000000000000007E-002   1.08841873547756     
  8.400000000000007E-002   1.08493717116651     
  8.800000000000008E-002   1.08130962389864     
  9.200000000000008E-002   1.07753923937837     
  9.600000000000009E-002   1.07362925289880     
  0.100000000000000        1.06958298281457     
  0.104000000000000        1.06540382396177     
  0.108000000000000        1.06109524104746     
  0.112000000000000        1.05666076203050     
  0.116000000000000        1.05210397151517     
  0.120000000000000        1.04742850417794     
  0.124000000000000        1.04263803824724     
  0.128000000000000        1.03773628905503     
  0.132000000000000        1.03272700267813     
  0.136000000000000        1.02761394968617     
  0.140000000000000        1.02240091901206     
  0.144000000000000        1.01709171195963     
  0.148000000000000        1.01169013636219     
  0.152000000000000        1.00620000090445     
  0.156000000000000        1.00062510961904     
  0.160000000000000       0.994969256567915     
  0.164000000000000       0.989236220717497     
  0.168000000000000       0.983429761015518     
  0.172000000000000       0.977553611676164     
  0.176000000000000       0.971611477679137     
  0.180000000000000       0.965607030487143     
  0.184000000000000       0.959543903985234     
  0.188000000000000       0.953425690644430     
  0.192000000000000       0.947255937911099     
  0.196000000000000       0.941038144822599     
  0.200000000000000       0.934775758848861     
  0.204000000000000       0.928472172958718     
  0.208000000000000       0.922130722909043     
  0.212000000000000       0.915754684754022     
  0.216000000000000       0.909347272571225     
  0.220000000000000       0.902911636400528     
  0.224000000000000       0.896450860391376     
  0.228000000000000       0.889967961153399     
  0.232000000000000       0.883465886304889     
  0.236000000000000       0.876947513213333     
  0.240000000000000       0.870415647921760     
  0.244000000000000       0.863873024254449     
  0.248000000000000       0.857322303095223     
  0.252000000000000       0.850766071831422     
  0.256000000000000       0.844206843956428     
  0.260000000000000       0.837647058823530     
  0.264000000000000       0.831089081543846     
  0.268000000000000       0.824535203020949     
  0.272000000000000       0.817987640114849     
  0.276000000000000       0.811448535928024     
  0.280000000000000       0.804919960206204     
  0.284000000000000       0.798403909846742     
  0.288000000000000       0.791902309507455     
  0.292000000000000       0.785417012308985     
  0.296000000000000       0.778949800623860     
  0.300000000000000       0.772502386945578     
  0.304000000000000       0.766076414831239     
  0.308000000000000       0.759673459911434     
  0.312000000000000       0.753295030961272     
  0.316000000000000       0.746942571026685     
  0.320000000000000       0.740617458600316     
  0.324000000000000       0.734321008841555     
  0.328000000000000       0.728054474835492     
  0.332000000000000       0.721819048885803     
  0.336000000000000       0.715615863836795     
  0.340000000000000       0.709445994420088     
  0.344000000000000       0.703310458621638     
  0.348000000000000       0.697210219065018     
  0.352000000000000       0.691146184407121     
  0.356000000000000       0.685119210742669     
  0.360000000000000       0.679130103014117     
  0.364000000000000       0.673179616423767     
  0.368000000000000       0.667268457845128     
  0.372000000000000       0.661397287230722     
  0.376000000000000       0.655566719013792     
  0.380000000000000       0.649777323501497     
  0.384000000000000       0.644029628257415     
  0.388000000000000       0.638324119471324     
  0.392000000000000       0.632661243314406     
  0.396000000000000       0.627041407278190     
  0.400000000000000       0.621464981495706     
  0.404000000000000       0.615932300043461     
  0.408000000000000       0.610443662223003     
  0.412000000000000       0.604999333820958     
  0.416000000000000       0.599599548346588     
  0.420000000000000       0.594244508245977     
  0.424000000000000       0.588934386092149     
  0.428000000000000       0.583669325750442     
  0.432000000000000       0.578449443518637     
  0.436000000000000       0.573274829241396     
  0.440000000000000       0.568145547398660     
  0.444000000000000       0.563061638167734     
  0.448000000000000       0.558023118458903     
  0.452000000000000       0.553029982924423     
  0.456000000000000       0.548082204940869     
  0.460000000000000       0.543179737564846     
  0.464000000000000       0.538322514462125     
  0.468000000000000       0.533510450810337     
  0.472000000000000       0.528743444175386     
  0.476000000000000       0.524021375361810     
  0.480000000000000       0.519344109237323     
  0.484000000000000       0.514711495531842     
  0.488000000000000       0.510123369611320     
  0.492000000000000       0.505579553226734     
  0.496000000000000       0.501079855238593     
  0.500000000000000       0.496624072317393     
  0.504000000000000       0.492211989620410     
  0.508000000000000       0.487843381445288     
  0.512000000000000       0.483518011860860     
  0.516000000000000       0.479235635315682     
  0.520000000000000       0.474995997224742     
  0.524000000000000       0.470798834534840     
  0.528000000000000       0.466643876269114     
  0.532000000000000       0.462530844051230     
  0.536000000000000       0.458459452609716     
  0.540000000000000       0.454429410262956     
  0.544000000000000       0.450440419385336     
  0.548000000000000       0.446492176855049     
  0.552000000000000       0.442584374484066     
  0.556000000000000       0.438716699430753     
  0.560000000000000       0.434888834595651     
  0.564000000000000       0.431100459000893     
  0.568000000000000       0.427351248153746     
  0.572000000000000       0.423640874394765     
  0.576000000000000       0.419969007231017     
  0.580000000000000       0.416335313654863     
  0.584000000000000       0.412739458448730     
  0.588000000000000       0.409181104476349     
  0.592000000000000       0.405659912960880     
  0.596000000000000       0.402175543750373     
  0.600000000000000       0.398727655570987     
  0.604000000000000       0.395315906268378     
  0.608000000000000       0.391939953037667     
  0.612000000000000       0.388599452642389     
  0.616000000000000       0.385294061622806     
  0.620000000000000       0.382023436493969     
  0.624000000000000       0.378787233933888     
  0.628000000000000       0.375585110962190     
  0.632000000000000       0.372416725109591     
  0.636000000000000       0.369281734578546     
  0.640000000000000       0.366179798395392     
  0.644000000000000       0.363110576554317     
  0.648000000000000       0.360073730153464     
  0.652000000000000       0.357068921523473     
  0.656000000000000       0.354095814348758     
  0.660000000000000       0.351154073781811     
  0.664000000000000       0.348243366550794     
  0.668000000000000       0.345363361060708     
  0.672000000000000       0.342513727488381     
  0.676000000000000       0.339694137871545     
  0.680000000000000       0.336904266192225     
  0.684000000000000       0.334143788454694     
  0.688000000000000       0.331412382758215     
  0.692000000000000       0.328709729364785     
  0.696000000000000       0.326035510762102     
  0.700000000000000       0.323389411721958     
  0.704000000000000       0.320771119354248     
  0.708000000000000       0.318180323156806     
  0.712000000000000       0.315616715061230     
  0.716000000000000       0.313079989474884     
  0.720000000000000       0.310569843319259     
  0.724000000000000       0.308085976064835     
  0.728000000000000       0.305628089762627     
  0.732000000000000       0.303195889072548     
  0.736000000000000       0.300789081288756     
  0.740000000000000       0.298407376362112     
  0.744000000000000       0.296050486919891     
  0.748000000000000       0.293718128282878     
  0.752000000000000       0.291410018479979     
  0.756000000000000       0.289125878260463     
  0.760000000000000       0.286865431103948     
  0.764000000000000       0.284628403228262     
  0.768000000000000       0.282414523595257     
  0.772000000000000       0.280223523914716     
  0.776000000000000       0.278055138646415     
  0.780000000000000       0.275909105000465     
  0.784000000000000       0.273785162936011     
  0.788000000000000       0.271683055158376     
  0.792000000000000       0.269602527114744     
  0.796000000000000       0.267543326988448     
  0.800000000000000       0.265505205691954     
  0.804000000000000       0.263487916858608     
  0.808000000000000       0.261491216833218     
  0.812000000000000       0.259514864661540     
  0.816000000000000       0.257558622078735     
  0.820000000000000       0.255622253496855     
  0.824000000000000       0.253705525991418     
  0.828000000000000       0.251808209287139     
  0.832000000000000       0.249930075742854     
  0.836000000000000       0.248070900335704     
  0.840000000000000       0.246230460644626     
  0.844000000000000       0.244408536833190     
  0.848000000000000       0.242604911631842     
  0.852000000000000       0.240819370319581     
  0.856000000000000       0.239051700705122     
  0.860000000000000       0.237301693107586     
  0.864000000000000       0.235569140336742     
  0.868000000000000       0.233853837672855     
  0.872000000000000       0.232155582846154     
  0.876000000000000       0.230474176015977     
  0.880000000000000       0.228809419749595     
  0.884000000000000       0.227161119000777     
  0.888000000000000       0.225529081088094     
  0.892000000000000       0.223913115673012     
  0.896000000000000       0.222313034737786     
  0.900000000000000       0.220728652563180     
  0.904000000000000       0.219159785706054     
  0.908000000000000       0.217606252976805     
  0.912000000000000       0.216067875416720     
  0.916000000000000       0.214544476275238     
  0.920000000000000       0.213035880987146     
  0.924000000000000       0.211541917149727     
  0.928000000000000       0.210062414499877     
  0.932000000000000       0.208597204891206     
  0.936000000000000       0.207146122271141     
  0.940000000000000       0.205709002658038     
  0.944000000000000       0.204285684118326     
  0.948000000000000       0.202876006743690     
  0.952000000000000       0.201479812628302     
  0.956000000000000       0.200096945846122     
  0.960000000000000       0.198727252428268     
  0.964000000000000       0.197370580340471     
  0.968000000000000       0.196026779460622     
  0.972000000000000       0.194695701556428     
  0.976000000000000       0.193377200263167     
  0.980000000000000       0.192071131061571     
  0.984000000000000       0.190777351255829     
  0.988000000000000       0.189495719951728     
  0.992000000000000       0.188226098034920     
  0.996000000000000       0.186968348149349     
