  -1.00000000000000       2.245452957760535E-002
 -0.996000000000000       2.263488125741293E-002
 -0.992000000000000       2.281741303269786E-002
 -0.988000000000000       2.300216015841844E-002
 -0.984000000000000       2.318915860456919E-002
 -0.980000000000000       2.337844507364210E-002
 -0.976000000000000       2.357005701858683E-002
 -0.972000000000000       2.376403266128649E-002
 -0.968000000000000       2.396041101156596E-002
 -0.964000000000000       2.415923188675011E-002
 -0.960000000000000       2.436053593179050E-002
 -0.956000000000000       2.456436463997922E-002
 -0.952000000000000       2.477076037426968E-002
 -0.948000000000000       2.497976638922473E-002
 -0.944000000000000       2.519142685361318E-002
 -0.940000000000000       2.540578687367679E-002
 -0.936000000000000       2.562289251709048E-002
 -0.932000000000000       2.584279083763951E-002
 -0.928000000000000       2.606552990063820E-002
 -0.924000000000000       2.629115880911567E-002
 -0.920000000000000       2.651972773079530E-002
 -0.916000000000000       2.675128792589537E-002
 -0.912000000000000       2.698589177577962E-002
 -0.908000000000000       2.722359281248752E-002
 -0.904000000000000       2.746444574917515E-002
 -0.900000000000000       2.770850651149903E-002
 -0.896000000000000       2.795583226997631E-002
 -0.892000000000000       2.820648147335616E-002
 -0.888000000000000       2.846051388303867E-002
 -0.884000000000000       2.871799060857889E-002
 -0.880000000000000       2.897897414431529E-002
 -0.876000000000000       2.924352840716350E-002
 -0.872000000000000       2.951171877561781E-002
 -0.868000000000000       2.978361213000481E-002
 -0.864000000000000       3.005927689403504E-002
 -0.860000000000000       3.033878307770100E-002
 -0.856000000000000       3.062220232157124E-002
 -0.852000000000000       3.090960794253286E-002
 -0.848000000000000       3.120107498103668E-002
 -0.844000000000000       3.149668024990166E-002
 -0.840000000000000       3.179650238473768E-002
 -0.836000000000000       3.210062189604820E-002
 -0.832000000000000       3.240912122307702E-002
 -0.828000000000000       3.272208478946610E-002
 -0.824000000000000       3.303959906079432E-002
 -0.820000000000000       3.336175260407013E-002
 -0.816000000000000       3.368863614925413E-002
 -0.812000000000000       3.402034265289119E-002
 -0.808000000000000       3.435696736393495E-002
 -0.804000000000000       3.469860789185138E-002
 -0.800000000000000       3.504536427709201E-002
 -0.796000000000000       3.539733906403142E-002
 -0.792000000000000       3.575463737646772E-002
 -0.788000000000000       3.611736699578952E-002
 -0.784000000000000       3.648563844191730E-002
 -0.780000000000000       3.685956505713233E-002
 -0.776000000000000       3.723926309291114E-002
 -0.772000000000000       3.762485179988930E-002
 -0.768000000000000       3.801645352108393E-002
 -0.764000000000000       3.841419378851024E-002
 -0.760000000000000       3.881820142333406E-002
 -0.756000000000000       3.922860863970877E-002
 -0.752000000000000       3.964555115245213E-002
 -0.748000000000000       4.006916828872597E-002
 -0.744000000000000       4.049960310388959E-002
 -0.740000000000000       4.093700250170571E-002
 -0.736000000000000       4.138151735908675E-002
 -0.732000000000000       4.183330265557806E-002
 -0.728000000000000       4.229251760778484E-002
 -0.724000000000000       4.275932580895894E-002
 -0.720000000000000       4.323389537397320E-002
 -0.716000000000000       4.371639908992173E-002
 -0.712000000000000       4.420701457259677E-002
 -0.708000000000000       4.470592442910536E-002
 -0.704000000000000       4.521331642690214E-002
 -0.700000000000000       4.572938366952900E-002
 -0.696000000000000       4.625432477936688E-002
 -0.692000000000000       4.678834408772088E-002
 -0.688000000000000       4.733165183257639E-002
 -0.684000000000000       4.788446436438163E-002
 -0.680000000000000       4.844700436023041E-002
 -0.676000000000000       4.901950104683869E-002
 -0.672000000000000       4.960219043272952E-002
 -0.668000000000000       5.019531555006259E-002
 -0.664000000000000       5.079912670656846E-002
 -0.660000000000000       5.141388174807199E-002
 -0.656000000000000       5.203984633211599E-002
 -0.652000000000000       5.267729421322364E-002
 -0.648000000000000       5.332650754036817E-002
 -0.644000000000000       5.398777716724934E-002
 -0.640000000000000       5.466140297600972E-002
 -0.636000000000000       5.534769421505900E-002
 -0.632000000000000       5.604696985171218E-002
 -0.628000000000000       5.675955894038733E-002
 -0.624000000000000       5.748580100715124E-002
 -0.620000000000000       5.822604645144595E-002
 -0.616000000000000       5.898065696587773E-002
 -0.612000000000000       5.975000597500060E-002
 -0.608000000000000       6.053447909408135E-002
 -0.604000000000000       6.133447460889051E-002
 -0.600000000000000       6.215040397762586E-002
 -0.596000000000000       6.298269235614054E-002
 -0.592000000000000       6.383177914771807E-002
 -0.588000000000000       6.469811857871172E-002
 -0.584000000000000       6.558218030144483E-002
 -0.580000000000000       6.648445002585504E-002
 -0.576000000000000       6.740543018145539E-002
 -0.572000000000000       6.834564061128340E-002
 -0.568000000000000       6.930561929961279E-002
 -0.564000000000000       7.028592313531444E-002
 -0.560000000000000       7.128712871287127E-002
 -0.556000000000000       7.230983317318043E-002
 -0.552000000000000       7.335465508641177E-002
 -0.548000000000000       7.442223537933838E-002
 -0.544000000000000       7.551323830971166E-002
 -0.540000000000000       7.662835249042144E-002
 -0.536000000000000       7.776829196636260E-002
 -0.532000000000000       7.893379734712276E-002
 -0.528000000000000       8.012563699881413E-002
 -0.524000000000000       8.134460829859616E-002
 -0.520000000000000       8.259153895567586E-002
 -0.516000000000000       8.386728840283135E-002
 -0.512000000000000       8.517274926278252E-002
 -0.508000000000000       8.650884889403242E-002
 -0.504000000000000       8.787655102112552E-002
 -0.500000000000000       8.927685745461759E-002
 -0.496000000000000       9.071080990642674E-002
 -0.492000000000000       9.217949190664058E-002
 -0.488000000000000       9.368403082829173E-002
 -0.484000000000000       9.522560002708637E-002
 -0.480000000000000       9.680542110358178E-002
 -0.476000000000000       9.842476629586046E-002
 -0.472000000000000       0.100084961011347     
 -0.468000000000000       0.101787386507064     
 -0.464000000000000       0.103533482728314     
 -0.460000000000000       0.105324751316559     
 -0.456000000000000       0.107162758798062     
 -0.452000000000000       0.109049139965783     
 -0.448000000000000       0.110985601467970     
 -0.444000000000000       0.112973925617967     
 -0.440000000000000       0.115015974440895     
 -0.436000000000000       0.117113693974110     
 -0.432000000000000       0.119269118839750     
 -0.428000000000000       0.121484377109104     
 -0.424000000000000       0.123761695480223     
 -0.420000000000000       0.126103404791929     
 -0.416000000000000       0.128511945899327     
 -0.412000000000000       0.130989875938033     
 -0.408000000000000       0.133539875006677     
 -0.404000000000000       0.136164753299726     
 -0.400000000000000       0.138867458725505     
 -0.396000000000000       0.141651085047311     
 -0.392000000000000       0.144518880588866     
 -0.388000000000000       0.147474257549043     
 -0.384000000000000       0.150520801974833     
 -0.380000000000000       0.153662284445962     
 -0.376000000000000       0.156902671529487     
 -0.372000000000000       0.160246138068073     
 -0.368000000000000       0.163697080371629     
 -0.364000000000000       0.167260130388564     
 -0.360000000000000       0.170940170940171     
 -0.356000000000000       0.174742352109723     
 -0.352000000000000       0.178672108886754     
 -0.348000000000000       0.182735180176888     
 -0.344000000000000       0.186937629298527     
 -0.340000000000000       0.191285866099894     
 -0.336000000000000       0.195786670843449     
 -0.332000000000000       0.200447220019777     
 -0.328000000000000       0.205275114269814     
 -0.324000000000000       0.210278408613004     
 -0.320000000000000       0.215465645199904     
 -0.316000000000000       0.220845888831087     
 -0.312000000000000       0.226428765510370     
 -0.308000000000000       0.232224504329697     
 -0.304000000000000       0.238243983015851     
 -0.300000000000000       0.244498777506112     
 -0.296000000000000       0.251001215961446     
 -0.292000000000000       0.257764437672559     
 -0.288000000000000       0.264802457366804     
 -0.284000000000000       0.272130235483364     
 -0.280000000000000       0.279763755051290     
 -0.276000000000000       0.287720105880999     
 -0.272000000000000       0.296017576865897     
 -0.268000000000000       0.304675757288521     
 -0.264000000000000       0.313715648136529     
 -0.260000000000000       0.323159784560143     
 -0.256000000000000       0.333032370746436     
 -0.252000000000000       0.343359428649911     
 -0.248000000000000       0.354168962206236     
 -0.244000000000000       0.365491138870389     
 -0.240000000000000       0.377358490566038     
 -0.236000000000000       0.389806136414823     
 -0.232000000000000       0.402872029937868     
 -0.228000000000000       0.416597233794368     
 -0.224000000000000       0.431026225551235     
 -0.220000000000000       0.446207238472980     
 -0.216000000000000       0.462192641893141     
 -0.212000000000000       0.479039366390598     
 -0.208000000000000       0.496809379761090     
 -0.204000000000000       0.515570220664054     
 -0.200000000000000       0.535395597858418     
 -0.196000000000000       0.556366064142825     
 -0.192000000000000       0.578569775514927     
 -0.188000000000000       0.602103347694613     
 -0.184000000000000       0.627072824057300     
 -0.180000000000000       0.653594771241830     
 -0.176000000000000       0.681797521287233     
 -0.172000000000000       0.711822582175962     
 -0.168000000000000       0.743826242189824     
 -0.164000000000000       0.777981397600359     
 -0.160000000000000       0.814479638009049     
 -0.156000000000000       0.853533629224991     
 -0.152000000000000       0.895379840025468     
 -0.148000000000000       0.940281666597016     
 -0.144000000000000       0.988533017002767     
 -0.140000000000000        1.04046242774566     
 -0.136000000000000        1.09643779542907     
 -0.132000000000000        1.15687181860250     
 -0.128000000000000        1.22222825791732     
 -0.124000000000000        1.29302913625654     
 -0.120000000000000        1.36986301369863     
 -0.116000000000000        1.45339448356049     
 -0.112000000000000        1.54437504289931     
 -0.108000000000000        1.64365548980934     
 -0.104000000000000        1.75219998442489     
 -0.100000000000000        1.87110187110187     
 -9.599999999999997E-002   2.00160128102482     
 -9.199999999999997E-002   2.14510439508056     
 -8.799999999999997E-002   2.30320401269321     
 -8.399999999999996E-002   2.47770069375619     
 -7.999999999999996E-002   2.67062314540059     
 -7.599999999999996E-002   2.88424560953724     
 -7.199999999999995E-002   3.12109862671661     
 -6.799999999999995E-002   3.38396751391187     
 -6.399999999999995E-002   3.67586995588956     
 -6.000000000000005E-002   3.99999999999999     
 -5.600000000000005E-002   4.35962022863785     
 -5.200000000000005E-002   4.75787692958341     
 -4.800000000000004E-002   5.19750519750519     
 -4.400000000000004E-002   5.68038374147942     
 -4.000000000000004E-002   6.20689655172413     
 -3.600000000000003E-002   6.77506775067750     
 -3.200000000000003E-002   7.37946867825516     
 -2.800000000000002E-002   8.00996796012815     
 -2.400000000000002E-002   8.65051903114186     
 -2.000000000000002E-002   9.27835051546391     
 -1.600000000000001E-002   9.86409469530907     
 -1.200000000000001E-002   10.3734439834025     
 -8.000000000000007E-003   10.7707036859741     
 -4.000000000000004E-003   11.0240078392945     
  0.000000000000000E+000   11.1111111111111     
  4.000000000000004E-003   11.0240078392945     
  8.000000000000007E-003   10.7707036859742     
  1.200000000000001E-002   10.3734439834025     
  1.600000000000001E-002   9.86409469530908     
  2.000000000000002E-002   9.27835051546392     
  2.400000000000002E-002   8.65051903114187     
  2.800000000000002E-002   8.00996796012816     
  3.200000000000003E-002   7.37946867825517     
  3.600000000000003E-002   6.77506775067751     
  4.000000000000004E-002   6.20689655172414     
  4.400000000000004E-002   5.68038374147942     
  4.800000000000004E-002   5.19750519750520     
  5.200000000000005E-002   4.75787692958342     
  5.600000000000005E-002   4.35962022863786     
  6.000000000000005E-002   4.00000000000000     
  6.400000000000006E-002   3.67586995588956     
  6.800000000000006E-002   3.38396751391186     
  7.200000000000006E-002   3.12109862671660     
  7.600000000000007E-002   2.88424560953724     
  8.000000000000007E-002   2.67062314540059     
  8.400000000000007E-002   2.47770069375619     
  8.800000000000008E-002   2.30320401269321     
  9.200000000000008E-002   2.14510439508056     
  9.600000000000009E-002   2.00160128102482     
  0.100000000000000        1.87110187110187     
  0.104000000000000        1.75219998442489     
  0.108000000000000        1.64365548980933     
  0.112000000000000        1.54437504289931     
  0.116000000000000        1.45339448356049     
  0.120000000000000        1.36986301369863     
  0.124000000000000        1.29302913625654     
  0.128000000000000        1.22222825791733     
  0.132000000000000        1.15687181860250     
  0.136000000000000        1.09643779542907     
  0.140000000000000        1.04046242774567     
  0.144000000000000       0.988533017002769     
  0.148000000000000       0.940281666597018     
  0.152000000000000       0.895379840025470     
  0.156000000000000       0.853533629224993     
  0.160000000000000       0.814479638009051     
  0.164000000000000       0.777981397600360     
  0.168000000000000       0.743826242189825     
  0.172000000000000       0.711822582175963     
  0.176000000000000       0.681797521287234     
  0.180000000000000       0.653594771241831     
  0.184000000000000       0.627072824057301     
  0.188000000000000       0.602103347694614     
  0.192000000000000       0.578569775514927     
  0.196000000000000       0.556366064142826     
  0.200000000000000       0.535395597858418     
  0.204000000000000       0.515570220664055     
  0.208000000000000       0.496809379761090     
  0.212000000000000       0.479039366390598     
  0.216000000000000       0.462192641893141     
  0.220000000000000       0.446207238472980     
  0.224000000000000       0.431026225551235     
  0.228000000000000       0.416597233794368     
  0.232000000000000       0.402872029937868     
  0.236000000000000       0.389806136414823     
  0.240000000000000       0.377358490566038     
  0.244000000000000       0.365491138870389     
  0.248000000000000       0.354168962206237     
  0.252000000000000       0.343359428649911     
  0.256000000000000       0.333032370746437     
  0.260000000000000       0.323159784560144     
  0.264000000000000       0.313715648136529     
  0.268000000000000       0.304675757288521     
  0.272000000000000       0.296017576865898     
  0.276000000000000       0.287720105880999     
  0.280000000000000       0.279763755051290     
  0.284000000000000       0.272130235483364     
  0.288000000000000       0.264802457366804     
  0.292000000000000       0.257764437672559     
  0.296000000000000       0.251001215961446     
  0.300000000000000       0.244498777506112     
  0.304000000000000       0.238243983015851     
  0.308000000000000       0.232224504329697     
  0.312000000000000       0.226428765510370     
  0.316000000000000       0.220845888831087     
  0.320000000000000       0.215465645199904     
  0.324000000000000       0.210278408613004     
  0.328000000000000       0.205275114269814     
  0.332000000000000       0.200447220019777     
  0.336000000000000       0.195786670843449     
  0.340000000000000       0.191285866099894     
  0.344000000000000       0.186937629298527     
  0.348000000000000       0.182735180176888     
  0.352000000000000       0.178672108886754     
  0.356000000000000       0.174742352109723     
  0.360000000000000       0.170940170940171     
  0.364000000000000       0.167260130388564     
  0.368000000000000       0.163697080371629     
  0.372000000000000       0.160246138068073     
  0.376000000000000       0.156902671529487     
  0.380000000000000       0.153662284445962     
  0.384000000000000       0.150520801974833     
  0.388000000000000       0.147474257549044     
  0.392000000000000       0.144518880588866     
  0.396000000000000       0.141651085047312     
  0.400000000000000       0.138867458725505     
  0.404000000000000       0.136164753299726     
  0.408000000000000       0.133539875006677     
  0.412000000000000       0.130989875938033     
  0.416000000000000       0.128511945899327     
  0.420000000000000       0.126103404791929     
  0.424000000000000       0.123761695480223     
  0.428000000000000       0.121484377109104     
  0.432000000000000       0.119269118839750     
  0.436000000000000       0.117113693974110     
  0.440000000000000       0.115015974440895     
  0.444000000000000       0.112973925617967     
  0.448000000000000       0.110985601467970     
  0.452000000000000       0.109049139965783     
  0.456000000000000       0.107162758798063     
  0.460000000000000       0.105324751316559     
  0.464000000000000       0.103533482728314     
  0.468000000000000       0.101787386507064     
  0.472000000000000       0.100084961011347     
  0.476000000000000       9.842476629586050E-002
  0.480000000000000       9.680542110358183E-002
  0.484000000000000       9.522560002708641E-002
  0.488000000000000       9.368403082829177E-002
  0.492000000000000       9.217949190664063E-002
  0.496000000000000       9.071080990642678E-002
  0.500000000000000       8.927685745461761E-002
  0.504000000000000       8.787655102112552E-002
  0.508000000000000       8.650884889403242E-002
  0.512000000000000       8.517274926278252E-002
  0.516000000000000       8.386728840283135E-002
  0.520000000000000       8.259153895567586E-002
  0.524000000000000       8.134460829859616E-002
  0.528000000000000       8.012563699881413E-002
  0.532000000000000       7.893379734712276E-002
  0.536000000000000       7.776829196636260E-002
  0.540000000000000       7.662835249042144E-002
  0.544000000000000       7.551323830971166E-002
  0.548000000000000       7.442223537933838E-002
  0.552000000000000       7.335465508641177E-002
  0.556000000000000       7.230983317318043E-002
  0.560000000000000       7.128712871287127E-002
  0.564000000000000       7.028592313531444E-002
  0.568000000000000       6.930561929961279E-002
  0.572000000000000       6.834564061128340E-002
  0.576000000000000       6.740543018145539E-002
  0.580000000000000       6.648445002585504E-002
  0.584000000000000       6.558218030144483E-002
  0.588000000000000       6.469811857871172E-002
  0.592000000000000       6.383177914771807E-002
  0.596000000000000       6.298269235614051E-002
  0.600000000000000       6.215040397762583E-002
  0.604000000000000       6.133447460889047E-002
  0.608000000000000       6.053447909408131E-002
  0.612000000000000       5.975000597500057E-002
  0.616000000000000       5.898065696587770E-002
  0.620000000000000       5.822604645144592E-002
  0.624000000000000       5.748580100715121E-002
  0.628000000000000       5.675955894038734E-002
  0.632000000000000       5.604696985171218E-002
  0.636000000000000       5.534769421505901E-002
  0.640000000000000       5.466140297600972E-002
  0.644000000000000       5.398777716724934E-002
  0.648000000000000       5.332650754036817E-002
  0.652000000000000       5.267729421322365E-002
  0.656000000000000       5.203984633211599E-002
  0.660000000000000       5.141388174807198E-002
  0.664000000000000       5.079912670656844E-002
  0.668000000000000       5.019531555006258E-002
  0.672000000000000       4.960219043272951E-002
  0.676000000000000       4.901950104683868E-002
  0.680000000000000       4.844700436023040E-002
  0.684000000000000       4.788446436438162E-002
  0.688000000000000       4.733165183257638E-002
  0.692000000000000       4.678834408772087E-002
  0.696000000000000       4.625432477936687E-002
  0.700000000000000       4.572938366952899E-002
  0.704000000000000       4.521331642690212E-002
  0.708000000000000       4.470592442910534E-002
  0.712000000000000       4.420701457259676E-002
  0.716000000000000       4.371639908992171E-002
  0.720000000000000       4.323389537397319E-002
  0.724000000000000       4.275932580895893E-002
  0.728000000000000       4.229251760778482E-002
  0.732000000000000       4.183330265557805E-002
  0.736000000000000       4.138151735908673E-002
  0.740000000000000       4.093700250170570E-002
  0.744000000000000       4.049960310388957E-002
  0.748000000000000       4.006916828872596E-002
  0.752000000000000       3.964555115245211E-002
  0.756000000000000       3.922860863970876E-002
  0.760000000000000       3.881820142333404E-002
  0.764000000000000       3.841419378851022E-002
  0.768000000000000       3.801645352108392E-002
  0.772000000000000       3.762485179988929E-002
  0.776000000000000       3.723926309291112E-002
  0.780000000000000       3.685956505713232E-002
  0.784000000000000       3.648563844191729E-002
  0.788000000000000       3.611736699578950E-002
  0.792000000000000       3.575463737646772E-002
  0.796000000000000       3.539733906403142E-002
  0.800000000000000       3.504536427709201E-002
  0.804000000000000       3.469860789185138E-002
  0.808000000000000       3.435696736393495E-002
  0.812000000000000       3.402034265289119E-002
  0.816000000000000       3.368863614925413E-002
  0.820000000000000       3.336175260407013E-002
  0.824000000000000       3.303959906079432E-002
  0.828000000000000       3.272208478946610E-002
  0.832000000000000       3.240912122307701E-002
  0.836000000000000       3.210062189604819E-002
  0.840000000000000       3.179650238473767E-002
  0.844000000000000       3.149668024990165E-002
  0.848000000000000       3.120107498103667E-002
  0.852000000000000       3.090960794253285E-002
  0.856000000000000       3.062220232157122E-002
  0.860000000000000       3.033878307770098E-002
  0.864000000000000       3.005927689403503E-002
  0.868000000000000       2.978361213000479E-002
  0.872000000000000       2.951171877561780E-002
  0.876000000000000       2.924352840716350E-002
  0.880000000000000       2.897897414431529E-002
  0.884000000000000       2.871799060857889E-002
  0.888000000000000       2.846051388303867E-002
  0.892000000000000       2.820648147335616E-002
  0.896000000000000       2.795583226997631E-002
  0.900000000000000       2.770850651149903E-002
  0.904000000000000       2.746444574917515E-002
  0.908000000000000       2.722359281248752E-002
  0.912000000000000       2.698589177577962E-002
  0.916000000000000       2.675128792589537E-002
  0.920000000000000       2.651972773079530E-002
  0.924000000000000       2.629115880911567E-002
  0.928000000000000       2.606552990063820E-002
  0.932000000000000       2.584279083763951E-002
  0.936000000000000       2.562289251709047E-002
  0.940000000000000       2.540578687367678E-002
  0.944000000000000       2.519142685361318E-002
  0.948000000000000       2.497976638922473E-002
  0.952000000000000       2.477076037426967E-002
  0.956000000000000       2.456436463997921E-002
  0.960000000000000       2.436053593179050E-002
  0.964000000000000       2.415923188675011E-002
  0.968000000000000       2.396041101156595E-002
  0.972000000000000       2.376403266128648E-002
  0.976000000000000       2.357005701858682E-002
  0.980000000000000       2.337844507364210E-002
  0.984000000000000       2.318915860456919E-002
  0.988000000000000       2.300216015841843E-002
  0.992000000000000       2.281741303269786E-002
  0.996000000000000       2.263488125741292E-002
