  -1.00000000000000       0.187110187110187     
 -0.996000000000000       0.188360808896658     
 -0.992000000000000       0.189623147171160     
 -0.988000000000000       0.190897336260991     
 -0.984000000000000       0.192183512192122     
 -0.980000000000000       0.193481812709605     
 -0.976000000000000       0.194792377298117     
 -0.972000000000000       0.196115347202611     
 -0.968000000000000       0.197450865449082     
 -0.964000000000000       0.198799076865442     
 -0.960000000000000       0.200160128102482     
 -0.956000000000000       0.201534167654931     
 -0.952000000000000       0.202921345882591     
 -0.948000000000000       0.204321815031547     
 -0.944000000000000       0.205735729255438     
 -0.940000000000000       0.207163244636774     
 -0.936000000000000       0.208604519208304     
 -0.932000000000000       0.210059712974408     
 -0.928000000000000       0.211528987932506     
 -0.924000000000000       0.213012508094475     
 -0.920000000000000       0.214510439508056     
 -0.916000000000000       0.216022950278238     
 -0.912000000000000       0.217550210588604     
 -0.908000000000000       0.219092392722627     
 -0.904000000000000       0.220649671084890     
 -0.900000000000000       0.222222222222222     
 -0.896000000000000       0.223810224844725     
 -0.892000000000000       0.225413859846679     
 -0.888000000000000       0.227033310327291     
 -0.884000000000000       0.228668761611292     
 -0.880000000000000       0.230320401269321     
 -0.876000000000000       0.231988419138117     
 -0.872000000000000       0.233673007340448     
 -0.868000000000000       0.235374360304794     
 -0.864000000000000       0.237092674784720     
 -0.860000000000000       0.238828149877932     
 -0.856000000000000       0.240580987044981     
 -0.852000000000000       0.242351390127574     
 -0.848000000000000       0.244139565366470     
 -0.844000000000000       0.245945721418921     
 -0.840000000000000       0.247770069375619     
 -0.836000000000000       0.249612822777115     
 -0.832000000000000       0.251474197629660     
 -0.828000000000000       0.253354412420447     
 -0.824000000000000       0.255253688132178     
 -0.820000000000000       0.257172248256944     
 -0.816000000000000       0.259110318809336     
 -0.812000000000000       0.261068128338771     
 -0.808000000000000       0.263045907940947     
 -0.804000000000000       0.265043891268394     
 -0.800000000000000       0.267062314540059     
 -0.796000000000000       0.269101416549857     
 -0.792000000000000       0.271161438674129     
 -0.788000000000000       0.273242624877952     
 -0.784000000000000       0.275345221720210     
 -0.780000000000000       0.277469478357381     
 -0.776000000000000       0.279615646545939     
 -0.772000000000000       0.281783980643319     
 -0.768000000000000       0.283974737607342     
 -0.764000000000000       0.286188176994032     
 -0.760000000000000       0.288424560953724     
 -0.756000000000000       0.290684154225385     
 -0.752000000000000       0.292967224129041     
 -0.748000000000000       0.295274040556218     
 -0.744000000000000       0.297604875958288     
 -0.740000000000000       0.299960005332622     
 -0.736000000000000       0.302339706206430     
 -0.732000000000000       0.304744258618168     
 -0.728000000000000       0.307173945096412     
 -0.724000000000000       0.309629050636047     
 -0.720000000000000       0.312109862671660     
 -0.716000000000000       0.314616671047995     
 -0.712000000000000       0.317149767987325     
 -0.708000000000000       0.319709448053609     
 -0.704000000000000       0.322296008113265     
 -0.700000000000000       0.324909747292419     
 -0.696000000000000       0.327550966930454     
 -0.692000000000000       0.330219970529702     
 -0.688000000000000       0.332917063701091     
 -0.684000000000000       0.335642554105580     
 -0.680000000000000       0.338396751391187     
 -0.676000000000000       0.341179967125415     
 -0.672000000000000       0.343992514722880     
 -0.668000000000000       0.346834709367929     
 -0.664000000000000       0.349706867932036     
 -0.660000000000000       0.352609308885755     
 -0.656000000000000       0.355542352204995     
 -0.652000000000000       0.358506319271388     
 -0.648000000000000       0.361501532766499     
 -0.644000000000000       0.364528316559630     
 -0.640000000000000       0.367586995588956     
 -0.636000000000000       0.370677895735722     
 -0.632000000000000       0.373801343691230     
 -0.628000000000000       0.376957666816333     
 -0.624000000000000       0.380147192993127     
 -0.620000000000000       0.383370250468564     
 -0.616000000000000       0.386627167689654     
 -0.612000000000000       0.389918273129952     
 -0.608000000000000       0.393243895106997     
 -0.604000000000000       0.396604361590366     
 -0.600000000000000       0.400000000000000     
 -0.596000000000000       0.403431136994456     
 -0.592000000000000       0.406898098248711     
 -0.588000000000000       0.410401208221157     
 -0.584000000000000       0.413940789909411     
 -0.580000000000000       0.417517164594544     
 -0.576000000000000       0.421130651573344     
 -0.572000000000000       0.424781567878207     
 -0.568000000000000       0.428470227984248     
 -0.564000000000000       0.432196943503216     
 -0.560000000000000       0.435962022863786     
 -0.556000000000000       0.439765770977805     
 -0.552000000000000       0.443608488892043     
 -0.548000000000000       0.447490473425032     
 -0.544000000000000       0.451412016788515     
 -0.540000000000000       0.455373406193078     
 -0.536000000000000       0.459374923437513     
 -0.532000000000000       0.463416844481426     
 -0.528000000000000       0.467499439000673     
 -0.524000000000000       0.471622969925127     
 -0.520000000000000       0.475787692958342     
 -0.516000000000000       0.479993856078642     
 -0.512000000000000       0.484241699021186     
 -0.508000000000000       0.488531452740553     
 -0.504000000000000       0.492863338853403     
 -0.500000000000000       0.497237569060774     
 -0.496000000000000       0.501654344549581     
 -0.492000000000000       0.506113855372905     
 -0.488000000000000       0.510616279808644     
 -0.484000000000000       0.515161783696160     
 -0.480000000000000       0.519750519750520     
 -0.476000000000000       0.524382626853984     
 -0.472000000000000       0.529058229324404     
 -0.468000000000000       0.533777436160219     
 -0.464000000000000       0.538540340261754     
 -0.460000000000000       0.543347017628592     
 -0.456000000000000       0.548197526532760     
 -0.452000000000000       0.553091906667584     
 -0.448000000000000       0.558030178272041     
 -0.444000000000000       0.563012341230520     
 -0.440000000000000       0.568038374147942     
 -0.436000000000000       0.573108233400238     
 -0.432000000000000       0.578221852160237     
 -0.428000000000000       0.583379139399093     
 -0.424000000000000       0.588579978863439     
 -0.420000000000000       0.593824228028503     
 -0.416000000000000       0.599111717027554     
 -0.412000000000000       0.604442247558053     
 -0.408000000000000       0.609815591765050     
 -0.404000000000000       0.615231491102385     
 -0.400000000000000       0.620689655172414     
 -0.396000000000000       0.626189760545036     
 -0.392000000000000       0.631731449556946     
 -0.388000000000000       0.637314329092124     
 -0.384000000000000       0.642937969344717     
 -0.380000000000000       0.648601902565581     
 -0.376000000000000       0.654305621793902     
 -0.372000000000000       0.660048579575457     
 -0.368000000000000       0.665830186669192     
 -0.364000000000000       0.671649810744009     
 -0.360000000000000       0.677506775067751     
 -0.356000000000000       0.683400357190587     
 -0.352000000000000       0.689329787625152     
 -0.348000000000000       0.695294248525976     
 -0.344000000000000       0.701292872370931     
 -0.340000000000000       0.707324740647595     
 -0.336000000000000       0.713388882547654     
 -0.332000000000000       0.719484273672631     
 -0.328000000000000       0.725609834754454     
 -0.324000000000000       0.731764430394567     
 -0.320000000000000       0.737946867825517     
 -0.316000000000000       0.744155895699110     
 -0.312000000000000       0.750390202905511     
 -0.308000000000000       0.756648417427799     
 -0.304000000000000       0.762929105236745     
 -0.300000000000000       0.769230769230769     
 -0.296000000000000       0.775551848226227     
 -0.292000000000000       0.781890716003392     
 -0.288000000000000       0.788245680413671     
 -0.284000000000000       0.794614982553786     
 -0.280000000000000       0.800996796012816     
 -0.276000000000000       0.807389226198165     
 -0.272000000000000       0.813790309746676     
 -0.268000000000000       0.820198014027209     
 -0.264000000000000       0.826610236741172     
 -0.260000000000000       0.833024805627545     
 -0.256000000000000       0.839439478279037     
 -0.252000000000000       0.845851942076059     
 -0.248000000000000       0.852259814245239     
 -0.244000000000000       0.858660642049184     
 -0.240000000000000       0.865051903114187     
 -0.236000000000000       0.871431005902493     
 -0.232000000000000       0.877795290335669     
 -0.228000000000000       0.884142028575470     
 -0.224000000000000       0.890468425968434     
 -0.220000000000000       0.896771622160223     
 -0.216000000000000       0.903048692385493     
 -0.212000000000000       0.909296648938750     
 -0.208000000000000       0.915512442831334     
 -0.204000000000000       0.921692965639286     
 -0.200000000000000       0.927835051546392     
 -0.196000000000000       0.933935479586246     
 -0.192000000000000       0.939990976086630     
 -0.188000000000000       0.945998217318915     
 -0.184000000000000       0.951953832354584     
 -0.180000000000000       0.957854406130268     
 -0.176000000000000       0.963696482721993     
 -0.172000000000000       0.969476568828528     
 -0.168000000000000       0.975191137462943     
 -0.164000000000000       0.980836631850599     
 -0.160000000000000       0.986409469530907     
 -0.156000000000000       0.991906046659260     
 -0.152000000000000       0.997322742504565     
 -0.148000000000000        1.00265592413682     
 -0.144000000000000        1.00790195129818     
 -0.140000000000000        1.01305718144980     
 -0.136000000000000        1.01811797498597     
 -0.132000000000000        1.02308070060566     
 -0.128000000000000        1.02794174083076     
 -0.124000000000000        1.03269749765922     
 -0.120000000000000        1.03734439834025     
 -0.116000000000000        1.04187890125766     
 -0.112000000000000        1.04629750190659     
 -0.108000000000000        1.05059673894772     
 -0.104000000000000        1.05477320032253     
 -0.100000000000000        1.05882352941176     
 -9.599999999999997E-002   1.06274443121918     
 -9.199999999999997E-002   1.06653267856127     
 -8.799999999999997E-002   1.07018511824356     
 -8.399999999999996E-002   1.07369867720323     
 -7.999999999999996E-002   1.07707036859742     
 -7.599999999999996E-002   1.08029729781636     
 -7.199999999999995E-002   1.08337666840007     
 -6.799999999999995E-002   1.08630578783724     
 -6.399999999999995E-002   1.08908207322504     
 -6.000000000000005E-002   1.09170305676856     
 -5.600000000000005E-002   1.09416639109883     
 -5.200000000000005E-002   1.09646985438880     
 -4.800000000000004E-002   1.09861135524697     
 -4.400000000000004E-002   1.10058893736915     
 -4.000000000000004E-002   1.10240078392945     
 -3.600000000000003E-002   1.10404522169228     
 -3.200000000000003E-002   1.10552072482852     
 -2.800000000000002E-002   1.10682591841955     
 -2.400000000000002E-002   1.10795958163446     
 -2.000000000000002E-002   1.10892065056678     
 -1.600000000000001E-002   1.10970822071850     
 -1.200000000000001E-002   1.11032154912063     
 -8.000000000000007E-003   1.11076005608104     
 -4.000000000000004E-003   1.11102332655198     
  0.000000000000000E+000   1.11111111111111     
  4.000000000000004E-003   1.11102332655198     
  8.000000000000007E-003   1.11076005608104     
  1.200000000000001E-002   1.11032154912063     
  1.600000000000001E-002   1.10970822071850     
  2.000000000000002E-002   1.10892065056678     
  2.400000000000002E-002   1.10795958163446     
  2.800000000000002E-002   1.10682591841955     
  3.200000000000003E-002   1.10552072482852     
  3.600000000000003E-002   1.10404522169228     
  4.000000000000004E-002   1.10240078392945     
  4.400000000000004E-002   1.10058893736915     
  4.800000000000004E-002   1.09861135524697     
  5.200000000000005E-002   1.09646985438880     
  5.600000000000005E-002   1.09416639109883     
  6.000000000000005E-002   1.09170305676856     
  6.400000000000006E-002   1.08908207322504     
  6.800000000000006E-002   1.08630578783724     
  7.200000000000006E-002   1.08337666840007     
  7.600000000000007E-002   1.08029729781636     
  8.000000000000007E-002   1.07707036859742     
  8.400000000000007E-002   1.07369867720323     
  8.800000000000008E-002   1.07018511824356     
  9.200000000000008E-002   1.06653267856127     
  9.600000000000009E-002   1.06274443121918     
  0.100000000000000        1.05882352941176     
  0.104000000000000        1.05477320032253     
  0.108000000000000        1.05059673894772     
  0.112000000000000        1.04629750190659     
  0.116000000000000        1.04187890125766     
  0.120000000000000        1.03734439834025     
  0.124000000000000        1.03269749765922     
  0.128000000000000        1.02794174083076     
  0.132000000000000        1.02308070060566     
  0.136000000000000        1.01811797498597     
  0.140000000000000        1.01305718144980     
  0.144000000000000        1.00790195129818     
  0.148000000000000        1.00265592413682     
  0.152000000000000       0.997322742504566     
  0.156000000000000       0.991906046659261     
  0.160000000000000       0.986409469530908     
  0.164000000000000       0.980836631850599     
  0.168000000000000       0.975191137462943     
  0.172000000000000       0.969476568828528     
  0.176000000000000       0.963696482721993     
  0.180000000000000       0.957854406130268     
  0.184000000000000       0.951953832354584     
  0.188000000000000       0.945998217318915     
  0.192000000000000       0.939990976086630     
  0.196000000000000       0.933935479586246     
  0.200000000000000       0.927835051546392     
  0.204000000000000       0.921692965639286     
  0.208000000000000       0.915512442831334     
  0.212000000000000       0.909296648938750     
  0.216000000000000       0.903048692385493     
  0.220000000000000       0.896771622160223     
  0.224000000000000       0.890468425968434     
  0.228000000000000       0.884142028575470     
  0.232000000000000       0.877795290335669     
  0.236000000000000       0.871431005902493     
  0.240000000000000       0.865051903114187     
  0.244000000000000       0.858660642049184     
  0.248000000000000       0.852259814245239     
  0.252000000000000       0.845851942076059     
  0.256000000000000       0.839439478279037     
  0.260000000000000       0.833024805627545     
  0.264000000000000       0.826610236741172     
  0.268000000000000       0.820198014027209     
  0.272000000000000       0.813790309746676     
  0.276000000000000       0.807389226198166     
  0.280000000000000       0.800996796012816     
  0.284000000000000       0.794614982553787     
  0.288000000000000       0.788245680413671     
  0.292000000000000       0.781890716003392     
  0.296000000000000       0.775551848226227     
  0.300000000000000       0.769230769230769     
  0.304000000000000       0.762929105236745     
  0.308000000000000       0.756648417427799     
  0.312000000000000       0.750390202905511     
  0.316000000000000       0.744155895699110     
  0.320000000000000       0.737946867825517     
  0.324000000000000       0.731764430394567     
  0.328000000000000       0.725609834754454     
  0.332000000000000       0.719484273672631     
  0.336000000000000       0.713388882547654     
  0.340000000000000       0.707324740647595     
  0.344000000000000       0.701292872370931     
  0.348000000000000       0.695294248525976     
  0.352000000000000       0.689329787625152     
  0.356000000000000       0.683400357190587     
  0.360000000000000       0.677506775067751     
  0.364000000000000       0.671649810744009     
  0.368000000000000       0.665830186669192     
  0.372000000000000       0.660048579575457     
  0.376000000000000       0.654305621793903     
  0.380000000000000       0.648601902565581     
  0.384000000000000       0.642937969344718     
  0.388000000000000       0.637314329092125     
  0.392000000000000       0.631731449556946     
  0.396000000000000       0.626189760545036     
  0.400000000000000       0.620689655172414     
  0.404000000000000       0.615231491102386     
  0.408000000000000       0.609815591765050     
  0.412000000000000       0.604442247558054     
  0.416000000000000       0.599111717027554     
  0.420000000000000       0.593824228028504     
  0.424000000000000       0.588579978863439     
  0.428000000000000       0.583379139399094     
  0.432000000000000       0.578221852160237     
  0.436000000000000       0.573108233400239     
  0.440000000000000       0.568038374147943     
  0.444000000000000       0.563012341230520     
  0.448000000000000       0.558030178272041     
  0.452000000000000       0.553091906667585     
  0.456000000000000       0.548197526532760     
  0.460000000000000       0.543347017628592     
  0.464000000000000       0.538540340261755     
  0.468000000000000       0.533777436160219     
  0.472000000000000       0.529058229324404     
  0.476000000000000       0.524382626853984     
  0.480000000000000       0.519750519750520     
  0.484000000000000       0.515161783696160     
  0.488000000000000       0.510616279808644     
  0.492000000000000       0.506113855372905     
  0.496000000000000       0.501654344549581     
  0.500000000000000       0.497237569060773     
  0.504000000000000       0.492863338853403     
  0.508000000000000       0.488531452740553     
  0.512000000000000       0.484241699021186     
  0.516000000000000       0.479993856078642     
  0.520000000000000       0.475787692958342     
  0.524000000000000       0.471622969925127     
  0.528000000000000       0.467499439000673     
  0.532000000000000       0.463416844481426     
  0.536000000000000       0.459374923437513     
  0.540000000000000       0.455373406193078     
  0.544000000000000       0.451412016788514     
  0.548000000000000       0.447490473425032     
  0.552000000000000       0.443608488892043     
  0.556000000000000       0.439765770977804     
  0.560000000000000       0.435962022863786     
  0.564000000000000       0.432196943503215     
  0.568000000000000       0.428470227984247     
  0.572000000000000       0.424781567878207     
  0.576000000000000       0.421130651573344     
  0.580000000000000       0.417517164594544     
  0.584000000000000       0.413940789909411     
  0.588000000000000       0.410401208221157     
  0.592000000000000       0.406898098248710     
  0.596000000000000       0.403431136994456     
  0.600000000000000       0.400000000000000     
  0.604000000000000       0.396604361590366     
  0.608000000000000       0.393243895106997     
  0.612000000000000       0.389918273129952     
  0.616000000000000       0.386627167689653     
  0.620000000000000       0.383370250468563     
  0.624000000000000       0.380147192993127     
  0.628000000000000       0.376957666816333     
  0.632000000000000       0.373801343691230     
  0.636000000000000       0.370677895735722     
  0.640000000000000       0.367586995588956     
  0.644000000000000       0.364528316559630     
  0.648000000000000       0.361501532766499     
  0.652000000000000       0.358506319271388     
  0.656000000000000       0.355542352204995     
  0.660000000000000       0.352609308885755     
  0.664000000000000       0.349706867932036     
  0.668000000000000       0.346834709367928     
  0.672000000000000       0.343992514722880     
  0.676000000000000       0.341179967125415     
  0.680000000000000       0.338396751391187     
  0.684000000000000       0.335642554105580     
  0.688000000000000       0.332917063701091     
  0.692000000000000       0.330219970529702     
  0.696000000000000       0.327550966930454     
  0.700000000000000       0.324909747292419     
  0.704000000000000       0.322296008113265     
  0.708000000000000       0.319709448053609     
  0.712000000000000       0.317149767987325     
  0.716000000000000       0.314616671047995     
  0.720000000000000       0.312109862671660     
  0.724000000000000       0.309629050636047     
  0.728000000000000       0.307173945096412     
  0.732000000000000       0.304744258618168     
  0.736000000000000       0.302339706206430     
  0.740000000000000       0.299960005332622     
  0.744000000000000       0.297604875958288     
  0.748000000000000       0.295274040556218     
  0.752000000000000       0.292967224129041     
  0.756000000000000       0.290684154225385     
  0.760000000000000       0.288424560953724     
  0.764000000000000       0.286188176994032     
  0.768000000000000       0.283974737607342     
  0.772000000000000       0.281783980643319     
  0.776000000000000       0.279615646545939     
  0.780000000000000       0.277469478357381     
  0.784000000000000       0.275345221720210     
  0.788000000000000       0.273242624877952     
  0.792000000000000       0.271161438674129     
  0.796000000000000       0.269101416549857     
  0.800000000000000       0.267062314540059     
  0.804000000000000       0.265043891268394     
  0.808000000000000       0.263045907940947     
  0.812000000000000       0.261068128338771     
  0.816000000000000       0.259110318809336     
  0.820000000000000       0.257172248256944     
  0.824000000000000       0.255253688132178     
  0.828000000000000       0.253354412420447     
  0.832000000000000       0.251474197629660     
  0.836000000000000       0.249612822777115     
  0.840000000000000       0.247770069375619     
  0.844000000000000       0.245945721418921     
  0.848000000000000       0.244139565366470     
  0.852000000000000       0.242351390127574     
  0.856000000000000       0.240580987044981     
  0.860000000000000       0.238828149877932     
  0.864000000000000       0.237092674784720     
  0.868000000000000       0.235374360304794     
  0.872000000000000       0.233673007340448     
  0.876000000000000       0.231988419138117     
  0.880000000000000       0.230320401269321     
  0.884000000000000       0.228668761611292     
  0.888000000000000       0.227033310327291     
  0.892000000000000       0.225413859846679     
  0.896000000000000       0.223810224844725     
  0.900000000000000       0.222222222222222     
  0.904000000000000       0.220649671084890     
  0.908000000000000       0.219092392722627     
  0.912000000000000       0.217550210588604     
  0.916000000000000       0.216022950278238     
  0.920000000000000       0.214510439508056     
  0.924000000000000       0.213012508094475     
  0.928000000000000       0.211528987932506     
  0.932000000000000       0.210059712974408     
  0.936000000000000       0.208604519208304     
  0.940000000000000       0.207163244636774     
  0.944000000000000       0.205735729255438     
  0.948000000000000       0.204321815031547     
  0.952000000000000       0.202921345882591     
  0.956000000000000       0.201534167654931     
  0.960000000000000       0.200160128102482     
  0.964000000000000       0.198799076865442     
  0.968000000000000       0.197450865449082     
  0.972000000000000       0.196115347202611     
  0.976000000000000       0.194792377298117     
  0.980000000000000       0.193481812709605     
  0.984000000000000       0.192183512192122     
  0.988000000000000       0.190897336260991     
  0.992000000000000       0.189623147171160     
  0.996000000000000       0.188360808896658     
