  -1.00000000000000       0.188479940349206     
 -0.996000000000000       0.189734963191417     
 -0.992000000000000       0.191001679975216     
 -0.988000000000000       0.192280223704306     
 -0.984000000000000       0.193570729042672     
 -0.980000000000000       0.194873332333983     
 -0.976000000000000       0.196188171621101     
 -0.972000000000000       0.197515386665671     
 -0.968000000000000       0.198855118967806     
 -0.964000000000000       0.200207511785842     
 -0.960000000000000       0.201572710156164     
 -0.956000000000000       0.202950860913092     
 -0.952000000000000       0.204342112708822     
 -0.948000000000000       0.205746616033404     
 -0.944000000000000       0.207164523234753     
 -0.940000000000000       0.208595988538682     
 -0.936000000000000       0.210041168068942     
 -0.932000000000000       0.211500219867262     
 -0.928000000000000       0.212973303913373     
 -0.924000000000000       0.214460582145002     
 -0.920000000000000       0.215962218477822     
 -0.916000000000000       0.217478378825349     
 -0.912000000000000       0.219009231118757     
 -0.908000000000000       0.220554945326610     
 -0.904000000000000       0.222115693474485     
 -0.900000000000000       0.223691649664463     
 -0.896000000000000       0.225282990094480     
 -0.892000000000000       0.226889893077515     
 -0.888000000000000       0.228512539060577     
 -0.884000000000000       0.230151110643503     
 -0.880000000000000       0.231805792597499     
 -0.876000000000000       0.233476771883444     
 -0.872000000000000       0.235164237669900     
 -0.868000000000000       0.236868381350806     
 -0.864000000000000       0.238589396562844     
 -0.860000000000000       0.240327479202430     
 -0.856000000000000       0.242082827442297     
 -0.852000000000000       0.243855641747657     
 -0.848000000000000       0.245646124891889     
 -0.844000000000000       0.247454481971717     
 -0.840000000000000       0.249280920421860     
 -0.836000000000000       0.251125650029086     
 -0.832000000000000       0.252988882945658     
 -0.828000000000000       0.254870833702102     
 -0.824000000000000       0.256771719219278     
 -0.820000000000000       0.258691758819683     
 -0.816000000000000       0.260631174237955     
 -0.812000000000000       0.262590189630515     
 -0.808000000000000       0.264569031584309     
 -0.804000000000000       0.266567929124567     
 -0.800000000000000       0.268587113721555     
 -0.796000000000000       0.270626819296228     
 -0.792000000000000       0.272687282224745     
 -0.788000000000000       0.274768741341765     
 -0.784000000000000       0.276871437942462     
 -0.780000000000000       0.278995615783181     
 -0.776000000000000       0.281141521080671     
 -0.772000000000000       0.283309402509810     
 -0.768000000000000       0.285499511199738     
 -0.764000000000000       0.287712100728323     
 -0.760000000000000       0.289947427114864     
 -0.756000000000000       0.292205748810947     
 -0.752000000000000       0.294487326689354     
 -0.748000000000000       0.296792424030924     
 -0.744000000000000       0.299121306509274     
 -0.740000000000000       0.301474242173265     
 -0.736000000000000       0.303851501427100     
 -0.732000000000000       0.306253357007952     
 -0.728000000000000       0.308680083960983     
 -0.724000000000000       0.311131959611653     
 -0.720000000000000       0.313609263535169     
 -0.716000000000000       0.316112277522958     
 -0.712000000000000       0.318641285546011     
 -0.708000000000000       0.321196573714967     
 -0.704000000000000       0.323778430236778     
 -0.700000000000000       0.326387145367813     
 -0.696000000000000       0.329023011363226     
 -0.692000000000000       0.331686322422433     
 -0.688000000000000       0.334377374630531     
 -0.684000000000000       0.337096465895469     
 -0.680000000000000       0.339843895880793     
 -0.676000000000000       0.342619965933786     
 -0.672000000000000       0.345424979008790     
 -0.668000000000000       0.348259239585518     
 -0.664000000000000       0.351123053582150     
 -0.660000000000000       0.354016728262984     
 -0.656000000000000       0.356940572140435     
 -0.652000000000000       0.359894894871142     
 -0.648000000000000       0.362880007145945     
 -0.644000000000000       0.365896220573500     
 -0.640000000000000       0.368943847557267     
 -0.636000000000000       0.372023201165618     
 -0.632000000000000       0.375134594994798     
 -0.628000000000000       0.378278343024464     
 -0.624000000000000       0.381454759465527     
 -0.620000000000000       0.384664158599992     
 -0.616000000000000       0.387906854612511     
 -0.612000000000000       0.391183161413349     
 -0.608000000000000       0.394493392452431     
 -0.604000000000000       0.397837860524167     
 -0.600000000000000       0.401216877562718     
 -0.596000000000000       0.404630754427372     
 -0.592000000000000       0.408079800677682     
 -0.588000000000000       0.411564324338015     
 -0.584000000000000       0.415084631651161     
 -0.580000000000000       0.418641026820628     
 -0.576000000000000       0.422233811741255     
 -0.572000000000000       0.425863285717762     
 -0.568000000000000       0.429529745170858     
 -0.564000000000000       0.433233483330509     
 -0.560000000000000       0.436974789915966     
 -0.556000000000000       0.440753950802172     
 -0.552000000000000       0.444571247672108     
 -0.548000000000000       0.448426957654697     
 -0.544000000000000       0.452321352947843     
 -0.540000000000000       0.456254700426172     
 -0.536000000000000       0.460227261233085     
 -0.532000000000000       0.464239290356679     
 -0.528000000000000       0.468291036189120     
 -0.524000000000000       0.472382740069061     
 -0.520000000000000       0.476514635806671     
 -0.516000000000000       0.480686949190861     
 -0.512000000000000       0.484899897478307     
 -0.508000000000000       0.489153688863852     
 -0.504000000000000       0.493448521931889     
 -0.500000000000000       0.497784585088343     
 -0.496000000000000       0.502162055972859     
 -0.492000000000000       0.506581100850834     
 -0.488000000000000       0.511041873984936     
 -0.484000000000000       0.515544516985775     
 -0.480000000000000       0.520089158141396     
 -0.476000000000000       0.524675911725296     
 -0.472000000000000       0.529304877282700     
 -0.468000000000000       0.533976138894822     
 -0.464000000000000       0.538689764420903     
 -0.460000000000000       0.543445804717826     
 -0.456000000000000       0.548244292837158     
 -0.452000000000000       0.553085243199483     
 -0.448000000000000       0.557968650745961     
 -0.444000000000000       0.562894490067077     
 -0.440000000000000       0.567862714508580     
 -0.436000000000000       0.572873255254696     
 -0.432000000000000       0.577926020388722     
 -0.428000000000000       0.583020893931201     
 -0.424000000000000       0.588157734855908     
 -0.420000000000000       0.593336376083980     
 -0.416000000000000       0.598556623456579     
 -0.412000000000000       0.603818254686558     
 -0.408000000000000       0.609121018289695     
 -0.404000000000000       0.614464632496131     
 -0.400000000000000       0.619848784142769     
 -0.396000000000000       0.625273127547473     
 -0.392000000000000       0.630737283366002     
 -0.388000000000000       0.636240837432775     
 -0.384000000000000       0.641783339586607     
 -0.380000000000000       0.647364302482749     
 -0.376000000000000       0.652983200392651     
 -0.372000000000000       0.658639467993017     
 -0.368000000000000       0.664332499145858     
 -0.364000000000000       0.670061645671402     
 -0.360000000000000       0.675826216115856     
 -0.356000000000000       0.681625474516196     
 -0.352000000000000       0.687458639164292     
 -0.348000000000000       0.693324881372875     
 -0.344000000000000       0.699223324245991     
 -0.340000000000000       0.705153041456800     
 -0.336000000000000       0.711113056035709     
 -0.332000000000000       0.717102339172070     
 -0.328000000000000       0.723119809032799     
 -0.324000000000000       0.729164329601508     
 -0.320000000000000       0.735234709541892     
 -0.316000000000000       0.741329701089347     
 -0.312000000000000       0.747447998974928     
 -0.308000000000000       0.753588239385999     
 -0.304000000000000       0.759748998968077     
 -0.300000000000000       0.765928793872570     
 -0.296000000000000       0.772126078855285     
 -0.292000000000000       0.778339246430758     
 -0.288000000000000       0.784566626087616     
 -0.284000000000000       0.790806483570343     
 -0.280000000000000       0.797057020232986     
 -0.276000000000000       0.803316372470436     
 -0.272000000000000       0.809582611233092     
 -0.268000000000000       0.815853741630775     
 -0.264000000000000       0.822127702631893     
 -0.260000000000000       0.828402366863905     
 -0.256000000000000       0.834675540521204     
 -0.252000000000000       0.840944963386550     
 -0.248000000000000       0.847208308972215     
 -0.244000000000000       0.853463184786972     
 -0.240000000000000       0.859707132735002     
 -0.236000000000000       0.865937629652749     
 -0.232000000000000       0.872152087989603     
 -0.228000000000000       0.878347856638186     
 -0.224000000000000       0.884522221919821     
 -0.220000000000000       0.890672408730547     
 -0.216000000000000       0.896795581852799     
 -0.212000000000000       0.902888847437582     
 -0.208000000000000       0.908949254661611     
 -0.204000000000000       0.914973797563555     
 -0.200000000000000       0.920959417063050     
 -0.196000000000000       0.926903003165730     
 -0.192000000000000       0.932801397356994     
 -0.188000000000000       0.938651395186678     
 -0.184000000000000       0.944449749046209     
 -0.180000000000000       0.950193171139188     
 -0.176000000000000       0.955878336645644     
 -0.172000000000000       0.961501887079528     
 -0.168000000000000       0.967060433838188     
 -0.164000000000000       0.972550561941852     
 -0.160000000000000       0.977968833960236     
 -0.156000000000000       0.983311794122605     
 -0.152000000000000       0.988575972606668     
 -0.148000000000000       0.993757890000830     
 -0.144000000000000       0.998854061933342     
 -0.140000000000000        1.00386100386100     
 -0.136000000000000        1.00877523600906     
 -0.132000000000000        1.01359328845306     
 -0.128000000000000        1.01831170633233     
 -0.124000000000000        1.02292705518410     
 -0.120000000000000        1.02743592638591     
 -0.116000000000000        1.03183494269347     
 -0.112000000000000        1.03612076386011     
 -0.108000000000000        1.04029009232289     
 -0.104000000000000        1.04433967894014     
 -0.100000000000000        1.04826632876397     
 -9.599999999999997E-002   1.05206690683080     
 -9.199999999999997E-002   1.05573834395259     
 -8.799999999999997E-002   1.05927764249030     
 -8.399999999999996E-002   1.06268188209136     
 -7.999999999999996E-002   1.06594822537191     
 -7.599999999999996E-002   1.06907392352480     
 -7.199999999999995E-002   1.07205632183366     
 -6.799999999999995E-002   1.07489286507378     
 -6.399999999999995E-002   1.07758110277992     
 -6.000000000000005E-002   1.08011869436202     
 -5.600000000000005E-002   1.08250341404923     
 -5.200000000000005E-002   1.08473315564371     
 -4.800000000000004E-002   1.08680593706558     
 -4.400000000000004E-002   1.08871990467121     
 -4.000000000000004E-002   1.09047333732774     
 -3.600000000000003E-002   1.09206465022729     
 -3.200000000000003E-002   1.09349239842537     
 -2.800000000000002E-002   1.09475528008893     
 -2.400000000000002E-002   1.09585213944056     
 -2.000000000000002E-002   1.09678196938653     
 -1.600000000000001E-002   1.09754391381747     
 -1.200000000000001E-002   1.09813726957218     
 -8.000000000000007E-003   1.09856148805586     
 -4.000000000000004E-003   1.09881617650610     
  0.000000000000000E+000   1.09890109890110     
  4.000000000000004E-003   1.09881617650610     
  8.000000000000007E-003   1.09856148805586     
  1.200000000000001E-002   1.09813726957218     
  1.600000000000001E-002   1.09754391381747     
  2.000000000000002E-002   1.09678196938653     
  2.400000000000002E-002   1.09585213944056     
  2.800000000000002E-002   1.09475528008893     
  3.200000000000003E-002   1.09349239842537     
  3.600000000000003E-002   1.09206465022729     
  4.000000000000004E-002   1.09047333732774     
  4.400000000000004E-002   1.08871990467121     
  4.800000000000004E-002   1.08680593706558     
  5.200000000000005E-002   1.08473315564371     
  5.600000000000005E-002   1.08250341404923     
  6.000000000000005E-002   1.08011869436202     
  6.400000000000006E-002   1.07758110277992     
  6.800000000000006E-002   1.07489286507378     
  7.200000000000006E-002   1.07205632183366     
  7.600000000000007E-002   1.06907392352480     
  8.000000000000007E-002   1.06594822537191     
  8.400000000000007E-002   1.06268188209136     
  8.800000000000008E-002   1.05927764249030     
  9.200000000000008E-002   1.05573834395259     
  9.600000000000009E-002   1.05206690683080     
  0.100000000000000        1.04826632876397     
  0.104000000000000        1.04433967894014     
  0.108000000000000        1.04029009232289     
  0.112000000000000        1.03612076386011     
  0.116000000000000        1.03183494269347     
  0.120000000000000        1.02743592638591     
  0.124000000000000        1.02292705518410     
  0.128000000000000        1.01831170633233     
  0.132000000000000        1.01359328845306     
  0.136000000000000        1.00877523600906     
  0.140000000000000        1.00386100386100     
  0.144000000000000       0.998854061933343     
  0.148000000000000       0.993757890000830     
  0.152000000000000       0.988575972606669     
  0.156000000000000       0.983311794122605     
  0.160000000000000       0.977968833960237     
  0.164000000000000       0.972550561941852     
  0.168000000000000       0.967060433838189     
  0.172000000000000       0.961501887079528     
  0.176000000000000       0.955878336645644     
  0.180000000000000       0.950193171139188     
  0.184000000000000       0.944449749046210     
  0.188000000000000       0.938651395186678     
  0.192000000000000       0.932801397356994     
  0.196000000000000       0.926903003165730     
  0.200000000000000       0.920959417063050     
  0.204000000000000       0.914973797563556     
  0.208000000000000       0.908949254661611     
  0.212000000000000       0.902888847437582     
  0.216000000000000       0.896795581852800     
  0.220000000000000       0.890672408730547     
  0.224000000000000       0.884522221919822     
  0.228000000000000       0.878347856638186     
  0.232000000000000       0.872152087989603     
  0.236000000000000       0.865937629652750     
  0.240000000000000       0.859707132735002     
  0.244000000000000       0.853463184786972     
  0.248000000000000       0.847208308972215     
  0.252000000000000       0.840944963386550     
  0.256000000000000       0.834675540521205     
  0.260000000000000       0.828402366863905     
  0.264000000000000       0.822127702631893     
  0.268000000000000       0.815853741630775     
  0.272000000000000       0.809582611233092     
  0.276000000000000       0.803316372470436     
  0.280000000000000       0.797057020232986     
  0.284000000000000       0.790806483570344     
  0.288000000000000       0.784566626087616     
  0.292000000000000       0.778339246430759     
  0.296000000000000       0.772126078855285     
  0.300000000000000       0.765928793872570     
  0.304000000000000       0.759748998968077     
  0.308000000000000       0.753588239386000     
  0.312000000000000       0.747447998974928     
  0.316000000000000       0.741329701089347     
  0.320000000000000       0.735234709541892     
  0.324000000000000       0.729164329601508     
  0.328000000000000       0.723119809032799     
  0.332000000000000       0.717102339172070     
  0.336000000000000       0.711113056035709     
  0.340000000000000       0.705153041456800     
  0.344000000000000       0.699223324245991     
  0.348000000000000       0.693324881372875     
  0.352000000000000       0.687458639164292     
  0.356000000000000       0.681625474516196     
  0.360000000000000       0.675826216115856     
  0.364000000000000       0.670061645671402     
  0.368000000000000       0.664332499145858     
  0.372000000000000       0.658639467993017     
  0.376000000000000       0.652983200392651     
  0.380000000000000       0.647364302482749     
  0.384000000000000       0.641783339586607     
  0.388000000000000       0.636240837432775     
  0.392000000000000       0.630737283366003     
  0.396000000000000       0.625273127547473     
  0.400000000000000       0.619848784142770     
  0.404000000000000       0.614464632496131     
  0.408000000000000       0.609121018289695     
  0.412000000000000       0.603818254686559     
  0.416000000000000       0.598556623456579     
  0.420000000000000       0.593336376083980     
  0.424000000000000       0.588157734855908     
  0.428000000000000       0.583020893931201     
  0.432000000000000       0.577926020388722     
  0.436000000000000       0.572873255254696     
  0.440000000000000       0.567862714508581     
  0.444000000000000       0.562894490067077     
  0.448000000000000       0.557968650745961     
  0.452000000000000       0.553085243199483     
  0.456000000000000       0.548244292837158     
  0.460000000000000       0.543445804717826     
  0.464000000000000       0.538689764420903     
  0.468000000000000       0.533976138894822     
  0.472000000000000       0.529304877282700     
  0.476000000000000       0.524675911725296     
  0.480000000000000       0.520089158141396     
  0.484000000000000       0.515544516985776     
  0.488000000000000       0.511041873984936     
  0.492000000000000       0.506581100850834     
  0.496000000000000       0.502162055972859     
  0.500000000000000       0.497784585088343     
  0.504000000000000       0.493448521931889     
  0.508000000000000       0.489153688863852     
  0.512000000000000       0.484899897478307     
  0.516000000000000       0.480686949190861     
  0.520000000000000       0.476514635806671     
  0.524000000000000       0.472382740069061     
  0.528000000000000       0.468291036189119     
  0.532000000000000       0.464239290356679     
  0.536000000000000       0.460227261233085     
  0.540000000000000       0.456254700426172     
  0.544000000000000       0.452321352947843     
  0.548000000000000       0.448426957654697     
  0.552000000000000       0.444571247672108     
  0.556000000000000       0.440753950802172     
  0.560000000000000       0.436974789915966     
  0.564000000000000       0.433233483330508     
  0.568000000000000       0.429529745170858     
  0.572000000000000       0.425863285717762     
  0.576000000000000       0.422233811741255     
  0.580000000000000       0.418641026820628     
  0.584000000000000       0.415084631651161     
  0.588000000000000       0.411564324338014     
  0.592000000000000       0.408079800677681     
  0.596000000000000       0.404630754427372     
  0.600000000000000       0.401216877562718     
  0.604000000000000       0.397837860524167     
  0.608000000000000       0.394493392452431     
  0.612000000000000       0.391183161413349     
  0.616000000000000       0.387906854612511     
  0.620000000000000       0.384664158599991     
  0.624000000000000       0.381454759465527     
  0.628000000000000       0.378278343024464     
  0.632000000000000       0.375134594994798     
  0.636000000000000       0.372023201165618     
  0.640000000000000       0.368943847557267     
  0.644000000000000       0.365896220573500     
  0.648000000000000       0.362880007145945     
  0.652000000000000       0.359894894871142     
  0.656000000000000       0.356940572140435     
  0.660000000000000       0.354016728262984     
  0.664000000000000       0.351123053582150     
  0.668000000000000       0.348259239585518     
  0.672000000000000       0.345424979008790     
  0.676000000000000       0.342619965933786     
  0.680000000000000       0.339843895880793     
  0.684000000000000       0.337096465895469     
  0.688000000000000       0.334377374630531     
  0.692000000000000       0.331686322422433     
  0.696000000000000       0.329023011363225     
  0.700000000000000       0.326387145367813     
  0.704000000000000       0.323778430236778     
  0.708000000000000       0.321196573714967     
  0.712000000000000       0.318641285546011     
  0.716000000000000       0.316112277522958     
  0.720000000000000       0.313609263535169     
  0.724000000000000       0.311131959611653     
  0.728000000000000       0.308680083960983     
  0.732000000000000       0.306253357007952     
  0.736000000000000       0.303851501427100     
  0.740000000000000       0.301474242173265     
  0.744000000000000       0.299121306509274     
  0.748000000000000       0.296792424030924     
  0.752000000000000       0.294487326689354     
  0.756000000000000       0.292205748810947     
  0.760000000000000       0.289947427114864     
  0.764000000000000       0.287712100728323     
  0.768000000000000       0.285499511199738     
  0.772000000000000       0.283309402509810     
  0.776000000000000       0.281141521080671     
  0.780000000000000       0.278995615783181     
  0.784000000000000       0.276871437942462     
  0.788000000000000       0.274768741341765     
  0.792000000000000       0.272687282224745     
  0.796000000000000       0.270626819296228     
  0.800000000000000       0.268587113721555     
  0.804000000000000       0.266567929124567     
  0.808000000000000       0.264569031584309     
  0.812000000000000       0.262590189630515     
  0.816000000000000       0.260631174237955     
  0.820000000000000       0.258691758819683     
  0.824000000000000       0.256771719219278     
  0.828000000000000       0.254870833702102     
  0.832000000000000       0.252988882945658     
  0.836000000000000       0.251125650029086     
  0.840000000000000       0.249280920421860     
  0.844000000000000       0.247454481971717     
  0.848000000000000       0.245646124891889     
  0.852000000000000       0.243855641747657     
  0.856000000000000       0.242082827442296     
  0.860000000000000       0.240327479202430     
  0.864000000000000       0.238589396562844     
  0.868000000000000       0.236868381350806     
  0.872000000000000       0.235164237669900     
  0.876000000000000       0.233476771883444     
  0.880000000000000       0.231805792597499     
  0.884000000000000       0.230151110643503     
  0.888000000000000       0.228512539060577     
  0.892000000000000       0.226889893077515     
  0.896000000000000       0.225282990094480     
  0.900000000000000       0.223691649664463     
  0.904000000000000       0.222115693474485     
  0.908000000000000       0.220554945326610     
  0.912000000000000       0.219009231118757     
  0.916000000000000       0.217478378825349     
  0.920000000000000       0.215962218477822     
  0.924000000000000       0.214460582145002     
  0.928000000000000       0.212973303913373     
  0.932000000000000       0.211500219867262     
  0.936000000000000       0.210041168068942     
  0.940000000000000       0.208595988538682     
  0.944000000000000       0.207164523234753     
  0.948000000000000       0.205746616033404     
  0.952000000000000       0.204342112708822     
  0.956000000000000       0.202950860913092     
  0.960000000000000       0.201572710156163     
  0.964000000000000       0.200207511785842     
  0.968000000000000       0.198855118967806     
  0.972000000000000       0.197515386665671     
  0.976000000000000       0.196188171621101     
  0.980000000000000       0.194873332333983     
  0.984000000000000       0.193570729042671     
  0.988000000000000       0.192280223704306     
  0.992000000000000       0.191001679975216     
  0.996000000000000       0.189734963191417     
