  -1.00000000000000       0.189831627599868     
 -0.996000000000000       0.191090846249967     
 -0.992000000000000       0.192361733731215     
 -0.988000000000000       0.193644421693564     
 -0.984000000000000       0.194939043408687     
 -0.980000000000000       0.196245733788396     
 -0.976000000000000       0.197564629403114     
 -0.972000000000000       0.198895868500429     
 -0.968000000000000       0.200239591023694     
 -0.964000000000000       0.201595938630690     
 -0.960000000000000       0.202965054712319     
 -0.956000000000000       0.204347084411338     
 -0.952000000000000       0.205742174641114     
 -0.948000000000000       0.207150474104389     
 -0.944000000000000       0.208572133312053     
 -0.940000000000000       0.210007304601899     
 -0.936000000000000       0.211456142157368     
 -0.932000000000000       0.212918802026246     
 -0.928000000000000       0.214395442139331     
 -0.924000000000000       0.215886222329018     
 -0.920000000000000       0.217391304347826     
 -0.916000000000000       0.218910851886821     
 -0.912000000000000       0.220445030593936     
 -0.908000000000000       0.221994008092164     
 -0.904000000000000       0.223557953997605     
 -0.900000000000000       0.225137039937353     
 -0.896000000000000       0.226731439567199     
 -0.892000000000000       0.228341328589129     
 -0.888000000000000       0.229966884768593     
 -0.884000000000000       0.231608287951535     
 -0.880000000000000       0.233265720081136     
 -0.876000000000000       0.234939365214265     
 -0.872000000000000       0.236629409537606     
 -0.868000000000000       0.238336041383427     
 -0.864000000000000       0.240059451244969     
 -0.860000000000000       0.241799831791421     
 -0.856000000000000       0.243557377882449     
 -0.852000000000000       0.245332286582244     
 -0.848000000000000       0.247124757173065     
 -0.844000000000000       0.248934991168219     
 -0.840000000000000       0.250763192324466     
 -0.836000000000000       0.252609566653780     
 -0.832000000000000       0.254474322434456     
 -0.828000000000000       0.256357670221493     
 -0.824000000000000       0.258259822856219     
 -0.820000000000000       0.260180995475113     
 -0.816000000000000       0.262121405517770     
 -0.812000000000000       0.264081272733953     
 -0.808000000000000       0.266060819189694     
 -0.804000000000000       0.268060269272368     
 -0.800000000000000       0.270079849694692     
 -0.796000000000000       0.272119789497596     
 -0.792000000000000       0.274180320051880     
 -0.788000000000000       0.276261675058615     
 -0.784000000000000       0.278364090548208     
 -0.780000000000000       0.280487804878049     
 -0.776000000000000       0.282633058728692     
 -0.772000000000000       0.284800095098467     
 -0.768000000000000       0.286989159296452     
 -0.764000000000000       0.289200498933730     
 -0.760000000000000       0.291434363912823     
 -0.756000000000000       0.293691006415233     
 -0.752000000000000       0.295970680886986     
 -0.748000000000000       0.298273644022077     
 -0.744000000000000       0.300600154743732     
 -0.740000000000000       0.302950474183351     
 -0.736000000000000       0.305324865657059     
 -0.732000000000000       0.307723594639723     
 -0.728000000000000       0.310146928736327     
 -0.724000000000000       0.312595137650589     
 -0.720000000000000       0.315068493150685     
 -0.716000000000000       0.317567269031945     
 -0.712000000000000       0.320091741076399     
 -0.708000000000000       0.322642187009023     
 -0.704000000000000       0.325218886450533     
 -0.700000000000000       0.327822120866591     
 -0.696000000000000       0.330452173513253     
 -0.692000000000000       0.333109329378505     
 -0.688000000000000       0.335793875119718     
 -0.684000000000000       0.338506098996845     
 -0.680000000000000       0.341246290801187     
 -0.676000000000000       0.344014741779543     
 -0.672000000000000       0.346811744553548     
 -0.668000000000000       0.349637593034003     
 -0.664000000000000       0.352492582330007     
 -0.660000000000000       0.355377008652658     
 -0.656000000000000       0.358291169213130     
 -0.652000000000000       0.361235362114892     
 -0.648000000000000       0.364209886239834     
 -0.644000000000000       0.367215041128085     
 -0.640000000000000       0.370251126851256     
 -0.636000000000000       0.373318443878876     
 -0.632000000000000       0.376417292937757     
 -0.628000000000000       0.379547974864023     
 -0.624000000000000       0.382710790447539     
 -0.620000000000000       0.385906040268456     
 -0.616000000000000       0.389134024525595     
 -0.612000000000000       0.392395042856363     
 -0.608000000000000       0.395689394147926     
 -0.604000000000000       0.399017376339311     
 -0.600000000000000       0.402379286214136     
 -0.596000000000000       0.405775419183651     
 -0.592000000000000       0.409206069059751     
 -0.588000000000000       0.412671527817649     
 -0.584000000000000       0.416172085347847     
 -0.580000000000000       0.419708029197080     
 -0.576000000000000       0.423279644297871     
 -0.572000000000000       0.426887212686346     
 -0.568000000000000       0.430531013207943     
 -0.564000000000000       0.434211321210657     
 -0.560000000000000       0.437928408225438     
 -0.556000000000000       0.441682541633380     
 -0.552000000000000       0.445473984319316     
 -0.548000000000000       0.449302994311433     
 -0.544000000000000       0.453169824406545     
 -0.540000000000000       0.457074721780604     
 -0.536000000000000       0.461017927584106     
 -0.532000000000000       0.464999676521964     
 -0.528000000000000       0.469020196417501     
 -0.524000000000000       0.473079707760153     
 -0.520000000000000       0.477178423236515     
 -0.516000000000000       0.481316547244358     
 -0.512000000000000       0.485494275389240     
 -0.508000000000000       0.489711793963344     
 -0.504000000000000       0.493969279406206     
 -0.500000000000000       0.498266897746967     
 -0.496000000000000       0.502604804027831     
 -0.492000000000000       0.506983141708401     
 -0.488000000000000       0.511402042050589     
 -0.484000000000000       0.515861623483815     
 -0.480000000000000       0.520361990950226     
 -0.476000000000000       0.524903235229679     
 -0.472000000000000       0.529485432244282     
 -0.468000000000000       0.534108642342275     
 -0.464000000000000       0.538772909561111     
 -0.460000000000000       0.543478260869565     
 -0.456000000000000       0.548224705388811     
 -0.452000000000000       0.553012233592368     
 -0.448000000000000       0.557840816484924     
 -0.444000000000000       0.562710404760041     
 -0.440000000000000       0.567620927936821     
 -0.436000000000000       0.572572293475663     
 -0.432000000000000       0.577564385873277     
 -0.428000000000000       0.582597065737213     
 -0.424000000000000       0.587670168840195     
 -0.420000000000000       0.592783505154639     
 -0.416000000000000       0.597936857867809     
 -0.412000000000000       0.603129982378115     
 -0.408000000000000       0.608362605273181     
 -0.404000000000000       0.613634423290361     
 -0.400000000000000       0.618945102260495     
 -0.396000000000000       0.624294276035786     
 -0.392000000000000       0.629681545402777     
 -0.388000000000000       0.635106476981532     
 -0.384000000000000       0.640568602112205     
 -0.380000000000000       0.646067415730337     
 -0.376000000000000       0.651602375232310     
 -0.372000000000000       0.657172899332541     
 -0.368000000000000       0.662778366914104     
 -0.364000000000000       0.668418115874640     
 -0.360000000000000       0.674091441969519     
 -0.356000000000000       0.679797597654403     
 -0.352000000000000       0.685535790929467     
 -0.348000000000000       0.691305184187746     
 -0.344000000000000       0.697104893070171     
 -0.340000000000000       0.702933985330073     
 -0.336000000000000       0.708791479710073     
 -0.332000000000000       0.714676344834444     
 -0.328000000000000       0.720587498120207     
 -0.324000000000000       0.726523804710401     
 -0.320000000000000       0.732484076433121     
 -0.316000000000000       0.738467070790096     
 -0.312000000000000       0.744471489978766     
 -0.308000000000000       0.750495979951968     
 -0.304000000000000       0.756539129519499     
 -0.300000000000000       0.762599469496021     
 -0.296000000000000       0.768675471899898     
 -0.292000000000000       0.774765549207718     
 -0.288000000000000       0.780868053669401     
 -0.284000000000000       0.786981276688930     
 -0.280000000000000       0.793103448275862     
 -0.276000000000000       0.799232736572890     
 -0.272000000000000       0.805367247464844     
 -0.268000000000000       0.811505024274585     
 -0.264000000000000       0.817644047551334     
 -0.260000000000000       0.823782234957020     
 -0.256000000000000       0.829917441256278     
 -0.252000000000000       0.836047458415726     
 -0.248000000000000       0.842170015818150     
 -0.244000000000000       0.848282780597191     
 -0.240000000000000       0.854383358098068     
 -0.236000000000000       0.860469292469771     
 -0.232000000000000       0.866538067394056     
 -0.228000000000000       0.872587106956416     
 -0.224000000000000       0.878613776664018     
 -0.220000000000000       0.884615384615385     
 -0.216000000000000       0.890589182826343     
 -0.212000000000000       0.896532368716477     
 -0.208000000000000       0.902442086759997     
 -0.204000000000000       0.908315430304562     
 -0.200000000000000       0.914149443561208     
 -0.196000000000000       0.919941123768079     
 -0.192000000000000       0.925687423530169     
 -0.188000000000000       0.931385253336789     
 -0.184000000000000       0.937031484257871     
 -0.180000000000000       0.942622950819672     
 -0.176000000000000       0.948156454059758     
 -0.172000000000000       0.953628764760515     
 -0.168000000000000       0.959036626859697     
 -0.164000000000000       0.964376761035824     
 -0.160000000000000       0.969645868465430     
 -0.156000000000000       0.974840634748406     
 -0.152000000000000       0.979957733996864     
 -0.148000000000000       0.984993833082088     
 -0.144000000000000       0.989945596033331     
 -0.140000000000000       0.994809688581315     
 -0.136000000000000       0.999582782838467     
 -0.132000000000000        1.00426156210703     
 -0.128000000000000        1.00884272580532     
 -0.124000000000000        1.01332299450162     
 -0.120000000000000        1.01769911504425     
 -0.116000000000000        1.02196786577563     
 -0.112000000000000        1.02612606181740     
 -0.108000000000000        1.03017056041278     
 -0.104000000000000        1.03409826631178     
 -0.100000000000000        1.03790613718412     
 -9.599999999999997E-002   1.04159118904427     
 -9.199999999999997E-002   1.04515050167224     
 -8.799999999999997E-002   1.04858122401342     
 -8.399999999999996E-002   1.05188057954047     
 -7.999999999999996E-002   1.05504587155963     
 -7.599999999999996E-002   1.05807448844399     
 -7.199999999999995E-002   1.06096390877556     
 -6.799999999999995E-002   1.06371170637857     
 -6.399999999999995E-002   1.06631555522587     
 -6.000000000000005E-002   1.06877323420074     
 -5.600000000000005E-002   1.07108263169659     
 -5.200000000000005E-002   1.07324175003733     
 -4.800000000000004E-002   1.07524870970155     
 -4.400000000000004E-002   1.07710175333433     
 -4.000000000000004E-002   1.07879924953096     
 -3.600000000000003E-002   1.08033969637757     
 -3.200000000000003E-002   1.08172172473474     
 -2.800000000000002E-002   1.08294410125056     
 -2.400000000000002E-002   1.08400573109117     
 -2.000000000000002E-002   1.08490566037736     
 -1.600000000000001E-002   1.08564307831735     
 -1.200000000000001E-002   1.08621731902675     
 -8.000000000000007E-003   1.08662786302820     
 -4.000000000000004E-003   1.08687433842432     
  0.000000000000000E+000   1.08695652173913     
  4.000000000000004E-003   1.08687433842432     
  8.000000000000007E-003   1.08662786302820     
  1.200000000000001E-002   1.08621731902675     
  1.600000000000001E-002   1.08564307831735     
  2.000000000000002E-002   1.08490566037736     
  2.400000000000002E-002   1.08400573109117     
  2.800000000000002E-002   1.08294410125056     
  3.200000000000003E-002   1.08172172473474     
  3.600000000000003E-002   1.08033969637757     
  4.000000000000004E-002   1.07879924953096     
  4.400000000000004E-002   1.07710175333433     
  4.800000000000004E-002   1.07524870970155     
  5.200000000000005E-002   1.07324175003733     
  5.600000000000005E-002   1.07108263169659     
  6.000000000000005E-002   1.06877323420074     
  6.400000000000006E-002   1.06631555522587     
  6.800000000000006E-002   1.06371170637857     
  7.200000000000006E-002   1.06096390877556     
  7.600000000000007E-002   1.05807448844399     
  8.000000000000007E-002   1.05504587155963     
  8.400000000000007E-002   1.05188057954047     
  8.800000000000008E-002   1.04858122401342     
  9.200000000000008E-002   1.04515050167224     
  9.600000000000009E-002   1.04159118904427     
  0.100000000000000        1.03790613718412     
  0.104000000000000        1.03409826631178     
  0.108000000000000        1.03017056041278     
  0.112000000000000        1.02612606181740     
  0.116000000000000        1.02196786577563     
  0.120000000000000        1.01769911504425     
  0.124000000000000        1.01332299450162     
  0.128000000000000        1.00884272580532     
  0.132000000000000        1.00426156210703     
  0.136000000000000       0.999582782838468     
  0.140000000000000       0.994809688581315     
  0.144000000000000       0.989945596033331     
  0.148000000000000       0.984993833082089     
  0.152000000000000       0.979957733996864     
  0.156000000000000       0.974840634748406     
  0.160000000000000       0.969645868465430     
  0.164000000000000       0.964376761035825     
  0.168000000000000       0.959036626859697     
  0.172000000000000       0.953628764760515     
  0.176000000000000       0.948156454059759     
  0.180000000000000       0.942622950819672     
  0.184000000000000       0.937031484257871     
  0.188000000000000       0.931385253336789     
  0.192000000000000       0.925687423530169     
  0.196000000000000       0.919941123768079     
  0.200000000000000       0.914149443561208     
  0.204000000000000       0.908315430304562     
  0.208000000000000       0.902442086759998     
  0.212000000000000       0.896532368716478     
  0.216000000000000       0.890589182826343     
  0.220000000000000       0.884615384615385     
  0.224000000000000       0.878613776664018     
  0.228000000000000       0.872587106956416     
  0.232000000000000       0.866538067394056     
  0.236000000000000       0.860469292469771     
  0.240000000000000       0.854383358098068     
  0.244000000000000       0.848282780597191     
  0.248000000000000       0.842170015818150     
  0.252000000000000       0.836047458415726     
  0.256000000000000       0.829917441256279     
  0.260000000000000       0.823782234957020     
  0.264000000000000       0.817644047551334     
  0.268000000000000       0.811505024274585     
  0.272000000000000       0.805367247464844     
  0.276000000000000       0.799232736572890     
  0.280000000000000       0.793103448275862     
  0.284000000000000       0.786981276688930     
  0.288000000000000       0.780868053669401     
  0.292000000000000       0.774765549207718     
  0.296000000000000       0.768675471899898     
  0.300000000000000       0.762599469496021     
  0.304000000000000       0.756539129519499     
  0.308000000000000       0.750495979951968     
  0.312000000000000       0.744471489978766     
  0.316000000000000       0.738467070790096     
  0.320000000000000       0.732484076433121     
  0.324000000000000       0.726523804710401     
  0.328000000000000       0.720587498120207     
  0.332000000000000       0.714676344834444     
  0.336000000000000       0.708791479710073     
  0.340000000000000       0.702933985330073     
  0.344000000000000       0.697104893070171     
  0.348000000000000       0.691305184187746     
  0.352000000000000       0.685535790929467     
  0.356000000000000       0.679797597654403     
  0.360000000000000       0.674091441969519     
  0.364000000000000       0.668418115874640     
  0.368000000000000       0.662778366914104     
  0.372000000000000       0.657172899332541     
  0.376000000000000       0.651602375232311     
  0.380000000000000       0.646067415730337     
  0.384000000000000       0.640568602112206     
  0.388000000000000       0.635106476981532     
  0.392000000000000       0.629681545402777     
  0.396000000000000       0.624294276035786     
  0.400000000000000       0.618945102260495     
  0.404000000000000       0.613634423290361     
  0.408000000000000       0.608362605273181     
  0.412000000000000       0.603129982378115     
  0.416000000000000       0.597936857867809     
  0.420000000000000       0.592783505154639     
  0.424000000000000       0.587670168840195     
  0.428000000000000       0.582597065737213     
  0.432000000000000       0.577564385873278     
  0.436000000000000       0.572572293475663     
  0.440000000000000       0.567620927936822     
  0.444000000000000       0.562710404760041     
  0.448000000000000       0.557840816484924     
  0.452000000000000       0.553012233592368     
  0.456000000000000       0.548224705388811     
  0.460000000000000       0.543478260869565     
  0.464000000000000       0.538772909561111     
  0.468000000000000       0.534108642342276     
  0.472000000000000       0.529485432244282     
  0.476000000000000       0.524903235229680     
  0.480000000000000       0.520361990950226     
  0.484000000000000       0.515861623483815     
  0.488000000000000       0.511402042050589     
  0.492000000000000       0.506983141708401     
  0.496000000000000       0.502604804027831     
  0.500000000000000       0.498266897746967     
  0.504000000000000       0.493969279406206     
  0.508000000000000       0.489711793963344     
  0.512000000000000       0.485494275389240     
  0.516000000000000       0.481316547244358     
  0.520000000000000       0.477178423236514     
  0.524000000000000       0.473079707760153     
  0.528000000000000       0.469020196417501     
  0.532000000000000       0.464999676521964     
  0.536000000000000       0.461017927584106     
  0.540000000000000       0.457074721780604     
  0.544000000000000       0.453169824406544     
  0.548000000000000       0.449302994311433     
  0.552000000000000       0.445473984319316     
  0.556000000000000       0.441682541633380     
  0.560000000000000       0.437928408225438     
  0.564000000000000       0.434211321210657     
  0.568000000000000       0.430531013207943     
  0.572000000000000       0.426887212686345     
  0.576000000000000       0.423279644297871     
  0.580000000000000       0.419708029197080     
  0.584000000000000       0.416172085347847     
  0.588000000000000       0.412671527817649     
  0.592000000000000       0.409206069059751     
  0.596000000000000       0.405775419183650     
  0.600000000000000       0.402379286214136     
  0.604000000000000       0.399017376339310     
  0.608000000000000       0.395689394147926     
  0.612000000000000       0.392395042856363     
  0.616000000000000       0.389134024525595     
  0.620000000000000       0.385906040268456     
  0.624000000000000       0.382710790447539     
  0.628000000000000       0.379547974864023     
  0.632000000000000       0.376417292937757     
  0.636000000000000       0.373318443878876     
  0.640000000000000       0.370251126851256     
  0.644000000000000       0.367215041128085     
  0.648000000000000       0.364209886239834     
  0.652000000000000       0.361235362114892     
  0.656000000000000       0.358291169213130     
  0.660000000000000       0.355377008652658     
  0.664000000000000       0.352492582330007     
  0.668000000000000       0.349637593034003     
  0.672000000000000       0.346811744553548     
  0.676000000000000       0.344014741779543     
  0.680000000000000       0.341246290801187     
  0.684000000000000       0.338506098996845     
  0.688000000000000       0.335793875119718     
  0.692000000000000       0.333109329378505     
  0.696000000000000       0.330452173513253     
  0.700000000000000       0.327822120866591     
  0.704000000000000       0.325218886450533     
  0.708000000000000       0.322642187009023     
  0.712000000000000       0.320091741076399     
  0.716000000000000       0.317567269031944     
  0.720000000000000       0.315068493150685     
  0.724000000000000       0.312595137650589     
  0.728000000000000       0.310146928736327     
  0.732000000000000       0.307723594639723     
  0.736000000000000       0.305324865657059     
  0.740000000000000       0.302950474183351     
  0.744000000000000       0.300600154743732     
  0.748000000000000       0.298273644022077     
  0.752000000000000       0.295970680886986     
  0.756000000000000       0.293691006415233     
  0.760000000000000       0.291434363912823     
  0.764000000000000       0.289200498933730     
  0.768000000000000       0.286989159296452     
  0.772000000000000       0.284800095098467     
  0.776000000000000       0.282633058728692     
  0.780000000000000       0.280487804878049     
  0.784000000000000       0.278364090548208     
  0.788000000000000       0.276261675058615     
  0.792000000000000       0.274180320051880     
  0.796000000000000       0.272119789497596     
  0.800000000000000       0.270079849694692     
  0.804000000000000       0.268060269272368     
  0.808000000000000       0.266060819189694     
  0.812000000000000       0.264081272733953     
  0.816000000000000       0.262121405517770     
  0.820000000000000       0.260180995475113     
  0.824000000000000       0.258259822856219     
  0.828000000000000       0.256357670221493     
  0.832000000000000       0.254474322434456     
  0.836000000000000       0.252609566653780     
  0.840000000000000       0.250763192324466     
  0.844000000000000       0.248934991168219     
  0.848000000000000       0.247124757173065     
  0.852000000000000       0.245332286582244     
  0.856000000000000       0.243557377882449     
  0.860000000000000       0.241799831791421     
  0.864000000000000       0.240059451244969     
  0.868000000000000       0.238336041383427     
  0.872000000000000       0.236629409537606     
  0.876000000000000       0.234939365214265     
  0.880000000000000       0.233265720081136     
  0.884000000000000       0.231608287951535     
  0.888000000000000       0.229966884768593     
  0.892000000000000       0.228341328589129     
  0.896000000000000       0.226731439567199     
  0.900000000000000       0.225137039937353     
  0.904000000000000       0.223557953997605     
  0.908000000000000       0.221994008092164     
  0.912000000000000       0.220445030593936     
  0.916000000000000       0.218910851886821     
  0.920000000000000       0.217391304347826     
  0.924000000000000       0.215886222329018     
  0.928000000000000       0.214395442139331     
  0.932000000000000       0.212918802026246     
  0.936000000000000       0.211456142157367     
  0.940000000000000       0.210007304601899     
  0.944000000000000       0.208572133312053     
  0.948000000000000       0.207150474104389     
  0.952000000000000       0.205742174641114     
  0.956000000000000       0.204347084411338     
  0.960000000000000       0.202965054712319     
  0.964000000000000       0.201595938630690     
  0.968000000000000       0.200239591023694     
  0.972000000000000       0.198895868500429     
  0.976000000000000       0.197564629403114     
  0.980000000000000       0.196245733788396     
  0.984000000000000       0.194939043408687     
  0.988000000000000       0.193644421693564     
  0.992000000000000       0.192361733731215     
  0.996000000000000       0.191090846249967     
