  -1.00000000000000       0.191165286028490     
 -0.996000000000000       0.192428497294828     
 -0.992000000000000       0.193703349776596     
 -0.988000000000000       0.194989973741350     
 -0.984000000000000       0.196288501039696     
 -0.980000000000000       0.197599065122703     
 -0.976000000000000       0.198921801059376     
 -0.972000000000000       0.200256845554169     
 -0.968000000000000       0.201604336964524     
 -0.964000000000000       0.202964415318445     
 -0.960000000000000       0.204337222332081     
 -0.956000000000000       0.205722901427319     
 -0.952000000000000       0.207121597749368     
 -0.948000000000000       0.208533458184333     
 -0.944000000000000       0.209958631376760     
 -0.940000000000000       0.211397267747142     
 -0.936000000000000       0.212849519509375     
 -0.932000000000000       0.214315540688151     
 -0.928000000000000       0.215795487136269     
 -0.924000000000000       0.217289516551854     
 -0.920000000000000       0.218797788495471     
 -0.916000000000000       0.220320464407111     
 -0.912000000000000       0.221857707623031     
 -0.908000000000000       0.223409683392445     
 -0.904000000000000       0.224976558894025     
 -0.900000000000000       0.226558503252211     
 -0.896000000000000       0.228155687553298     
 -0.892000000000000       0.229768284861284     
 -0.888000000000000       0.231396470233457     
 -0.884000000000000       0.233040420735686     
 -0.880000000000000       0.234700315457413     
 -0.876000000000000       0.236376335526296     
 -0.872000000000000       0.238068664122489     
 -0.868000000000000       0.239777486492535     
 -0.864000000000000       0.241502989962824     
 -0.860000000000000       0.243245363952606     
 -0.856000000000000       0.245004799986512     
 -0.852000000000000       0.246781491706550     
 -0.848000000000000       0.248575634883554     
 -0.844000000000000       0.250387427428031     
 -0.840000000000000       0.252217069400374     
 -0.836000000000000       0.254064763020409     
 -0.832000000000000       0.255930712676221     
 -0.828000000000000       0.257815124932220     
 -0.824000000000000       0.259718208536407     
 -0.820000000000000       0.261640174426783     
 -0.816000000000000       0.263581235736854     
 -0.812000000000000       0.265541607800185     
 -0.808000000000000       0.267521508153940     
 -0.804000000000000       0.269521156541365     
 -0.800000000000000       0.271540774913136     
 -0.796000000000000       0.273580587427531     
 -0.792000000000000       0.275640820449348     
 -0.788000000000000       0.277721702547514     
 -0.784000000000000       0.279823464491305     
 -0.780000000000000       0.281946339245111     
 -0.776000000000000       0.284090561961679     
 -0.772000000000000       0.286256369973738     
 -0.768000000000000       0.288444002783950     
 -0.764000000000000       0.290653702053078     
 -0.760000000000000       0.292885711586307     
 -0.756000000000000       0.295140277317613     
 -0.752000000000000       0.297417647292092     
 -0.748000000000000       0.299718071646155     
 -0.744000000000000       0.302041802585478     
 -0.740000000000000       0.304389094360619     
 -0.736000000000000       0.306760203240179     
 -0.732000000000000       0.309155387481401     
 -0.728000000000000       0.311574907298090     
 -0.724000000000000       0.314019024825736     
 -0.720000000000000       0.316488004083716     
 -0.716000000000000       0.318982110934432     
 -0.712000000000000       0.321501613039276     
 -0.708000000000000       0.324046779811259     
 -0.704000000000000       0.326617882364180     
 -0.700000000000000       0.329215193458176     
 -0.696000000000000       0.331838987441500     
 -0.692000000000000       0.334489540188379     
 -0.688000000000000       0.337167129032773     
 -0.684000000000000       0.339872032697882     
 -0.680000000000000       0.342604531221219     
 -0.676000000000000       0.345364905875066     
 -0.672000000000000       0.348153439082133     
 -0.668000000000000       0.350970414326235     
 -0.664000000000000       0.353816116057773     
 -0.660000000000000       0.356690829593833     
 -0.656000000000000       0.359594841012681     
 -0.652000000000000       0.362528437042454     
 -0.648000000000000       0.365491904943809     
 -0.644000000000000       0.368485532386312     
 -0.640000000000000       0.371509607318340     
 -0.636000000000000       0.374564417830233     
 -0.632000000000000       0.377650252010480     
 -0.628000000000000       0.380767397794661     
 -0.624000000000000       0.383916142806898     
 -0.620000000000000       0.387096774193548     
 -0.616000000000000       0.390309578448868     
 -0.612000000000000       0.393554841232360     
 -0.608000000000000       0.396832847177537     
 -0.604000000000000       0.400143879691795     
 -0.600000000000000       0.403488220747104     
 -0.596000000000000       0.406866150661223     
 -0.592000000000000       0.410277947869113     
 -0.588000000000000       0.413723888684251     
 -0.584000000000000       0.417204247049514     
 -0.580000000000000       0.420719294277313     
 -0.576000000000000       0.424269298778652     
 -0.572000000000000       0.427854525780765     
 -0.568000000000000       0.431475237033009     
 -0.564000000000000       0.435131690500654     
 -0.560000000000000       0.438824140046242     
 -0.556000000000000       0.442552835098152     
 -0.552000000000000       0.446318020306030     
 -0.548000000000000       0.450119935182729     
 -0.544000000000000       0.453958813732401     
 -0.540000000000000       0.457834884064392     
 -0.536000000000000       0.461748367992596     
 -0.532000000000000       0.465699480619891     
 -0.528000000000000       0.469688429907335     
 -0.524000000000000       0.473715416227758     
 -0.520000000000000       0.477780631903416     
 -0.516000000000000       0.481884260727365     
 -0.512000000000000       0.486026477468231     
 -0.508000000000000       0.490207447358045     
 -0.504000000000000       0.494427325562850     
 -0.500000000000000       0.498686256635745     
 -0.496000000000000       0.502984373952116     
 -0.492000000000000       0.507321799126752     
 -0.488000000000000       0.511698641412596     
 -0.484000000000000       0.516114997080898     
 -0.480000000000000       0.520570948782536     
 -0.476000000000000       0.525066564890323     
 -0.472000000000000       0.529601898822120     
 -0.468000000000000       0.534176988344603     
 -0.464000000000000       0.538791854857585     
 -0.460000000000000       0.543446502658797     
 -0.456000000000000       0.548140918189084     
 -0.452000000000000       0.552875069258006     
 -0.448000000000000       0.557648904249884     
 -0.444000000000000       0.562462351310356     
 -0.440000000000000       0.567315317513573     
 -0.436000000000000       0.572207688010218     
 -0.432000000000000       0.577139325156572     
 -0.428000000000000       0.582110067624916     
 -0.424000000000000       0.587119729495633     
 -0.420000000000000       0.592168099331423     
 -0.416000000000000       0.597254939234126     
 -0.412000000000000       0.602379983884716     
 -0.408000000000000       0.607542939567116     
 -0.404000000000000       0.612743483176568     
 -0.400000000000000       0.617981261213370     
 -0.396000000000000       0.623255888762897     
 -0.392000000000000       0.628566948462917     
 -0.388000000000000       0.633913989459305     
 -0.384000000000000       0.639296526351390     
 -0.380000000000000       0.644714038128249     
 -0.376000000000000       0.650165967097407     
 -0.372000000000000       0.655651717807501     
 -0.368000000000000       0.661170655966603     
 -0.364000000000000       0.666722107358031     
 -0.360000000000000       0.672305356755584     
 -0.356000000000000       0.677919646840311     
 -0.352000000000000       0.683564177121033     
 -0.348000000000000       0.689238102861005     
 -0.344000000000000       0.694940534013229     
 -0.340000000000000       0.700670534167106     
 -0.336000000000000       0.706427119509238     
 -0.332000000000000       0.712209257801372     
 -0.328000000000000       0.718015867378609     
 -0.324000000000000       0.723845816171182     
 -0.320000000000000       0.729697920753237     
 -0.316000000000000       0.735570945422218     
 -0.312000000000000       0.741463601312630     
 -0.308000000000000       0.747374545548058     
 -0.304000000000000       0.753302380435522     
 -0.300000000000000       0.759245652706343     
 -0.296000000000000       0.765202852807883     
 -0.292000000000000       0.771172414250603     
 -0.288000000000000       0.777152713015052     
 -0.284000000000000       0.783142067023487     
 -0.280000000000000       0.789138735680950     
 -0.276000000000000       0.795140919490699     
 -0.272000000000000       0.801146759749008     
 -0.268000000000000       0.807154338324382     
 -0.264000000000000       0.813161677526310     
 -0.260000000000000       0.819166740068704     
 -0.256000000000000       0.825167429133201     
 -0.252000000000000       0.831161588537477     
 -0.248000000000000       0.837147003013729     
 -0.244000000000000       0.843121398602413     
 -0.240000000000000       0.849082443166256     
 -0.236000000000000       0.855027747029468     
 -0.232000000000000       0.860954863746950     
 -0.228000000000000       0.866861291008132     
 -0.224000000000000       0.872744471679911     
 -0.220000000000000       0.878601794992914     
 -0.216000000000000       0.884430597875084     
 -0.212000000000000       0.890228166436292     
 -0.208000000000000       0.895991737607374     
 -0.204000000000000       0.901718500936624     
 -0.200000000000000       0.907405600546395     
 -0.196000000000000       0.913050137252053     
 -0.192000000000000       0.918649170845039     
 -0.188000000000000       0.924199722541331     
 -0.184000000000000       0.929698777596059     
 -0.180000000000000       0.935143288084464     
 -0.176000000000000       0.940530175848803     
 -0.172000000000000       0.945856335610169     
 -0.168000000000000       0.951118638243560     
 -0.164000000000000       0.956313934213828     
 -0.160000000000000       0.961439057169441     
 -0.156000000000000       0.966490827690274     
 -0.152000000000000       0.971466057184879     
 -0.148000000000000       0.976361551931936     
 -0.144000000000000       0.981174117259802     
 -0.140000000000000       0.985900561857309     
 -0.136000000000000       0.990537702208153     
 -0.132000000000000       0.995082367140454     
 -0.128000000000000       0.999531402482277     
 -0.124000000000000        1.00388167581314     
 -0.120000000000000        1.00813008130081     
 -0.116000000000000        1.01227354461187     
 -0.112000000000000        1.01630902788402     
 -0.108000000000000        1.02023353474718     
 -0.104000000000000        1.02404411538004     
 -0.100000000000000        1.02773787158802     
 -9.599999999999997E-002   1.03131196188803     
 -9.199999999999997E-002   1.03476360658510     
 -8.799999999999997E-002   1.03809009282535     
 -8.399999999999996E-002   1.04128877960955     
 -7.999999999999996E-002   1.04435710275126     
 -7.599999999999996E-002   1.04729257976315     
 -7.199999999999995E-002   1.05009281465523     
 -6.799999999999995E-002   1.05275550262849     
 -6.399999999999995E-002   1.05527843464763     
 -6.000000000000005E-002   1.05765950187649     
 -5.600000000000005E-002   1.05989669996034     
 -5.200000000000005E-002   1.06198813313905     
 -4.800000000000004E-002   1.06393201817608     
 -4.400000000000004E-002   1.06572668808816     
 -4.000000000000004E-002   1.06737059566165     
 -3.600000000000003E-002   1.06886231674183     
 -3.200000000000003E-002   1.07020055328218     
 -2.800000000000002E-002   1.07138413614182     
 -2.400000000000002E-002   1.07241202761980     
 -2.000000000000002E-002   1.07328332371610     
 -1.600000000000001E-002   1.07399725611024     
 -1.200000000000001E-002   1.07455319384940     
 -8.000000000000007E-003   1.07495064473921     
 -4.000000000000004E-003   1.07518925643148     
  0.000000000000000E+000   1.07526881720430     
  4.000000000000004E-003   1.07518925643148     
  8.000000000000007E-003   1.07495064473921     
  1.200000000000001E-002   1.07455319384940     
  1.600000000000001E-002   1.07399725611024     
  2.000000000000002E-002   1.07328332371610     
  2.400000000000002E-002   1.07241202761980     
  2.800000000000002E-002   1.07138413614182     
  3.200000000000003E-002   1.07020055328218     
  3.600000000000003E-002   1.06886231674183     
  4.000000000000004E-002   1.06737059566166     
  4.400000000000004E-002   1.06572668808816     
  4.800000000000004E-002   1.06393201817608     
  5.200000000000005E-002   1.06198813313905     
  5.600000000000005E-002   1.05989669996034     
  6.000000000000005E-002   1.05765950187649     
  6.400000000000006E-002   1.05527843464763     
  6.800000000000006E-002   1.05275550262849     
  7.200000000000006E-002   1.05009281465523     
  7.600000000000007E-002   1.04729257976315     
  8.000000000000007E-002   1.04435710275126     
  8.400000000000007E-002   1.04128877960955     
  8.800000000000008E-002   1.03809009282535     
  9.200000000000008E-002   1.03476360658510     
  9.600000000000009E-002   1.03131196188803     
  0.100000000000000        1.02773787158802     
  0.104000000000000        1.02404411538004     
  0.108000000000000        1.02023353474718     
  0.112000000000000        1.01630902788402     
  0.116000000000000        1.01227354461187     
  0.120000000000000        1.00813008130081     
  0.124000000000000        1.00388167581314     
  0.128000000000000       0.999531402482277     
  0.132000000000000       0.995082367140454     
  0.136000000000000       0.990537702208154     
  0.140000000000000       0.985900561857310     
  0.144000000000000       0.981174117259802     
  0.148000000000000       0.976361551931936     
  0.152000000000000       0.971466057184879     
  0.156000000000000       0.966490827690274     
  0.160000000000000       0.961439057169441     
  0.164000000000000       0.956313934213828     
  0.168000000000000       0.951118638243560     
  0.172000000000000       0.945856335610169     
  0.176000000000000       0.940530175848803     
  0.180000000000000       0.935143288084465     
  0.184000000000000       0.929698777596059     
  0.188000000000000       0.924199722541331     
  0.192000000000000       0.918649170845039     
  0.196000000000000       0.913050137252053     
  0.200000000000000       0.907405600546395     
  0.204000000000000       0.901718500936624     
  0.208000000000000       0.895991737607375     
  0.212000000000000       0.890228166436292     
  0.216000000000000       0.884430597875084     
  0.220000000000000       0.878601794992915     
  0.224000000000000       0.872744471679911     
  0.228000000000000       0.866861291008132     
  0.232000000000000       0.860954863746950     
  0.236000000000000       0.855027747029468     
  0.240000000000000       0.849082443166256     
  0.244000000000000       0.843121398602413     
  0.248000000000000       0.837147003013729     
  0.252000000000000       0.831161588537477     
  0.256000000000000       0.825167429133202     
  0.260000000000000       0.819166740068704     
  0.264000000000000       0.813161677526310     
  0.268000000000000       0.807154338324382     
  0.272000000000000       0.801146759749009     
  0.276000000000000       0.795140919490699     
  0.280000000000000       0.789138735680950     
  0.284000000000000       0.783142067023488     
  0.288000000000000       0.777152713015052     
  0.292000000000000       0.771172414250603     
  0.296000000000000       0.765202852807883     
  0.300000000000000       0.759245652706343     
  0.304000000000000       0.753302380435522     
  0.308000000000000       0.747374545548059     
  0.312000000000000       0.741463601312630     
  0.316000000000000       0.735570945422218     
  0.320000000000000       0.729697920753237     
  0.324000000000000       0.723845816171182     
  0.328000000000000       0.718015867378609     
  0.332000000000000       0.712209257801372     
  0.336000000000000       0.706427119509238     
  0.340000000000000       0.700670534167106     
  0.344000000000000       0.694940534013229     
  0.348000000000000       0.689238102861005     
  0.352000000000000       0.683564177121033     
  0.356000000000000       0.677919646840311     
  0.360000000000000       0.672305356755584     
  0.364000000000000       0.666722107358031     
  0.368000000000000       0.661170655966603     
  0.372000000000000       0.655651717807501     
  0.376000000000000       0.650165967097408     
  0.380000000000000       0.644714038128250     
  0.384000000000000       0.639296526351391     
  0.388000000000000       0.633913989459306     
  0.392000000000000       0.628566948462917     
  0.396000000000000       0.623255888762898     
  0.400000000000000       0.617981261213370     
  0.404000000000000       0.612743483176568     
  0.408000000000000       0.607542939567116     
  0.412000000000000       0.602379983884716     
  0.416000000000000       0.597254939234127     
  0.420000000000000       0.592168099331423     
  0.424000000000000       0.587119729495633     
  0.428000000000000       0.582110067624916     
  0.432000000000000       0.577139325156572     
  0.436000000000000       0.572207688010219     
  0.440000000000000       0.567315317513573     
  0.444000000000000       0.562462351310356     
  0.448000000000000       0.557648904249884     
  0.452000000000000       0.552875069258006     
  0.456000000000000       0.548140918189084     
  0.460000000000000       0.543446502658797     
  0.464000000000000       0.538791854857585     
  0.468000000000000       0.534176988344603     
  0.472000000000000       0.529601898822120     
  0.476000000000000       0.525066564890323     
  0.480000000000000       0.520570948782536     
  0.484000000000000       0.516114997080898     
  0.488000000000000       0.511698641412596     
  0.492000000000000       0.507321799126752     
  0.496000000000000       0.502984373952116     
  0.500000000000000       0.498686256635745     
  0.504000000000000       0.494427325562850     
  0.508000000000000       0.490207447358045     
  0.512000000000000       0.486026477468231     
  0.516000000000000       0.481884260727365     
  0.520000000000000       0.477780631903416     
  0.524000000000000       0.473715416227758     
  0.528000000000000       0.469688429907335     
  0.532000000000000       0.465699480619891     
  0.536000000000000       0.461748367992596     
  0.540000000000000       0.457834884064392     
  0.544000000000000       0.453958813732400     
  0.548000000000000       0.450119935182729     
  0.552000000000000       0.446318020306030     
  0.556000000000000       0.442552835098151     
  0.560000000000000       0.438824140046242     
  0.564000000000000       0.435131690500654     
  0.568000000000000       0.431475237033009     
  0.572000000000000       0.427854525780765     
  0.576000000000000       0.424269298778652     
  0.580000000000000       0.420719294277313     
  0.584000000000000       0.417204247049514     
  0.588000000000000       0.413723888684251     
  0.592000000000000       0.410277947869113     
  0.596000000000000       0.406866150661223     
  0.600000000000000       0.403488220747104     
  0.604000000000000       0.400143879691794     
  0.608000000000000       0.396832847177537     
  0.612000000000000       0.393554841232360     
  0.616000000000000       0.390309578448868     
  0.620000000000000       0.387096774193548     
  0.624000000000000       0.383916142806897     
  0.628000000000000       0.380767397794661     
  0.632000000000000       0.377650252010480     
  0.636000000000000       0.374564417830233     
  0.640000000000000       0.371509607318340     
  0.644000000000000       0.368485532386312     
  0.648000000000000       0.365491904943809     
  0.652000000000000       0.362528437042454     
  0.656000000000000       0.359594841012681     
  0.660000000000000       0.356690829593833     
  0.664000000000000       0.353816116057773     
  0.668000000000000       0.350970414326235     
  0.672000000000000       0.348153439082133     
  0.676000000000000       0.345364905875066     
  0.680000000000000       0.342604531221219     
  0.684000000000000       0.339872032697882     
  0.688000000000000       0.337167129032773     
  0.692000000000000       0.334489540188379     
  0.696000000000000       0.331838987441500     
  0.700000000000000       0.329215193458176     
  0.704000000000000       0.326617882364180     
  0.708000000000000       0.324046779811258     
  0.712000000000000       0.321501613039276     
  0.716000000000000       0.318982110934432     
  0.720000000000000       0.316488004083716     
  0.724000000000000       0.314019024825736     
  0.728000000000000       0.311574907298089     
  0.732000000000000       0.309155387481401     
  0.736000000000000       0.306760203240179     
  0.740000000000000       0.304389094360619     
  0.744000000000000       0.302041802585478     
  0.748000000000000       0.299718071646155     
  0.752000000000000       0.297417647292092     
  0.756000000000000       0.295140277317613     
  0.760000000000000       0.292885711586307     
  0.764000000000000       0.290653702053078     
  0.768000000000000       0.288444002783950     
  0.772000000000000       0.286256369973738     
  0.776000000000000       0.284090561961679     
  0.780000000000000       0.281946339245111     
  0.784000000000000       0.279823464491305     
  0.788000000000000       0.277721702547514     
  0.792000000000000       0.275640820449348     
  0.796000000000000       0.273580587427531     
  0.800000000000000       0.271540774913136     
  0.804000000000000       0.269521156541365     
  0.808000000000000       0.267521508153940     
  0.812000000000000       0.265541607800185     
  0.816000000000000       0.263581235736854     
  0.820000000000000       0.261640174426783     
  0.824000000000000       0.259718208536407     
  0.828000000000000       0.257815124932220     
  0.832000000000000       0.255930712676221     
  0.836000000000000       0.254064763020409     
  0.840000000000000       0.252217069400374     
  0.844000000000000       0.250387427428031     
  0.848000000000000       0.248575634883554     
  0.852000000000000       0.246781491706550     
  0.856000000000000       0.245004799986512     
  0.860000000000000       0.243245363952606     
  0.864000000000000       0.241502989962824     
  0.868000000000000       0.239777486492535     
  0.872000000000000       0.238068664122489     
  0.876000000000000       0.236376335526296     
  0.880000000000000       0.234700315457413     
  0.884000000000000       0.233040420735686     
  0.888000000000000       0.231396470233457     
  0.892000000000000       0.229768284861284     
  0.896000000000000       0.228155687553298     
  0.900000000000000       0.226558503252211     
  0.904000000000000       0.224976558894025     
  0.908000000000000       0.223409683392445     
  0.912000000000000       0.221857707623031     
  0.916000000000000       0.220320464407111     
  0.920000000000000       0.218797788495471     
  0.924000000000000       0.217289516551854     
  0.928000000000000       0.215795487136269     
  0.932000000000000       0.214315540688151     
  0.936000000000000       0.212849519509375     
  0.940000000000000       0.211397267747142     
  0.944000000000000       0.209958631376760     
  0.948000000000000       0.208533458184333     
  0.952000000000000       0.207121597749368     
  0.956000000000000       0.205722901427319     
  0.960000000000000       0.204337222332081     
  0.964000000000000       0.202964415318445     
  0.968000000000000       0.201604336964524     
  0.972000000000000       0.200256845554169     
  0.976000000000000       0.198921801059376     
  0.980000000000000       0.197599065122703     
  0.984000000000000       0.196288501039696     
  0.988000000000000       0.194989973741350     
  0.992000000000000       0.193703349776595     
  0.996000000000000       0.192428497294828     
