  -1.00000000000000       0.192480956671308     
 -0.996000000000000       0.193747959462980     
 -0.992000000000000       0.195026573408002     
 -0.988000000000000       0.196316927364408     
 -0.984000000000000       0.197619151734508     
 -0.980000000000000       0.198933378481334     
 -0.976000000000000       0.200259741145111     
 -0.972000000000000       0.201598374859739     
 -0.968000000000000       0.202949416369295     
 -0.964000000000000       0.204313004044528     
 -0.960000000000000       0.205689277899344     
 -0.956000000000000       0.207078379607274     
 -0.952000000000000       0.208480452517912     
 -0.948000000000000       0.209895641673306     
 -0.944000000000000       0.211324093824301     
 -0.940000000000000       0.212765957446809     
 -0.936000000000000       0.214221382758005     
 -0.932000000000000       0.215690521732426     
 -0.928000000000000       0.217173528117965     
 -0.924000000000000       0.218670557451734     
 -0.920000000000000       0.220181767075799     
 -0.916000000000000       0.221707316152746     
 -0.912000000000000       0.223247365681085     
 -0.908000000000000       0.224802078510452     
 -0.904000000000000       0.226371619356604     
 -0.900000000000000       0.227956154816180     
 -0.896000000000000       0.229555853381211     
 -0.892000000000000       0.231170885453351     
 -0.888000000000000       0.232801423357809     
 -0.884000000000000       0.234447641356963     
 -0.880000000000000       0.236109715663619     
 -0.876000000000000       0.237787824453898     
 -0.872000000000000       0.239482147879717     
 -0.868000000000000       0.241192868080844     
 -0.864000000000000       0.242920169196482     
 -0.860000000000000       0.244664237376367     
 -0.856000000000000       0.246425260791329     
 -0.852000000000000       0.248203429643305     
 -0.848000000000000       0.249998936174740     
 -0.844000000000000       0.251811974677359     
 -0.840000000000000       0.253642741500270     
 -0.836000000000000       0.255491435057339     
 -0.832000000000000       0.257358255833819     
 -0.828000000000000       0.259243406392170     
 -0.824000000000000       0.261147091377034     
 -0.820000000000000       0.263069517519310     
 -0.816000000000000       0.265010893639287     
 -0.812000000000000       0.266971430648775     
 -0.808000000000000       0.268951341552181     
 -0.804000000000000       0.270950841446485     
 -0.800000000000000       0.272970147520037     
 -0.796000000000000       0.275009479050129     
 -0.792000000000000       0.277069057399277     
 -0.788000000000000       0.279149106010140     
 -0.784000000000000       0.281249850399016     
 -0.780000000000000       0.283371518147836     
 -0.776000000000000       0.285514338894586     
 -0.772000000000000       0.287678544322082     
 -0.768000000000000       0.289864368145016     
 -0.764000000000000       0.292072046095183     
 -0.760000000000000       0.294301815904822     
 -0.756000000000000       0.296553917287958     
 -0.752000000000000       0.298828591919675     
 -0.748000000000000       0.301126083413207     
 -0.744000000000000       0.303446637294754     
 -0.740000000000000       0.305790500975927     
 -0.736000000000000       0.308157923723702     
 -0.732000000000000       0.310549156627780     
 -0.728000000000000       0.312964452565243     
 -0.724000000000000       0.315404066162378     
 -0.720000000000000       0.317868253753551     
 -0.716000000000000       0.320357273337005     
 -0.712000000000000       0.322871384527454     
 -0.708000000000000       0.325410848505326     
 -0.704000000000000       0.327975927962530     
 -0.700000000000000       0.330566887044591     
 -0.696000000000000       0.333183991289011     
 -0.692000000000000       0.335827507559692     
 -0.688000000000000       0.338497703977276     
 -0.684000000000000       0.341194849845228     
 -0.680000000000000       0.343919215571491     
 -0.676000000000000       0.346671072585547     
 -0.672000000000000       0.349450693250695     
 -0.668000000000000       0.352258350771371     
 -0.664000000000000       0.355094319095310     
 -0.660000000000000       0.357958872810358     
 -0.656000000000000       0.360852287035729     
 -0.652000000000000       0.363774837307509     
 -0.648000000000000       0.366726799458181     
 -0.644000000000000       0.369708449489960     
 -0.640000000000000       0.372720063441713     
 -0.636000000000000       0.375761917249231     
 -0.632000000000000       0.378834286598616     
 -0.628000000000000       0.381937446772547     
 -0.624000000000000       0.385071672489169     
 -0.620000000000000       0.388237237733355     
 -0.616000000000000       0.391434415580089     
 -0.612000000000000       0.394663478009687     
 -0.608000000000000       0.397924695714605     
 -0.604000000000000       0.401218337897548     
 -0.600000000000000       0.404544672060596     
 -0.596000000000000       0.407903963785071     
 -0.592000000000000       0.411296476501845     
 -0.588000000000000       0.414722471251791     
 -0.584000000000000       0.418182206436091     
 -0.580000000000000       0.421675937556074     
 -0.576000000000000       0.425203916942295     
 -0.572000000000000       0.428766393472533     
 -0.568000000000000       0.432363612278391     
 -0.564000000000000       0.435995814440181     
 -0.560000000000000       0.439663236669785     
 -0.556000000000000       0.443366110981141     
 -0.552000000000000       0.447104664348064     
 -0.548000000000000       0.450879118349053     
 -0.544000000000000       0.454689688798768     
 -0.540000000000000       0.458536585365854     
 -0.536000000000000       0.462420011176790     
 -0.532000000000000       0.466340162405442     
 -0.528000000000000       0.470297227848000     
 -0.524000000000000       0.474291388482994     
 -0.520000000000000       0.478322817016080     
 -0.516000000000000       0.482391677409290     
 -0.512000000000000       0.486498124394465     
 -0.508000000000000       0.490642302970578     
 -0.504000000000000       0.494824347884679     
 -0.500000000000000       0.499044383096199     
 -0.496000000000000       0.503302521224374     
 -0.492000000000000       0.507598862978547     
 -0.488000000000000       0.511933496571135     
 -0.484000000000000       0.516306497113078     
 -0.480000000000000       0.520717925991580     
 -0.476000000000000       0.525167830230001     
 -0.472000000000000       0.529656241829771     
 -0.468000000000000       0.534183177094225     
 -0.464000000000000       0.538748635934305     
 -0.460000000000000       0.543352601156069     
 -0.456000000000000       0.547995037730041     
 -0.452000000000000       0.552675892042408     
 -0.448000000000000       0.557395091128168     
 -0.444000000000000       0.562152541886345     
 -0.440000000000000       0.566948130277443     
 -0.436000000000000       0.571781720503362     
 -0.432000000000000       0.576653154170061     
 -0.428000000000000       0.581562249433286     
 -0.424000000000000       0.586508800127784     
 -0.420000000000000       0.591492574880443     
 -0.416000000000000       0.596513316207901     
 -0.412000000000000       0.601570739599226     
 -0.408000000000000       0.606664532584339     
 -0.404000000000000       0.611794353788960     
 -0.400000000000000       0.616959831976897     
 -0.396000000000000       0.622160565080643     
 -0.392000000000000       0.627396119221281     
 -0.388000000000000       0.632666027718849     
 -0.384000000000000       0.637969790094365     
 -0.380000000000000       0.643306871064878     
 -0.376000000000000       0.648676699532953     
 -0.372000000000000       0.654078667572171     
 -0.368000000000000       0.659512129410312     
 -0.364000000000000       0.664976400412002     
 -0.360000000000000       0.670470756062767     
 -0.356000000000000       0.675994430956518     
 -0.352000000000000       0.681546617788657     
 -0.348000000000000       0.687126466357119     
 -0.344000000000000       0.692733082573783     
 -0.340000000000000       0.698365527488856     
 -0.336000000000000       0.704022816330933     
 -0.332000000000000       0.709703917565625     
 -0.328000000000000       0.715407751975743     
 -0.324000000000000       0.721133191766193     
 -0.320000000000000       0.726879059696876     
 -0.316000000000000       0.732644128247016     
 -0.312000000000000       0.738427118814494     
 -0.308000000000000       0.744226700953877     
 -0.304000000000000       0.750041491656985     
 -0.300000000000000       0.755870054679961     
 -0.296000000000000       0.761710899920912     
 -0.292000000000000       0.767562482852327     
 -0.288000000000000       0.773423204012585     
 -0.284000000000000       0.779291408560930     
 -0.280000000000000       0.785165385900434     
 -0.276000000000000       0.791043369373494     
 -0.272000000000000       0.796923536034508     
 -0.268000000000000       0.802804006504420     
 -0.264000000000000       0.808682844911836     
 -0.260000000000000       0.814558058925477     
 -0.256000000000000       0.820427599882696     
 -0.252000000000000       0.826289363018804     
 -0.248000000000000       0.832141187801872     
 -0.244000000000000       0.837980858377669     
 -0.240000000000000       0.843806104129264     
 -0.236000000000000       0.849614600355753     
 -0.232000000000000       0.855403969074416     
 -0.228000000000000       0.861171779950455     
 -0.224000000000000       0.866915551358291     
 -0.220000000000000       0.872632751578166     
 -0.216000000000000       0.878320800131561     
 -0.212000000000000       0.883977069258663     
 -0.208000000000000       0.889598885540800     
 -0.204000000000000       0.895183531670451     
 -0.200000000000000       0.900728248371023     
 -0.196000000000000       0.906230236468247     
 -0.192000000000000       0.911686659114539     
 -0.188000000000000       0.917094644167278     
 -0.184000000000000       0.922451286721412     
 -0.180000000000000       0.927753651796289     
 -0.176000000000000       0.932998777176071     
 -0.172000000000000       0.938183676402485     
 -0.168000000000000       0.943305341918081     
 -0.164000000000000       0.948360748357520     
 -0.160000000000000       0.953346855983773     
 -0.156000000000000       0.958260614265442     
 -0.152000000000000       0.963098965590728     
 -0.148000000000000       0.967858849112865     
 -0.144000000000000       0.972537204721151     
 -0.140000000000000       0.977130977130977     
 -0.136000000000000       0.981637120085548     
 -0.132000000000000       0.986052600661285     
 -0.128000000000000       0.990374403668178     
 -0.124000000000000       0.994599536135706     
 -0.120000000000000       0.998725031874203     
 -0.116000000000000        1.00274795610097     
 -0.112000000000000        1.00666541011977     
 -0.108000000000000        1.01047453604169     
 -0.104000000000000        1.01417252153498     
 -0.100000000000000        1.01775660459073     
 -9.599999999999997E-002   1.02122407829095     
 -9.199999999999997E-002   1.02457229556513     
 -8.799999999999997E-002   1.02779867392103     
 -8.399999999999996E-002   1.03090070013511     
 -7.999999999999996E-002   1.03387593488781     
 -7.599999999999996E-002   1.03672201732870     
 -7.199999999999995E-002   1.03943666955645     
 -6.799999999999995E-002   1.04201770099856     
 -6.399999999999995E-002   1.04446301267578     
 -6.000000000000005E-002   1.04677060133630     
 -5.600000000000005E-002   1.04893856344516     
 -5.200000000000005E-002   1.05096509901433     
 -4.800000000000004E-002   1.05284851525958     
 -4.400000000000004E-002   1.05458723007055     
 -4.000000000000004E-002   1.05617977528090     
 -3.600000000000003E-002   1.05762479972637     
 -3.200000000000003E-002   1.05892107207873     
 -2.800000000000002E-002   1.06006748344490     
 -2.400000000000002E-002   1.06106304972096     
 -2.000000000000002E-002   1.06190691369182     
 -1.600000000000001E-002   1.06259834686827     
 -1.200000000000001E-002   1.06313675105409     
 -8.000000000000007E-003   1.06352165963686     
 -4.000000000000004E-003   1.06375273859748     
  0.000000000000000E+000   1.06382978723404     
  4.000000000000004E-003   1.06375273859748     
  8.000000000000007E-003   1.06352165963686     
  1.200000000000001E-002   1.06313675105409     
  1.600000000000001E-002   1.06259834686827     
  2.000000000000002E-002   1.06190691369182     
  2.400000000000002E-002   1.06106304972096     
  2.800000000000002E-002   1.06006748344490     
  3.200000000000003E-002   1.05892107207873     
  3.600000000000003E-002   1.05762479972637     
  4.000000000000004E-002   1.05617977528090     
  4.400000000000004E-002   1.05458723007055     
  4.800000000000004E-002   1.05284851525958     
  5.200000000000005E-002   1.05096509901433     
  5.600000000000005E-002   1.04893856344516     
  6.000000000000005E-002   1.04677060133630     
  6.400000000000006E-002   1.04446301267578     
  6.800000000000006E-002   1.04201770099856     
  7.200000000000006E-002   1.03943666955645     
  7.600000000000007E-002   1.03672201732870     
  8.000000000000007E-002   1.03387593488781     
  8.400000000000007E-002   1.03090070013511     
  8.800000000000008E-002   1.02779867392103     
  9.200000000000008E-002   1.02457229556513     
  9.600000000000009E-002   1.02122407829095     
  0.100000000000000        1.01775660459073     
  0.104000000000000        1.01417252153498     
  0.108000000000000        1.01047453604169     
  0.112000000000000        1.00666541011977     
  0.116000000000000        1.00274795610097     
  0.120000000000000       0.998725031874203     
  0.124000000000000       0.994599536135706     
  0.128000000000000       0.990374403668178     
  0.132000000000000       0.986052600661285     
  0.136000000000000       0.981637120085549     
  0.140000000000000       0.977130977130977     
  0.144000000000000       0.972537204721151     
  0.148000000000000       0.967858849112865     
  0.152000000000000       0.963098965590728     
  0.156000000000000       0.958260614265442     
  0.160000000000000       0.953346855983773     
  0.164000000000000       0.948360748357520     
  0.168000000000000       0.943305341918081     
  0.172000000000000       0.938183676402485     
  0.176000000000000       0.932998777176071     
  0.180000000000000       0.927753651796289     
  0.184000000000000       0.922451286721412     
  0.188000000000000       0.917094644167278     
  0.192000000000000       0.911686659114539     
  0.196000000000000       0.906230236468247     
  0.200000000000000       0.900728248371023     
  0.204000000000000       0.895183531670451     
  0.208000000000000       0.889598885540800     
  0.212000000000000       0.883977069258663     
  0.216000000000000       0.878320800131561     
  0.220000000000000       0.872632751578166     
  0.224000000000000       0.866915551358291     
  0.228000000000000       0.861171779950455     
  0.232000000000000       0.855403969074417     
  0.236000000000000       0.849614600355754     
  0.240000000000000       0.843806104129264     
  0.244000000000000       0.837980858377669     
  0.248000000000000       0.832141187801873     
  0.252000000000000       0.826289363018804     
  0.256000000000000       0.820427599882696     
  0.260000000000000       0.814558058925477     
  0.264000000000000       0.808682844911836     
  0.268000000000000       0.802804006504421     
  0.272000000000000       0.796923536034508     
  0.276000000000000       0.791043369373494     
  0.280000000000000       0.785165385900434     
  0.284000000000000       0.779291408560931     
  0.288000000000000       0.773423204012585     
  0.292000000000000       0.767562482852328     
  0.296000000000000       0.761710899920912     
  0.300000000000000       0.755870054679961     
  0.304000000000000       0.750041491656985     
  0.308000000000000       0.744226700953877     
  0.312000000000000       0.738427118814495     
  0.316000000000000       0.732644128247016     
  0.320000000000000       0.726879059696876     
  0.324000000000000       0.721133191766193     
  0.328000000000000       0.715407751975743     
  0.332000000000000       0.709703917565625     
  0.336000000000000       0.704022816330933     
  0.340000000000000       0.698365527488856     
  0.344000000000000       0.692733082573783     
  0.348000000000000       0.687126466357119     
  0.352000000000000       0.681546617788657     
  0.356000000000000       0.675994430956518     
  0.360000000000000       0.670470756062767     
  0.364000000000000       0.664976400412002     
  0.368000000000000       0.659512129410312     
  0.372000000000000       0.654078667572171     
  0.376000000000000       0.648676699532953     
  0.380000000000000       0.643306871064878     
  0.384000000000000       0.637969790094365     
  0.388000000000000       0.632666027718849     
  0.392000000000000       0.627396119221281     
  0.396000000000000       0.622160565080643     
  0.400000000000000       0.616959831976897     
  0.404000000000000       0.611794353788960     
  0.408000000000000       0.606664532584339     
  0.412000000000000       0.601570739599226     
  0.416000000000000       0.596513316207902     
  0.420000000000000       0.591492574880443     
  0.424000000000000       0.586508800127784     
  0.428000000000000       0.581562249433286     
  0.432000000000000       0.576653154170061     
  0.436000000000000       0.571781720503363     
  0.440000000000000       0.566948130277443     
  0.444000000000000       0.562152541886345     
  0.448000000000000       0.557395091128168     
  0.452000000000000       0.552675892042408     
  0.456000000000000       0.547995037730041     
  0.460000000000000       0.543352601156069     
  0.464000000000000       0.538748635934305     
  0.468000000000000       0.534183177094225     
  0.472000000000000       0.529656241829771     
  0.476000000000000       0.525167830230001     
  0.480000000000000       0.520717925991580     
  0.484000000000000       0.516306497113078     
  0.488000000000000       0.511933496571135     
  0.492000000000000       0.507598862978547     
  0.496000000000000       0.503302521224374     
  0.500000000000000       0.499044383096199     
  0.504000000000000       0.494824347884678     
  0.508000000000000       0.490642302970578     
  0.512000000000000       0.486498124394465     
  0.516000000000000       0.482391677409290     
  0.520000000000000       0.478322817016080     
  0.524000000000000       0.474291388482994     
  0.528000000000000       0.470297227848000     
  0.532000000000000       0.466340162405442     
  0.536000000000000       0.462420011176790     
  0.540000000000000       0.458536585365854     
  0.544000000000000       0.454689688798768     
  0.548000000000000       0.450879118349053     
  0.552000000000000       0.447104664348064     
  0.556000000000000       0.443366110981141     
  0.560000000000000       0.439663236669785     
  0.564000000000000       0.435995814440181     
  0.568000000000000       0.432363612278391     
  0.572000000000000       0.428766393472533     
  0.576000000000000       0.425203916942295     
  0.580000000000000       0.421675937556074     
  0.584000000000000       0.418182206436091     
  0.588000000000000       0.414722471251791     
  0.592000000000000       0.411296476501845     
  0.596000000000000       0.407903963785071     
  0.600000000000000       0.404544672060596     
  0.604000000000000       0.401218337897548     
  0.608000000000000       0.397924695714605     
  0.612000000000000       0.394663478009687     
  0.616000000000000       0.391434415580089     
  0.620000000000000       0.388237237733355     
  0.624000000000000       0.385071672489169     
  0.628000000000000       0.381937446772547     
  0.632000000000000       0.378834286598616     
  0.636000000000000       0.375761917249231     
  0.640000000000000       0.372720063441713     
  0.644000000000000       0.369708449489960     
  0.648000000000000       0.366726799458181     
  0.652000000000000       0.363774837307509     
  0.656000000000000       0.360852287035729     
  0.660000000000000       0.357958872810358     
  0.664000000000000       0.355094319095310     
  0.668000000000000       0.352258350771371     
  0.672000000000000       0.349450693250694     
  0.676000000000000       0.346671072585547     
  0.680000000000000       0.343919215571491     
  0.684000000000000       0.341194849845228     
  0.688000000000000       0.338497703977276     
  0.692000000000000       0.335827507559692     
  0.696000000000000       0.333183991289011     
  0.700000000000000       0.330566887044591     
  0.704000000000000       0.327975927962530     
  0.708000000000000       0.325410848505326     
  0.712000000000000       0.322871384527454     
  0.716000000000000       0.320357273337005     
  0.720000000000000       0.317868253753551     
  0.724000000000000       0.315404066162378     
  0.728000000000000       0.312964452565243     
  0.732000000000000       0.310549156627780     
  0.736000000000000       0.308157923723702     
  0.740000000000000       0.305790500975927     
  0.744000000000000       0.303446637294754     
  0.748000000000000       0.301126083413207     
  0.752000000000000       0.298828591919675     
  0.756000000000000       0.296553917287958     
  0.760000000000000       0.294301815904822     
  0.764000000000000       0.292072046095183     
  0.768000000000000       0.289864368145016     
  0.772000000000000       0.287678544322082     
  0.776000000000000       0.285514338894586     
  0.780000000000000       0.283371518147836     
  0.784000000000000       0.281249850399016     
  0.788000000000000       0.279149106010140     
  0.792000000000000       0.277069057399277     
  0.796000000000000       0.275009479050129     
  0.800000000000000       0.272970147520037     
  0.804000000000000       0.270950841446485     
  0.808000000000000       0.268951341552181     
  0.812000000000000       0.266971430648775     
  0.816000000000000       0.265010893639287     
  0.820000000000000       0.263069517519310     
  0.824000000000000       0.261147091377034     
  0.828000000000000       0.259243406392170     
  0.832000000000000       0.257358255833819     
  0.836000000000000       0.255491435057339     
  0.840000000000000       0.253642741500270     
  0.844000000000000       0.251811974677359     
  0.848000000000000       0.249998936174740     
  0.852000000000000       0.248203429643305     
  0.856000000000000       0.246425260791329     
  0.860000000000000       0.244664237376366     
  0.864000000000000       0.242920169196482     
  0.868000000000000       0.241192868080844     
  0.872000000000000       0.239482147879717     
  0.876000000000000       0.237787824453898     
  0.880000000000000       0.236109715663619     
  0.884000000000000       0.234447641356963     
  0.888000000000000       0.232801423357809     
  0.892000000000000       0.231170885453351     
  0.896000000000000       0.229555853381211     
  0.900000000000000       0.227956154816180     
  0.904000000000000       0.226371619356604     
  0.908000000000000       0.224802078510452     
  0.912000000000000       0.223247365681085     
  0.916000000000000       0.221707316152746     
  0.920000000000000       0.220181767075799     
  0.924000000000000       0.218670557451734     
  0.928000000000000       0.217173528117965     
  0.932000000000000       0.215690521732426     
  0.936000000000000       0.214221382758005     
  0.940000000000000       0.212765957446809     
  0.944000000000000       0.211324093824301     
  0.948000000000000       0.209895641673306     
  0.952000000000000       0.208480452517912     
  0.956000000000000       0.207078379607274     
  0.960000000000000       0.205689277899344     
  0.964000000000000       0.204313004044528     
  0.968000000000000       0.202949416369295     
  0.972000000000000       0.201598374859739     
  0.976000000000000       0.200259741145111     
  0.980000000000000       0.198933378481334     
  0.984000000000000       0.197619151734507     
  0.988000000000000       0.196316927364408     
  0.992000000000000       0.195026573408002     
  0.996000000000000       0.193747959462980     
