  -1.00000000000000       0.193778684344722     
 -0.996000000000000       0.195049279713807     
 -0.992000000000000       0.196331453786882     
 -0.988000000000000       0.197625333986814     
 -0.984000000000000       0.198931049241926     
 -0.980000000000000       0.200248730001476     
 -0.976000000000000       0.201578508251139     
 -0.972000000000000       0.202920517528488     
 -0.968000000000000       0.204274892938454     
 -0.964000000000000       0.205641771168764     
 -0.960000000000000       0.207021290505350     
 -0.956000000000000       0.208413590847704     
 -0.952000000000000       0.209818813724182     
 -0.948000000000000       0.211237102307243     
 -0.944000000000000       0.212668601428596     
 -0.940000000000000       0.214113457594266     
 -0.936000000000000       0.215571818999547     
 -0.932000000000000       0.217043835543830     
 -0.928000000000000       0.218529658845299     
 -0.924000000000000       0.220029442255473     
 -0.920000000000000       0.221543340873580     
 -0.916000000000000       0.223071511560740     
 -0.912000000000000       0.224614112953945     
 -0.908000000000000       0.226171305479821     
 -0.904000000000000       0.227743251368138     
 -0.900000000000000       0.229330114665057     
 -0.896000000000000       0.230932061246100     
 -0.892000000000000       0.232549258828794     
 -0.888000000000000       0.234181876985000     
 -0.884000000000000       0.235830087152871     
 -0.880000000000000       0.237494062648434     
 -0.876000000000000       0.239173978676759     
 -0.872000000000000       0.240870012342687     
 -0.868000000000000       0.242582342661093     
 -0.864000000000000       0.244311150566648     
 -0.860000000000000       0.246056618923049     
 -0.856000000000000       0.247818932531687     
 -0.852000000000000       0.249598278139710     
 -0.848000000000000       0.251394844447455     
 -0.844000000000000       0.253208822115205     
 -0.840000000000000       0.255040403769229     
 -0.836000000000000       0.256889784007070     
 -0.832000000000000       0.258757159402037     
 -0.828000000000000       0.260642728506852     
 -0.824000000000000       0.262546691856410     
 -0.820000000000000       0.264469251969600     
 -0.816000000000000       0.266410613350144     
 -0.812000000000000       0.268370982486392     
 -0.808000000000000       0.270350567850024     
 -0.804000000000000       0.272349579893606     
 -0.800000000000000       0.274368231046931     
 -0.796000000000000       0.276406735712099     
 -0.792000000000000       0.278465310257255     
 -0.788000000000000       0.280544173008934     
 -0.784000000000000       0.282643544242938     
 -0.780000000000000       0.284763646173676     
 -0.776000000000000       0.286904702941891     
 -0.772000000000000       0.289066940600699     
 -0.768000000000000       0.291250587099868     
 -0.764000000000000       0.293455872268235     
 -0.760000000000000       0.295683027794205     
 -0.756000000000000       0.297932287204216     
 -0.752000000000000       0.300203885839098     
 -0.748000000000000       0.302498060828221     
 -0.744000000000000       0.304815051061334     
 -0.740000000000000       0.307155097158007     
 -0.736000000000000       0.309518441434550     
 -0.732000000000000       0.311905327868314     
 -0.728000000000000       0.314316002059266     
 -0.724000000000000       0.316750711188702     
 -0.720000000000000       0.319209703975001     
 -0.716000000000000       0.321693230626279     
 -0.712000000000000       0.324201542789826     
 -0.708000000000000       0.326734893498182     
 -0.704000000000000       0.329293537111728     
 -0.700000000000000       0.331877729257642     
 -0.696000000000000       0.334487726765074     
 -0.692000000000000       0.337123787596400     
 -0.688000000000000       0.339786170774384     
 -0.684000000000000       0.342475136305104     
 -0.680000000000000       0.345190945096472     
 -0.676000000000000       0.347933858872167     
 -0.672000000000000       0.350704140080832     
 -0.668000000000000       0.353502051800330     
 -0.664000000000000       0.356327857636894     
 -0.660000000000000       0.359181821618965     
 -0.656000000000000       0.362064208085542     
 -0.652000000000000       0.364975281568825     
 -0.648000000000000       0.367915306670963     
 -0.644000000000000       0.370884547934681     
 -0.640000000000000       0.373883269707584     
 -0.636000000000000       0.376911735999911     
 -0.632000000000000       0.379970210335510     
 -0.628000000000000       0.383058955595806     
 -0.624000000000000       0.386178233856530     
 -0.620000000000000       0.389328306216958     
 -0.616000000000000       0.392509432621418     
 -0.612000000000000       0.395721871672812     
 -0.608000000000000       0.398965880437905     
 -0.604000000000000       0.402241714244099     
 -0.600000000000000       0.405549626467449     
 -0.596000000000000       0.408889868311638     
 -0.592000000000000       0.412262688577633     
 -0.588000000000000       0.415668333423759     
 -0.584000000000000       0.419107046115892     
 -0.580000000000000       0.422579066767493     
 -0.576000000000000       0.426084632069193     
 -0.572000000000000       0.429623975007643     
 -0.568000000000000       0.433197324573323     
 -0.564000000000000       0.436804905457027     
 -0.560000000000000       0.440446937734712     
 -0.556000000000000       0.444123636540436     
 -0.552000000000000       0.447835211727060     
 -0.548000000000000       0.451581867514436     
 -0.544000000000000       0.455363802124775     
 -0.540000000000000       0.459181207404901     
 -0.536000000000000       0.463034268435100     
 -0.532000000000000       0.466923163124276     
 -0.528000000000000       0.470848061791126     
 -0.524000000000000       0.474809126731054     
 -0.520000000000000       0.478806511768560     
 -0.516000000000000       0.482840361794824     
 -0.512000000000000       0.486910812290244     
 -0.508000000000000       0.491017988831667     
 -0.504000000000000       0.495162006584091     
 -0.500000000000000       0.499342969776610     
 -0.496000000000000       0.503560971162388     
 -0.492000000000000       0.507816091462489     
 -0.488000000000000       0.512108398793365     
 -0.484000000000000       0.516437948077872     
 -0.480000000000000       0.520804780439669     
 -0.476000000000000       0.525208922580888     
 -0.472000000000000       0.529650386143008     
 -0.468000000000000       0.534129167050865     
 -0.464000000000000       0.538645244839778     
 -0.460000000000000       0.543198581965807     
 -0.456000000000000       0.547789123099172     
 -0.452000000000000       0.552416794400936     
 -0.448000000000000       0.557081502783062     
 -0.444000000000000       0.561783135152013     
 -0.440000000000000       0.566521557636114     
 -0.436000000000000       0.571296614796943     
 -0.432000000000000       0.576108128825055     
 -0.428000000000000       0.580955898720429     
 -0.424000000000000       0.585839699458067     
 -0.420000000000000       0.590759281139232     
 -0.416000000000000       0.595714368128905     
 -0.412000000000000       0.600704658180080     
 -0.408000000000000       0.605729821545618     
 -0.404000000000000       0.610789500078438     
 -0.400000000000000       0.615883306320907     
 -0.396000000000000       0.621010822584399     
 -0.392000000000000       0.626171600020037     
 -0.388000000000000       0.631365157681787     
 -0.384000000000000       0.636590981583088     
 -0.380000000000000       0.641848523748395     
 -0.376000000000000       0.647137201261032     
 -0.372000000000000       0.652456395308907     
 -0.368000000000000       0.657805450229747     
 -0.364000000000000       0.663183672557599     
 -0.360000000000000       0.668590330072489     
 -0.356000000000000       0.674024650855231     
 -0.352000000000000       0.679485822349505     
 -0.348000000000000       0.684972990433451     
 -0.344000000000000       0.690485258503144     
 -0.340000000000000       0.696021686570445     
 -0.336000000000000       0.701581290377849     
 -0.332000000000000       0.707163040533097     
 -0.328000000000000       0.712765861666402     
 -0.324000000000000       0.718388631613334     
 -0.320000000000000       0.724030180626477     
 -0.316000000000000       0.729689290619114     
 -0.312000000000000       0.735364694444358     
 -0.308000000000000       0.741055075213190     
 -0.304000000000000       0.746759065655057     
 -0.300000000000000       0.752475247524752     
 -0.296000000000000       0.758202151059408     
 -0.292000000000000       0.763938254489544     
 -0.288000000000000       0.769681983608204     
 -0.284000000000000       0.775431711402274     
 -0.280000000000000       0.781185757750185     
 -0.276000000000000       0.786942389190228     
 -0.272000000000000       0.792699818763789     
 -0.268000000000000       0.798456205937825     
 -0.264000000000000       0.804209656610942     
 -0.260000000000000       0.809958223207434     
 -0.256000000000000       0.815699904863632     
 -0.252000000000000       0.821432647710883     
 -0.248000000000000       0.827154345259448     
 -0.244000000000000       0.832862838887506     
 -0.240000000000000       0.838555918439403     
 -0.236000000000000       0.844231322937143     
 -0.232000000000000       0.849886741408987     
 -0.228000000000000       0.855519813838888     
 -0.224000000000000       0.861128132240275     
 -0.220000000000000       0.866709241857495     
 -0.216000000000000       0.872260642498007     
 -0.212000000000000       0.877779789998115     
 -0.208000000000000       0.883264097824753     
 -0.204000000000000       0.888710938815526     
 -0.200000000000000       0.894117647058823     
 -0.196000000000000       0.899481519915468     
 -0.192000000000000       0.904799820182941     
 -0.188000000000000       0.910069778402799     
 -0.184000000000000       0.915288595311410     
 -0.180000000000000       0.920453444433679     
 -0.176000000000000       0.925561474818882     
 -0.172000000000000       0.930609813917221     
 -0.168000000000000       0.935595570595117     
 -0.164000000000000       0.940515838286717     
 -0.160000000000000       0.945367698278436     
 -0.156000000000000       0.950148223122807     
 -0.152000000000000       0.954854480177221     
 -0.148000000000000       0.959483535262535     
 -0.144000000000000       0.964032456435881     
 -0.140000000000000       0.968498317871343     
 -0.136000000000000       0.972878203841537     
 -0.132000000000000       0.977169212792482     
 -0.128000000000000       0.981368461503498     
 -0.124000000000000       0.985473089323281     
 -0.120000000000000       0.989480262472659     
 -0.116000000000000       0.993387178403972     
 -0.112000000000000       0.997191070206450     
 -0.108000000000000        1.00088921104645     
 -0.104000000000000        1.00447891863086     
 -0.100000000000000        1.00795755968170     
 -9.599999999999997E-002   1.01132255440915     
 -9.199999999999997E-002   1.01457138097049     
 -8.799999999999997E-002   1.01770157990136     
 -8.399999999999996E-002   1.02071075850628     
 -7.999999999999996E-002   1.02359659519448     
 -7.599999999999996E-002   1.02635684374743     
 -7.199999999999995E-002   1.02898933750417     
 -6.799999999999995E-002   1.03149199345057     
 -6.399999999999995E-002   1.03386281619878     
 -6.000000000000005E-002   1.03609990184317     
 -5.600000000000005E-002   1.03820144167931     
 -5.200000000000005E-002   1.04016572577290     
 -4.800000000000004E-002   1.04199114636575     
 -4.400000000000004E-002   1.04367620110652     
 -4.000000000000004E-002   1.04521949609418     
 -3.600000000000003E-002   1.04661974872312     
 -3.200000000000003E-002   1.04787579031895     
 -2.800000000000002E-002   1.04898656855514     
 -2.400000000000002E-002   1.04995114964125     
 -2.000000000000002E-002   1.05076872027431     
 -1.600000000000001E-002   1.05143858934572     
 -1.200000000000001E-002   1.05196018939713     
 -8.000000000000007E-003   1.05233307781948     
 -4.000000000000004E-003   1.05255693779056     
  0.000000000000000E+000   1.05263157894737     
  4.000000000000004E-003   1.05255693779056     
  8.000000000000007E-003   1.05233307781948     
  1.200000000000001E-002   1.05196018939713     
  1.600000000000001E-002   1.05143858934572     
  2.000000000000002E-002   1.05076872027431     
  2.400000000000002E-002   1.04995114964125     
  2.800000000000002E-002   1.04898656855514     
  3.200000000000003E-002   1.04787579031895     
  3.600000000000003E-002   1.04661974872312     
  4.000000000000004E-002   1.04521949609418     
  4.400000000000004E-002   1.04367620110652     
  4.800000000000004E-002   1.04199114636575     
  5.200000000000005E-002   1.04016572577290     
  5.600000000000005E-002   1.03820144167931     
  6.000000000000005E-002   1.03609990184317     
  6.400000000000006E-002   1.03386281619878     
  6.800000000000006E-002   1.03149199345057     
  7.200000000000006E-002   1.02898933750417     
  7.600000000000007E-002   1.02635684374743     
  8.000000000000007E-002   1.02359659519448     
  8.400000000000007E-002   1.02071075850628     
  8.800000000000008E-002   1.01770157990136     
  9.200000000000008E-002   1.01457138097049     
  9.600000000000009E-002   1.01132255440915     
  0.100000000000000        1.00795755968170     
  0.104000000000000        1.00447891863086     
  0.108000000000000        1.00088921104645     
  0.112000000000000       0.997191070206450     
  0.116000000000000       0.993387178403972     
  0.120000000000000       0.989480262472659     
  0.124000000000000       0.985473089323281     
  0.128000000000000       0.981368461503498     
  0.132000000000000       0.977169212792482     
  0.136000000000000       0.972878203841538     
  0.140000000000000       0.968498317871343     
  0.144000000000000       0.964032456435881     
  0.148000000000000       0.959483535262535     
  0.152000000000000       0.954854480177221     
  0.156000000000000       0.950148223122807     
  0.160000000000000       0.945367698278436     
  0.164000000000000       0.940515838286717     
  0.168000000000000       0.935595570595118     
  0.172000000000000       0.930609813917221     
  0.176000000000000       0.925561474818882     
  0.180000000000000       0.920453444433679     
  0.184000000000000       0.915288595311410     
  0.188000000000000       0.910069778402799     
  0.192000000000000       0.904799820182941     
  0.196000000000000       0.899481519915468     
  0.200000000000000       0.894117647058824     
  0.204000000000000       0.888710938815526     
  0.208000000000000       0.883264097824753     
  0.212000000000000       0.877779789998115     
  0.216000000000000       0.872260642498008     
  0.220000000000000       0.866709241857495     
  0.224000000000000       0.861128132240275     
  0.228000000000000       0.855519813838889     
  0.232000000000000       0.849886741408987     
  0.236000000000000       0.844231322937143     
  0.240000000000000       0.838555918439403     
  0.244000000000000       0.832862838887506     
  0.248000000000000       0.827154345259448     
  0.252000000000000       0.821432647710883     
  0.256000000000000       0.815699904863632     
  0.260000000000000       0.809958223207435     
  0.264000000000000       0.804209656610942     
  0.268000000000000       0.798456205937825     
  0.272000000000000       0.792699818763789     
  0.276000000000000       0.786942389190228     
  0.280000000000000       0.781185757750185     
  0.284000000000000       0.775431711402274     
  0.288000000000000       0.769681983608204     
  0.292000000000000       0.763938254489545     
  0.296000000000000       0.758202151059408     
  0.300000000000000       0.752475247524752     
  0.304000000000000       0.746759065655057     
  0.308000000000000       0.741055075213190     
  0.312000000000000       0.735364694444358     
  0.316000000000000       0.729689290619114     
  0.320000000000000       0.724030180626477     
  0.324000000000000       0.718388631613334     
  0.328000000000000       0.712765861666402     
  0.332000000000000       0.707163040533097     
  0.336000000000000       0.701581290377849     
  0.340000000000000       0.696021686570445     
  0.344000000000000       0.690485258503144     
  0.348000000000000       0.684972990433451     
  0.352000000000000       0.679485822349505     
  0.356000000000000       0.674024650855231     
  0.360000000000000       0.668590330072489     
  0.364000000000000       0.663183672557599     
  0.368000000000000       0.657805450229747     
  0.372000000000000       0.652456395308907     
  0.376000000000000       0.647137201261032     
  0.380000000000000       0.641848523748396     
  0.384000000000000       0.636590981583088     
  0.388000000000000       0.631365157681787     
  0.392000000000000       0.626171600020038     
  0.396000000000000       0.621010822584399     
  0.400000000000000       0.615883306320908     
  0.404000000000000       0.610789500078438     
  0.408000000000000       0.605729821545619     
  0.412000000000000       0.600704658180080     
  0.416000000000000       0.595714368128905     
  0.420000000000000       0.590759281139233     
  0.424000000000000       0.585839699458068     
  0.428000000000000       0.580955898720430     
  0.432000000000000       0.576108128825055     
  0.436000000000000       0.571296614796943     
  0.440000000000000       0.566521557636114     
  0.444000000000000       0.561783135152013     
  0.448000000000000       0.557081502783062     
  0.452000000000000       0.552416794400936     
  0.456000000000000       0.547789123099172     
  0.460000000000000       0.543198581965807     
  0.464000000000000       0.538645244839779     
  0.468000000000000       0.534129167050865     
  0.472000000000000       0.529650386143008     
  0.476000000000000       0.525208922580888     
  0.480000000000000       0.520804780439669     
  0.484000000000000       0.516437948077872     
  0.488000000000000       0.512108398793365     
  0.492000000000000       0.507816091462489     
  0.496000000000000       0.503560971162388     
  0.500000000000000       0.499342969776610     
  0.504000000000000       0.495162006584091     
  0.508000000000000       0.491017988831667     
  0.512000000000000       0.486910812290244     
  0.516000000000000       0.482840361794824     
  0.520000000000000       0.478806511768560     
  0.524000000000000       0.474809126731054     
  0.528000000000000       0.470848061791126     
  0.532000000000000       0.466923163124276     
  0.536000000000000       0.463034268435100     
  0.540000000000000       0.459181207404901     
  0.544000000000000       0.455363802124775     
  0.548000000000000       0.451581867514436     
  0.552000000000000       0.447835211727060     
  0.556000000000000       0.444123636540436     
  0.560000000000000       0.440446937734712     
  0.564000000000000       0.436804905457027     
  0.568000000000000       0.433197324573323     
  0.572000000000000       0.429623975007643     
  0.576000000000000       0.426084632069192     
  0.580000000000000       0.422579066767492     
  0.584000000000000       0.419107046115892     
  0.588000000000000       0.415668333423759     
  0.592000000000000       0.412262688577633     
  0.596000000000000       0.408889868311638     
  0.600000000000000       0.405549626467449     
  0.604000000000000       0.402241714244099     
  0.608000000000000       0.398965880437905     
  0.612000000000000       0.395721871672812     
  0.616000000000000       0.392509432621418     
  0.620000000000000       0.389328306216958     
  0.624000000000000       0.386178233856530     
  0.628000000000000       0.383058955595806     
  0.632000000000000       0.379970210335510     
  0.636000000000000       0.376911735999911     
  0.640000000000000       0.373883269707584     
  0.644000000000000       0.370884547934681     
  0.648000000000000       0.367915306670963     
  0.652000000000000       0.364975281568825     
  0.656000000000000       0.362064208085542     
  0.660000000000000       0.359181821618965     
  0.664000000000000       0.356327857636894     
  0.668000000000000       0.353502051800330     
  0.672000000000000       0.350704140080832     
  0.676000000000000       0.347933858872167     
  0.680000000000000       0.345190945096472     
  0.684000000000000       0.342475136305104     
  0.688000000000000       0.339786170774383     
  0.692000000000000       0.337123787596400     
  0.696000000000000       0.334487726765074     
  0.700000000000000       0.331877729257642     
  0.704000000000000       0.329293537111728     
  0.708000000000000       0.326734893498182     
  0.712000000000000       0.324201542789826     
  0.716000000000000       0.321693230626279     
  0.720000000000000       0.319209703975001     
  0.724000000000000       0.316750711188702     
  0.728000000000000       0.314316002059266     
  0.732000000000000       0.311905327868314     
  0.736000000000000       0.309518441434550     
  0.740000000000000       0.307155097158007     
  0.744000000000000       0.304815051061334     
  0.748000000000000       0.302498060828221     
  0.752000000000000       0.300203885839098     
  0.756000000000000       0.297932287204216     
  0.760000000000000       0.295683027794205     
  0.764000000000000       0.293455872268235     
  0.768000000000000       0.291250587099868     
  0.772000000000000       0.289066940600699     
  0.776000000000000       0.286904702941891     
  0.780000000000000       0.284763646173676     
  0.784000000000000       0.282643544242938     
  0.788000000000000       0.280544173008934     
  0.792000000000000       0.278465310257255     
  0.796000000000000       0.276406735712099     
  0.800000000000000       0.274368231046931     
  0.804000000000000       0.272349579893606     
  0.808000000000000       0.270350567850024     
  0.812000000000000       0.268370982486392     
  0.816000000000000       0.266410613350144     
  0.820000000000000       0.264469251969600     
  0.824000000000000       0.262546691856410     
  0.828000000000000       0.260642728506852     
  0.832000000000000       0.258757159402037     
  0.836000000000000       0.256889784007070     
  0.840000000000000       0.255040403769229     
  0.844000000000000       0.253208822115205     
  0.848000000000000       0.251394844447455     
  0.852000000000000       0.249598278139710     
  0.856000000000000       0.247818932531687     
  0.860000000000000       0.246056618923049     
  0.864000000000000       0.244311150566648     
  0.868000000000000       0.242582342661092     
  0.872000000000000       0.240870012342686     
  0.876000000000000       0.239173978676759     
  0.880000000000000       0.237494062648434     
  0.884000000000000       0.235830087152871     
  0.888000000000000       0.234181876985000     
  0.892000000000000       0.232549258828794     
  0.896000000000000       0.230932061246100     
  0.900000000000000       0.229330114665057     
  0.904000000000000       0.227743251368138     
  0.908000000000000       0.226171305479821     
  0.912000000000000       0.224614112953945     
  0.916000000000000       0.223071511560740     
  0.920000000000000       0.221543340873580     
  0.924000000000000       0.220029442255473     
  0.928000000000000       0.218529658845298     
  0.932000000000000       0.217043835543830     
  0.936000000000000       0.215571818999547     
  0.940000000000000       0.214113457594266     
  0.944000000000000       0.212668601428596     
  0.948000000000000       0.211237102307243     
  0.952000000000000       0.209818813724182     
  0.956000000000000       0.208413590847704     
  0.960000000000000       0.207021290505350     
  0.964000000000000       0.205641771168764     
  0.968000000000000       0.204274892938453     
  0.972000000000000       0.202920517528488     
  0.976000000000000       0.201578508251139     
  0.980000000000000       0.200248730001476     
  0.984000000000000       0.198931049241926     
  0.988000000000000       0.197625333986814     
  0.992000000000000       0.196331453786882     
  0.996000000000000       0.195049279713807     
