  -1.00000000000000       0.195058517555267     
 -0.996000000000000       0.196332508736797     
 -0.992000000000000       0.197618043844857     
 -0.988000000000000       0.198915248842976     
 -0.984000000000000       0.200224251161301     
 -0.980000000000000       0.201545179711119     
 -0.976000000000000       0.202878164899372     
 -0.972000000000000       0.204223338643140     
 -0.968000000000000       0.205580834384080     
 -0.964000000000000       0.206950787102827     
 -0.960000000000000       0.208333333333333     
 -0.956000000000000       0.209728611177137     
 -0.952000000000000       0.211136760317550     
 -0.948000000000000       0.212557922033754     
 -0.944000000000000       0.213992239214791     
 -0.940000000000000       0.215439856373429     
 -0.936000000000000       0.216900919659899     
 -0.932000000000000       0.218375576875482     
 -0.928000000000000       0.219863977485929     
 -0.924000000000000       0.221366272634701     
 -0.920000000000000       0.222882615156018     
 -0.916000000000000       0.224413159587678     
 -0.912000000000000       0.225958062183659     
 -0.908000000000000       0.227517480926451     
 -0.904000000000000       0.229091575539129     
 -0.900000000000000       0.230680507497117     
 -0.896000000000000       0.232284440039643     
 -0.892000000000000       0.233903538180854     
 -0.888000000000000       0.235537968720558     
 -0.884000000000000       0.237187900254582     
 -0.880000000000000       0.238853503184713     
 -0.876000000000000       0.240534949728196     
 -0.872000000000000       0.242232413926749     
 -0.868000000000000       0.243946071655093     
 -0.864000000000000       0.245676100628931     
 -0.860000000000000       0.247422680412371     
 -0.856000000000000       0.249185992424746     
 -0.852000000000000       0.250966219946795     
 -0.848000000000000       0.252763548126180     
 -0.844000000000000       0.254578163982281     
 -0.840000000000000       0.256410256410256     
 -0.836000000000000       0.258260016184294     
 -0.832000000000000       0.260127635960044     
 -0.828000000000000       0.262013310276162     
 -0.824000000000000       0.263917235554930     
 -0.820000000000000       0.265839610101905     
 -0.816000000000000       0.267780634104542     
 -0.812000000000000       0.269740509629736     
 -0.808000000000000       0.271719440620245     
 -0.804000000000000       0.273717632889911     
 -0.800000000000000       0.275735294117647     
 -0.796000000000000       0.277772633840114     
 -0.792000000000000       0.279829863443027     
 -0.788000000000000       0.281907196151027     
 -0.784000000000000       0.284004847016056     
 -0.780000000000000       0.286123032904149     
 -0.776000000000000       0.288261972480590     
 -0.772000000000000       0.290421886193344     
 -0.768000000000000       0.292602996254682     
 -0.764000000000000       0.294805526620939     
 -0.760000000000000       0.297029702970297     
 -0.756000000000000       0.299275752678518     
 -0.752000000000000       0.301543904792538     
 -0.748000000000000       0.303834390001823     
 -0.744000000000000       0.306147440607397     
 -0.740000000000000       0.308483290488432     
 -0.736000000000000       0.310842175066313     
 -0.732000000000000       0.313224331266053     
 -0.728000000000000       0.315629997474960     
 -0.724000000000000       0.318059413498442     
 -0.720000000000000       0.320512820512821     
 -0.716000000000000       0.322990461015051     
 -0.712000000000000       0.325492578769204     
 -0.708000000000000       0.328019418749590     
 -0.704000000000000       0.330571227080395     
 -0.700000000000000       0.333148250971682     
 -0.696000000000000       0.335750738651625     
 -0.692000000000000       0.338378939294818     
 -0.688000000000000       0.341033102946526     
 -0.684000000000000       0.343713480442703     
 -0.680000000000000       0.346420323325635     
 -0.676000000000000       0.349153883755034     
 -0.672000000000000       0.351914414414415     
 -0.668000000000000       0.354702168412590     
 -0.664000000000000       0.357517399180094     
 -0.660000000000000       0.360360360360360     
 -0.656000000000000       0.363231305695467     
 -0.652000000000000       0.366130488906246     
 -0.648000000000000       0.369058163566578     
 -0.644000000000000       0.372014582971653     
 -0.640000000000000       0.375000000000000     
 -0.636000000000000       0.378014666969078     
 -0.632000000000000       0.381058835484199     
 -0.628000000000000       0.384132756280571     
 -0.624000000000000       0.387236679058240     
 -0.620000000000000       0.390370852309694     
 -0.616000000000000       0.393535523139889     
 -0.612000000000000       0.396730937078473     
 -0.608000000000000       0.399957337883959     
 -0.604000000000000       0.403214967339588     
 -0.600000000000000       0.406504065040650     
 -0.596000000000000       0.409824868173001     
 -0.592000000000000       0.413177611282503     
 -0.588000000000000       0.416562526035158     
 -0.584000000000000       0.419979840967634     
 -0.580000000000000       0.423429781227946     
 -0.576000000000000       0.426912568306011     
 -0.572000000000000       0.430428419753795     
 -0.568000000000000       0.433977548894804     
 -0.564000000000000       0.437560164522622     
 -0.560000000000000       0.441176470588235     
 -0.556000000000000       0.444826665875864     
 -0.552000000000000       0.448510943667025     
 -0.548000000000000       0.452229491392565     
 -0.544000000000000       0.455982490272374     
 -0.540000000000000       0.459770114942529     
 -0.536000000000000       0.463592533069601     
 -0.532000000000000       0.467449904951853     
 -0.528000000000000       0.471342383107089     
 -0.524000000000000       0.475270111846900     
 -0.520000000000000       0.479233226837061     
 -0.516000000000000       0.483231854643858     
 -0.512000000000000       0.487266112266112     
 -0.508000000000000       0.491336106652691     
 -0.504000000000000       0.495441934205311     
 -0.500000000000000       0.499583680266445     
 -0.496000000000000       0.503761418592155     
 -0.492000000000000       0.507975210809712     
 -0.488000000000000       0.512225105859855     
 -0.484000000000000       0.516511139423574     
 -0.480000000000000       0.520833333333333     
 -0.476000000000000       0.525191694968663     
 -0.472000000000000       0.529586216636068     
 -0.468000000000000       0.534016874933248     
 -0.464000000000000       0.538483630097645     
 -0.460000000000000       0.542986425339366     
 -0.456000000000000       0.547525186158563     
 -0.452000000000000       0.552099819647392     
 -0.448000000000000       0.556710213776722     
 -0.444000000000000       0.561356236667789     
 -0.440000000000000       0.566037735849057     
 -0.436000000000000       0.570754537498573     
 -0.432000000000000       0.575506445672191     
 -0.428000000000000       0.580293241518047     
 -0.424000000000000       0.585114682477766     
 -0.420000000000000       0.589970501474926     
 -0.416000000000000       0.594860406091370     
 -0.412000000000000       0.599784077732016     
 -0.408000000000000       0.604741170778907     
 -0.404000000000000       0.609731311735295     
 -0.400000000000000       0.614754098360656     
 -0.396000000000000       0.619809098797570     
 -0.392000000000000       0.624895850691551     
 -0.388000000000000       0.630013860304927     
 -0.384000000000000       0.635162601626016     
 -0.380000000000000       0.640341515474920     
 -0.376000000000000       0.645550008607333     
 -0.372000000000000       0.650787452817910     
 -0.368000000000000       0.656053184044787     
 -0.364000000000000       0.661346501477007     
 -0.360000000000000       0.666666666666667     
 -0.356000000000000       0.672012902647731     
 -0.352000000000000       0.677384393063584     
 -0.348000000000000       0.682780281305476     
 -0.344000000000000       0.688199669664159     
 -0.340000000000000       0.693641618497110     
 -0.336000000000000       0.699105145413870     
 -0.332000000000000       0.704589224482127     
 -0.328000000000000       0.710092785457300     
 -0.324000000000000       0.715614713038500     
 -0.320000000000000       0.721153846153846     
 -0.316000000000000       0.726708977278233     
 -0.312000000000000       0.732278851786760     
 -0.308000000000000       0.737862167347139     
 -0.304000000000000       0.743457573354480     
 -0.300000000000000       0.749063670411985     
 -0.296000000000000       0.754679009861139     
 -0.292000000000000       0.760302093365097     
 -0.288000000000000       0.765931372549019     
 -0.284000000000000       0.771565248701198     
 -0.280000000000000       0.777202072538860     
 -0.276000000000000       0.782840144042586     
 -0.272000000000000       0.788477712363330     
 -0.268000000000000       0.794112975806025     
 -0.264000000000000       0.799744081893794     
 -0.260000000000000       0.805369127516778     
 -0.256000000000000       0.810986159169550     
 -0.252000000000000       0.816593173281071     
 -0.248000000000000       0.822188116641087     
 -0.244000000000000       0.827768886926770     
 -0.240000000000000       0.833333333333333     
 -0.236000000000000       0.838879257312231     
 -0.232000000000000       0.844404413420401     
 -0.228000000000000       0.849906510283869     
 -0.224000000000000       0.855383211678832     
 -0.220000000000000       0.860832137733142     
 -0.216000000000000       0.866250866250866     
 -0.212000000000000       0.871636934162357     
 -0.208000000000000       0.876987839101965     
 -0.204000000000000       0.882301041115229     
 -0.200000000000000       0.887573964497042     
 -0.196000000000000       0.892803999761919     
 -0.192000000000000       0.897988505747127     
 -0.188000000000000       0.903124811848998     
 -0.184000000000000       0.908210220392347     
 -0.180000000000000       0.913242009132420     
 -0.176000000000000       0.918217433888345     
 -0.172000000000000       0.923133731306542     
 -0.168000000000000       0.927988121752041     
 -0.164000000000000       0.932777812325104     
 -0.160000000000000       0.937500000000000     
 -0.156000000000000       0.942151874882231     
 -0.152000000000000       0.946730623579904     
 -0.148000000000000       0.951233432684381     
 -0.144000000000000       0.955657492354740     
 -0.140000000000000       0.960000000000000     
 -0.136000000000000       0.964258164052456     
 -0.132000000000000       0.968429207824908     
 -0.128000000000000       0.972510373443983     
 -0.124000000000000       0.976498925851182     
 -0.120000000000000       0.980392156862745     
 -0.116000000000000       0.984187389278919     
 -0.112000000000000       0.987881981032666     
 -0.108000000000000       0.991473329367440     
 -0.104000000000000       0.994958875033165     
 -0.100000000000000       0.998336106489185     
 -9.599999999999997E-002   1.00160256410256     
 -9.199999999999997E-002   1.00475584432983     
 -8.799999999999997E-002   1.00779360386993     
 -8.399999999999996E-002   1.01071356377603     
 -7.999999999999996E-002   1.01351351351351     
 -7.599999999999996E-002   1.01619131495156     
 -7.199999999999995E-002   1.01874490627547     
 -6.799999999999995E-002   1.02117230580707     
 -6.399999999999995E-002   1.02347161572052     
 -6.000000000000005E-002   1.02564102564103     
 -5.600000000000005E-002   1.02767881611400     
 -5.200000000000005E-002   1.02958336193287     
 -4.800000000000004E-002   1.03135313531353     
 -4.400000000000004E-002   1.03298670890435     
 -4.000000000000004E-002   1.03448275862069     
 -3.600000000000003E-002   1.03584006629376     
 -3.200000000000003E-002   1.03705752212389     
 -2.800000000000002E-002   1.03813412692920     
 -2.400000000000002E-002   1.03906899418121     
 -2.000000000000002E-002   1.03986135181976     
 -1.600000000000001E-002   1.04051054384018     
 -1.200000000000001E-002   1.04101603164689     
 -8.000000000000007E-003   1.04137739516801     
 -4.000000000000004E-003   1.04159433372682     
  0.000000000000000E+000   1.04166666666667     
  4.000000000000004E-003   1.04159433372682     
  8.000000000000007E-003   1.04137739516801     
  1.200000000000001E-002   1.04101603164689     
  1.600000000000001E-002   1.04051054384018     
  2.000000000000002E-002   1.03986135181976     
  2.400000000000002E-002   1.03906899418121     
  2.800000000000002E-002   1.03813412692920     
  3.200000000000003E-002   1.03705752212389     
  3.600000000000003E-002   1.03584006629376     
  4.000000000000004E-002   1.03448275862069     
  4.400000000000004E-002   1.03298670890435     
  4.800000000000004E-002   1.03135313531353     
  5.200000000000005E-002   1.02958336193287     
  5.600000000000005E-002   1.02767881611400     
  6.000000000000005E-002   1.02564102564103     
  6.400000000000006E-002   1.02347161572052     
  6.800000000000006E-002   1.02117230580707     
  7.200000000000006E-002   1.01874490627547     
  7.600000000000007E-002   1.01619131495156     
  8.000000000000007E-002   1.01351351351351     
  8.400000000000007E-002   1.01071356377603     
  8.800000000000008E-002   1.00779360386993     
  9.200000000000008E-002   1.00475584432983     
  9.600000000000009E-002   1.00160256410256     
  0.100000000000000       0.998336106489185     
  0.104000000000000       0.994958875033165     
  0.108000000000000       0.991473329367440     
  0.112000000000000       0.987881981032666     
  0.116000000000000       0.984187389278919     
  0.120000000000000       0.980392156862745     
  0.124000000000000       0.976498925851181     
  0.128000000000000       0.972510373443984     
  0.132000000000000       0.968429207824908     
  0.136000000000000       0.964258164052456     
  0.140000000000000       0.960000000000000     
  0.144000000000000       0.955657492354740     
  0.148000000000000       0.951233432684381     
  0.152000000000000       0.946730623579904     
  0.156000000000000       0.942151874882231     
  0.160000000000000       0.937500000000000     
  0.164000000000000       0.932777812325104     
  0.168000000000000       0.927988121752042     
  0.172000000000000       0.923133731306542     
  0.176000000000000       0.918217433888345     
  0.180000000000000       0.913242009132420     
  0.184000000000000       0.908210220392347     
  0.188000000000000       0.903124811848998     
  0.192000000000000       0.897988505747127     
  0.196000000000000       0.892803999761919     
  0.200000000000000       0.887573964497042     
  0.204000000000000       0.882301041115229     
  0.208000000000000       0.876987839101965     
  0.212000000000000       0.871636934162357     
  0.216000000000000       0.866250866250866     
  0.220000000000000       0.860832137733142     
  0.224000000000000       0.855383211678832     
  0.228000000000000       0.849906510283869     
  0.232000000000000       0.844404413420401     
  0.236000000000000       0.838879257312231     
  0.240000000000000       0.833333333333333     
  0.244000000000000       0.827768886926770     
  0.248000000000000       0.822188116641087     
  0.252000000000000       0.816593173281072     
  0.256000000000000       0.810986159169550     
  0.260000000000000       0.805369127516779     
  0.264000000000000       0.799744081893794     
  0.268000000000000       0.794112975806025     
  0.272000000000000       0.788477712363331     
  0.276000000000000       0.782840144042587     
  0.280000000000000       0.777202072538860     
  0.284000000000000       0.771565248701199     
  0.288000000000000       0.765931372549020     
  0.292000000000000       0.760302093365097     
  0.296000000000000       0.754679009861139     
  0.300000000000000       0.749063670411985     
  0.304000000000000       0.743457573354481     
  0.308000000000000       0.737862167347140     
  0.312000000000000       0.732278851786760     
  0.316000000000000       0.726708977278233     
  0.320000000000000       0.721153846153846     
  0.324000000000000       0.715614713038500     
  0.328000000000000       0.710092785457300     
  0.332000000000000       0.704589224482127     
  0.336000000000000       0.699105145413870     
  0.340000000000000       0.693641618497110     
  0.344000000000000       0.688199669664159     
  0.348000000000000       0.682780281305476     
  0.352000000000000       0.677384393063584     
  0.356000000000000       0.672012902647731     
  0.360000000000000       0.666666666666667     
  0.364000000000000       0.661346501477007     
  0.368000000000000       0.656053184044787     
  0.372000000000000       0.650787452817910     
  0.376000000000000       0.645550008607334     
  0.380000000000000       0.640341515474920     
  0.384000000000000       0.635162601626016     
  0.388000000000000       0.630013860304927     
  0.392000000000000       0.624895850691552     
  0.396000000000000       0.619809098797571     
  0.400000000000000       0.614754098360656     
  0.404000000000000       0.609731311735295     
  0.408000000000000       0.604741170778907     
  0.412000000000000       0.599784077732017     
  0.416000000000000       0.594860406091371     
  0.420000000000000       0.589970501474926     
  0.424000000000000       0.585114682477766     
  0.428000000000000       0.580293241518047     
  0.432000000000000       0.575506445672192     
  0.436000000000000       0.570754537498573     
  0.440000000000000       0.566037735849057     
  0.444000000000000       0.561356236667790     
  0.448000000000000       0.556710213776722     
  0.452000000000000       0.552099819647392     
  0.456000000000000       0.547525186158563     
  0.460000000000000       0.542986425339367     
  0.464000000000000       0.538483630097645     
  0.468000000000000       0.534016874933248     
  0.472000000000000       0.529586216636068     
  0.476000000000000       0.525191694968664     
  0.480000000000000       0.520833333333333     
  0.484000000000000       0.516511139423574     
  0.488000000000000       0.512225105859855     
  0.492000000000000       0.507975210809713     
  0.496000000000000       0.503761418592155     
  0.500000000000000       0.499583680266445     
  0.504000000000000       0.495441934205311     
  0.508000000000000       0.491336106652691     
  0.512000000000000       0.487266112266112     
  0.516000000000000       0.483231854643858     
  0.520000000000000       0.479233226837061     
  0.524000000000000       0.475270111846900     
  0.528000000000000       0.471342383107089     
  0.532000000000000       0.467449904951853     
  0.536000000000000       0.463592533069601     
  0.540000000000000       0.459770114942529     
  0.544000000000000       0.455982490272373     
  0.548000000000000       0.452229491392565     
  0.552000000000000       0.448510943667025     
  0.556000000000000       0.444826665875864     
  0.560000000000000       0.441176470588235     
  0.564000000000000       0.437560164522622     
  0.568000000000000       0.433977548894804     
  0.572000000000000       0.430428419753795     
  0.576000000000000       0.426912568306011     
  0.580000000000000       0.423429781227946     
  0.584000000000000       0.419979840967633     
  0.588000000000000       0.416562526035158     
  0.592000000000000       0.413177611282503     
  0.596000000000000       0.409824868173001     
  0.600000000000000       0.406504065040650     
  0.604000000000000       0.403214967339588     
  0.608000000000000       0.399957337883959     
  0.612000000000000       0.396730937078473     
  0.616000000000000       0.393535523139889     
  0.620000000000000       0.390370852309694     
  0.624000000000000       0.387236679058240     
  0.628000000000000       0.384132756280571     
  0.632000000000000       0.381058835484199     
  0.636000000000000       0.378014666969078     
  0.640000000000000       0.375000000000000     
  0.644000000000000       0.372014582971653     
  0.648000000000000       0.369058163566578     
  0.652000000000000       0.366130488906246     
  0.656000000000000       0.363231305695467     
  0.660000000000000       0.360360360360360     
  0.664000000000000       0.357517399180093     
  0.668000000000000       0.354702168412590     
  0.672000000000000       0.351914414414414     
  0.676000000000000       0.349153883755034     
  0.680000000000000       0.346420323325635     
  0.684000000000000       0.343713480442703     
  0.688000000000000       0.341033102946526     
  0.692000000000000       0.338378939294818     
  0.696000000000000       0.335750738651625     
  0.700000000000000       0.333148250971682     
  0.704000000000000       0.330571227080395     
  0.708000000000000       0.328019418749590     
  0.712000000000000       0.325492578769204     
  0.716000000000000       0.322990461015051     
  0.720000000000000       0.320512820512820     
  0.724000000000000       0.318059413498441     
  0.728000000000000       0.315629997474960     
  0.732000000000000       0.313224331266053     
  0.736000000000000       0.310842175066313     
  0.740000000000000       0.308483290488432     
  0.744000000000000       0.306147440607396     
  0.748000000000000       0.303834390001823     
  0.752000000000000       0.301543904792538     
  0.756000000000000       0.299275752678518     
  0.760000000000000       0.297029702970297     
  0.764000000000000       0.294805526620939     
  0.768000000000000       0.292602996254682     
  0.772000000000000       0.290421886193344     
  0.776000000000000       0.288261972480590     
  0.780000000000000       0.286123032904149     
  0.784000000000000       0.284004847016056     
  0.788000000000000       0.281907196151027     
  0.792000000000000       0.279829863443027     
  0.796000000000000       0.277772633840114     
  0.800000000000000       0.275735294117647     
  0.804000000000000       0.273717632889911     
  0.808000000000000       0.271719440620245     
  0.812000000000000       0.269740509629736     
  0.816000000000000       0.267780634104542     
  0.820000000000000       0.265839610101905     
  0.824000000000000       0.263917235554930     
  0.828000000000000       0.262013310276162     
  0.832000000000000       0.260127635960044     
  0.836000000000000       0.258260016184294     
  0.840000000000000       0.256410256410256     
  0.844000000000000       0.254578163982281     
  0.848000000000000       0.252763548126180     
  0.852000000000000       0.250966219946795     
  0.856000000000000       0.249185992424746     
  0.860000000000000       0.247422680412371     
  0.864000000000000       0.245676100628931     
  0.868000000000000       0.243946071655093     
  0.872000000000000       0.242232413926749     
  0.876000000000000       0.240534949728196     
  0.880000000000000       0.238853503184713     
  0.884000000000000       0.237187900254582     
  0.888000000000000       0.235537968720558     
  0.892000000000000       0.233903538180854     
  0.896000000000000       0.232284440039643     
  0.900000000000000       0.230680507497116     
  0.904000000000000       0.229091575539129     
  0.908000000000000       0.227517480926451     
  0.912000000000000       0.225958062183659     
  0.916000000000000       0.224413159587678     
  0.920000000000000       0.222882615156018     
  0.924000000000000       0.221366272634701     
  0.928000000000000       0.219863977485929     
  0.932000000000000       0.218375576875482     
  0.936000000000000       0.216900919659899     
  0.940000000000000       0.215439856373429     
  0.944000000000000       0.213992239214791     
  0.948000000000000       0.212557922033754     
  0.952000000000000       0.211136760317550     
  0.956000000000000       0.209728611177137     
  0.960000000000000       0.208333333333333     
  0.964000000000000       0.206950787102827     
  0.968000000000000       0.205580834384080     
  0.972000000000000       0.204223338643140     
  0.976000000000000       0.202878164899372     
  0.980000000000000       0.201545179711119     
  0.984000000000000       0.200224251161301     
  0.988000000000000       0.198915248842976     
  0.992000000000000       0.197618043844857     
  0.996000000000000       0.196332508736797     
