  -1.00000000000000       0.196320508409399     
 -0.996000000000000       0.197597700859081     
 -0.992000000000000       0.198886400188963     
 -0.988000000000000       0.200186730880516     
 -0.984000000000000       0.201498818843006     
 -0.980000000000000       0.202822791427078     
 -0.976000000000000       0.204158777438308     
 -0.972000000000000       0.205506907150708     
 -0.968000000000000       0.206867312320164     
 -0.964000000000000       0.208240126197810     
 -0.960000000000000       0.209625483543319     
 -0.956000000000000       0.211023520638100     
 -0.952000000000000       0.212434375298394     
 -0.948000000000000       0.213858186888244     
 -0.944000000000000       0.215295096332348     
 -0.940000000000000       0.216745246128751     
 -0.936000000000000       0.218208780361390     
 -0.932000000000000       0.219685844712456     
 -0.928000000000000       0.221176586474573     
 -0.924000000000000       0.222681154562760     
 -0.920000000000000       0.224199699526176     
 -0.916000000000000       0.225732373559618     
 -0.912000000000000       0.227279330514757     
 -0.908000000000000       0.228840725911093     
 -0.904000000000000       0.230416716946603     
 -0.900000000000000       0.232007462508072     
 -0.896000000000000       0.233613123181069     
 -0.892000000000000       0.235233861259554     
 -0.888000000000000       0.236869840755092     
 -0.884000000000000       0.238521227405646     
 -0.880000000000000       0.240188188683917     
 -0.876000000000000       0.241870893805213     
 -0.872000000000000       0.243569513734810     
 -0.868000000000000       0.245284221194782     
 -0.864000000000000       0.247015190670262     
 -0.860000000000000       0.248762598415100     
 -0.856000000000000       0.250526622456896     
 -0.852000000000000       0.252307442601357     
 -0.848000000000000       0.254105240435950     
 -0.844000000000000       0.255920199332813     
 -0.840000000000000       0.257752504450881     
 -0.836000000000000       0.259602342737183     
 -0.832000000000000       0.261469902927277     
 -0.828000000000000       0.263355375544766     
 -0.824000000000000       0.265258952899855     
 -0.820000000000000       0.267180829086903     
 -0.816000000000000       0.269121199980912     
 -0.812000000000000       0.271080263232909     
 -0.808000000000000       0.273058218264160     
 -0.804000000000000       0.275055266259169     
 -0.800000000000000       0.277071610157388     
 -0.796000000000000       0.279107454643600     
 -0.792000000000000       0.281163006136890     
 -0.788000000000000       0.283238472778155     
 -0.784000000000000       0.285334064416077     
 -0.780000000000000       0.287449992591495     
 -0.776000000000000       0.289586470520097     
 -0.772000000000000       0.291743713073367     
 -0.768000000000000       0.293921936757696     
 -0.764000000000000       0.296121359691594     
 -0.760000000000000       0.298342201580906     
 -0.756000000000000       0.300584683691948     
 -0.752000000000000       0.302849028822486     
 -0.748000000000000       0.305135461270446     
 -0.744000000000000       0.307444206800286     
 -0.740000000000000       0.309775492606905     
 -0.736000000000000       0.312129547277008     
 -0.732000000000000       0.314506600747812     
 -0.728000000000000       0.316906884262992     
 -0.724000000000000       0.319330630325744     
 -0.720000000000000       0.321778072648864     
 -0.716000000000000       0.324249446101719     
 -0.712000000000000       0.326744986653983     
 -0.708000000000000       0.329264931316014     
 -0.704000000000000       0.331809518075751     
 -0.700000000000000       0.334378985831983     
 -0.696000000000000       0.336973574323864     
 -0.692000000000000       0.339593524056525     
 -0.688000000000000       0.342239076222640     
 -0.684000000000000       0.344910472619798     
 -0.680000000000000       0.347607955563519     
 -0.676000000000000       0.350331767795770     
 -0.672000000000000       0.353082152388801     
 -0.668000000000000       0.355859352644145     
 -0.664000000000000       0.358663611986612     
 -0.660000000000000       0.361495173853091     
 -0.656000000000000       0.364354281575994     
 -0.652000000000000       0.367241178261140     
 -0.648000000000000       0.370156106659910     
 -0.644000000000000       0.373099309035465     
 -0.640000000000000       0.376071027022836     
 -0.636000000000000       0.379071501482678     
 -0.632000000000000       0.382100972348495     
 -0.628000000000000       0.385159678467112     
 -0.624000000000000       0.388247857432185     
 -0.620000000000000       0.391365745410531     
 -0.616000000000000       0.394513576961058     
 -0.612000000000000       0.397691584846065     
 -0.608000000000000       0.400899999834680     
 -0.604000000000000       0.404139050498216     
 -0.600000000000000       0.407408962997186     
 -0.596000000000000       0.410709960859764     
 -0.592000000000000       0.414042264751430     
 -0.588000000000000       0.417406092235558     
 -0.584000000000000       0.420801657524714     
 -0.580000000000000       0.424229171222392     
 -0.576000000000000       0.427688840054956     
 -0.572000000000000       0.431180866593529     
 -0.568000000000000       0.434705448965580     
 -0.564000000000000       0.438262780555952     
 -0.560000000000000       0.441853049697080     
 -0.556000000000000       0.445476439348153     
 -0.552000000000000       0.449133126762963     
 -0.548000000000000       0.452823283146198     
 -0.544000000000000       0.456547073297927     
 -0.540000000000000       0.460304655246049     
 -0.536000000000000       0.464096179866455     
 -0.532000000000000       0.467921790490672     
 -0.528000000000000       0.471781622500773     
 -0.524000000000000       0.475675802911332     
 -0.520000000000000       0.479604449938195     
 -0.516000000000000       0.483567672553895     
 -0.512000000000000       0.487565570029495     
 -0.508000000000000       0.491598231462692     
 -0.504000000000000       0.495665735292014     
 -0.500000000000000       0.499768148796950     
 -0.496000000000000       0.503905527583892     
 -0.492000000000000       0.508077915057753     
 -0.488000000000000       0.512285341879168     
 -0.484000000000000       0.516527825407205     
 -0.480000000000000       0.520805369127517     
 -0.476000000000000       0.525117962065911     
 -0.472000000000000       0.529465578187328     
 -0.468000000000000       0.533848175780244     
 -0.464000000000000       0.538265696826563     
 -0.460000000000000       0.542718066357075     
 -0.456000000000000       0.547205191792599     
 -0.452000000000000       0.551726962270976     
 -0.448000000000000       0.556283247960104     
 -0.444000000000000       0.560873899357250     
 -0.440000000000000       0.565498746574943     
 -0.436000000000000       0.570157598613753     
 -0.432000000000000       0.574850242622360     
 -0.428000000000000       0.579576443145343     
 -0.424000000000000       0.584335941359177     
 -0.420000000000000       0.589128454296994     
 -0.416000000000000       0.593953674062716     
 -0.412000000000000       0.598811267035254     
 -0.408000000000000       0.603700873063489     
 -0.404000000000000       0.608622104652884     
 -0.400000000000000       0.613574546144601     
 -0.396000000000000       0.618557752888091     
 -0.392000000000000       0.623571250408214     
 -0.388000000000000       0.628614533568016     
 -0.384000000000000       0.633687065728374     
 -0.380000000000000       0.638788277905828     
 -0.376000000000000       0.643917567929984     
 -0.372000000000000       0.649074299601990     
 -0.368000000000000       0.654257801855664     
 -0.364000000000000       0.659467367922963     
 -0.360000000000000       0.664702254505585     
 -0.356000000000000       0.669961680954578     
 -0.352000000000000       0.675244828459968     
 -0.348000000000000       0.680550839252488     
 -0.344000000000000       0.685878815819618     
 -0.340000000000000       0.691227820138246     
 -0.336000000000000       0.696596872926368     
 -0.332000000000000       0.701984952916349     
 -0.328000000000000       0.707390996152376     
 -0.324000000000000       0.712813895314829     
 -0.320000000000000       0.718252499074417     
 -0.316000000000000       0.723705611479016     
 -0.312000000000000       0.729171991376226     
 -0.308000000000000       0.734650351874797     
 -0.304000000000000       0.740139359848126     
 -0.300000000000000       0.745637635483127     
 -0.296000000000000       0.751143751877859     
 -0.292000000000000       0.756656234691362     
 -0.288000000000000       0.762173561849206     
 -0.284000000000000       0.767694163308334     
 -0.280000000000000       0.773216420884815     
 -0.276000000000000       0.778738668148143     
 -0.272000000000000       0.784259190385791     
 -0.268000000000000       0.789776224641670     
 -0.264000000000000       0.795287959832219     
 -0.260000000000000       0.800792536943779     
 -0.256000000000000       0.806288049314904     
 -0.252000000000000       0.811772543007207     
 -0.248000000000000       0.817244017268282     
 -0.244000000000000       0.822700425090158     
 -0.240000000000000       0.828139673866644     
 -0.236000000000000       0.833559626152804     
 -0.232000000000000       0.838958100529668     
 -0.228000000000000       0.844332872577113     
 -0.224000000000000       0.849681675957688     
 -0.220000000000000       0.855002203613927     
 -0.216000000000000       0.860292109081492     
 -0.212000000000000       0.865549007920220     
 -0.208000000000000       0.870770479264890     
 -0.204000000000000       0.875954067497228     
 -0.200000000000000       0.881097284040331     
 -0.196000000000000       0.886197609276388     
 -0.192000000000000       0.891252494588168     
 -0.188000000000000       0.896259364524391     
 -0.184000000000000       0.901215619088676     
 -0.180000000000000       0.906118636151331     
 -0.176000000000000       0.910965773982817     
 -0.172000000000000       0.915754373907231     
 -0.168000000000000       0.920481763073688     
 -0.164000000000000       0.925145257342983     
 -0.160000000000000       0.929742164286399     
 -0.156000000000000       0.934269786293010     
 -0.152000000000000       0.938725423781302     
 -0.148000000000000       0.943106378510397     
 -0.144000000000000       0.947409956985634     
 -0.140000000000000       0.951633473952713     
 -0.136000000000000       0.955774255974082     
 -0.132000000000000       0.959829645080725     
 -0.128000000000000       0.963797002491962     
 -0.124000000000000       0.967673712395401     
 -0.120000000000000       0.971457185778668     
 -0.116000000000000       0.975144864304068     
 -0.112000000000000       0.978734224216912     
 -0.108000000000000       0.982222780277777     
 -0.104000000000000       0.985608089708626     
 -0.100000000000000       0.988887756142318     
 -9.599999999999997E-002  0.992059433564746     
 -9.199999999999997E-002  0.995120830238542     
 -8.799999999999997E-002  0.998069712597080     
 -8.399999999999996E-002   1.00090390909729     
 -7.999999999999996E-002   1.00362131401966     
 -7.599999999999996E-002   1.00621989120377     
 -7.199999999999995E-002   1.00869767770757     
 -6.799999999999995E-002   1.01105278737873     
 -6.399999999999995E-002   1.01328341432637     
 -6.000000000000005E-002   1.01538783628180     
 -5.600000000000005E-002   1.01736441783681     
 -5.200000000000005E-002   1.01921161354858     
 -4.800000000000004E-002   1.02092797090040     
 -4.400000000000004E-002   1.02251213310789     
 -4.000000000000004E-002   1.02396284176079     
 -3.600000000000003E-002   1.02527893929080     
 -3.200000000000003E-002   1.02645937125660     
 -2.800000000000002E-002   1.02750318843773     
 -2.400000000000002E-002   1.02840954872965     
 -2.000000000000002E-002   1.02917771883289     
 -1.600000000000001E-002   1.02980707573010     
 -1.200000000000001E-002   1.03029710794540     
 -8.000000000000007E-003   1.03064741658131     
 -4.000000000000004E-003   1.03085771612942     
  0.000000000000000E+000   1.03092783505155     
  4.000000000000004E-003   1.03085771612942     
  8.000000000000007E-003   1.03064741658131     
  1.200000000000001E-002   1.03029710794540     
  1.600000000000001E-002   1.02980707573010     
  2.000000000000002E-002   1.02917771883289     
  2.400000000000002E-002   1.02840954872965     
  2.800000000000002E-002   1.02750318843773     
  3.200000000000003E-002   1.02645937125660     
  3.600000000000003E-002   1.02527893929080     
  4.000000000000004E-002   1.02396284176079     
  4.400000000000004E-002   1.02251213310789     
  4.800000000000004E-002   1.02092797090040     
  5.200000000000005E-002   1.01921161354858     
  5.600000000000005E-002   1.01736441783681     
  6.000000000000005E-002   1.01538783628180     
  6.400000000000006E-002   1.01328341432636     
  6.800000000000006E-002   1.01105278737873     
  7.200000000000006E-002   1.00869767770757     
  7.600000000000007E-002   1.00621989120377     
  8.000000000000007E-002   1.00362131401966     
  8.400000000000007E-002   1.00090390909729     
  8.800000000000008E-002  0.998069712597080     
  9.200000000000008E-002  0.995120830238542     
  9.600000000000009E-002  0.992059433564746     
  0.100000000000000       0.988887756142318     
  0.104000000000000       0.985608089708626     
  0.108000000000000       0.982222780277777     
  0.112000000000000       0.978734224216912     
  0.116000000000000       0.975144864304068     
  0.120000000000000       0.971457185778668     
  0.124000000000000       0.967673712395401     
  0.128000000000000       0.963797002491962     
  0.132000000000000       0.959829645080725     
  0.136000000000000       0.955774255974082     
  0.140000000000000       0.951633473952713     
  0.144000000000000       0.947409956985635     
  0.148000000000000       0.943106378510398     
  0.152000000000000       0.938725423781302     
  0.156000000000000       0.934269786293010     
  0.160000000000000       0.929742164286399     
  0.164000000000000       0.925145257342983     
  0.168000000000000       0.920481763073688     
  0.172000000000000       0.915754373907231     
  0.176000000000000       0.910965773982818     
  0.180000000000000       0.906118636151331     
  0.184000000000000       0.901215619088676     
  0.188000000000000       0.896259364524391     
  0.192000000000000       0.891252494588168     
  0.196000000000000       0.886197609276388     
  0.200000000000000       0.881097284040331     
  0.204000000000000       0.875954067497228     
  0.208000000000000       0.870770479264890     
  0.212000000000000       0.865549007920220     
  0.216000000000000       0.860292109081492     
  0.220000000000000       0.855002203613927     
  0.224000000000000       0.849681675957688     
  0.228000000000000       0.844332872577113     
  0.232000000000000       0.838958100529668     
  0.236000000000000       0.833559626152804     
  0.240000000000000       0.828139673866644     
  0.244000000000000       0.822700425090158     
  0.248000000000000       0.817244017268282     
  0.252000000000000       0.811772543007207     
  0.256000000000000       0.806288049314905     
  0.260000000000000       0.800792536943779     
  0.264000000000000       0.795287959832219     
  0.268000000000000       0.789776224641670     
  0.272000000000000       0.784259190385791     
  0.276000000000000       0.778738668148143     
  0.280000000000000       0.773216420884815     
  0.284000000000000       0.767694163308335     
  0.288000000000000       0.762173561849206     
  0.292000000000000       0.756656234691362     
  0.296000000000000       0.751143751877859     
  0.300000000000000       0.745637635483127     
  0.304000000000000       0.740139359848127     
  0.308000000000000       0.734650351874797     
  0.312000000000000       0.729171991376226     
  0.316000000000000       0.723705611479016     
  0.320000000000000       0.718252499074417     
  0.324000000000000       0.712813895314829     
  0.328000000000000       0.707390996152376     
  0.332000000000000       0.701984952916349     
  0.336000000000000       0.696596872926368     
  0.340000000000000       0.691227820138246     
  0.344000000000000       0.685878815819618     
  0.348000000000000       0.680550839252488     
  0.352000000000000       0.675244828459968     
  0.356000000000000       0.669961680954578     
  0.360000000000000       0.664702254505585     
  0.364000000000000       0.659467367922963     
  0.368000000000000       0.654257801855664     
  0.372000000000000       0.649074299601990     
  0.376000000000000       0.643917567929984     
  0.380000000000000       0.638788277905828     
  0.384000000000000       0.633687065728375     
  0.388000000000000       0.628614533568016     
  0.392000000000000       0.623571250408214     
  0.396000000000000       0.618557752888091     
  0.400000000000000       0.613574546144601     
  0.404000000000000       0.608622104652885     
  0.408000000000000       0.603700873063490     
  0.412000000000000       0.598811267035255     
  0.416000000000000       0.593953674062717     
  0.420000000000000       0.589128454296994     
  0.424000000000000       0.584335941359178     
  0.428000000000000       0.579576443145344     
  0.432000000000000       0.574850242622360     
  0.436000000000000       0.570157598613753     
  0.440000000000000       0.565498746574943     
  0.444000000000000       0.560873899357250     
  0.448000000000000       0.556283247960104     
  0.452000000000000       0.551726962270977     
  0.456000000000000       0.547205191792599     
  0.460000000000000       0.542718066357075     
  0.464000000000000       0.538265696826563     
  0.468000000000000       0.533848175780244     
  0.472000000000000       0.529465578187328     
  0.476000000000000       0.525117962065912     
  0.480000000000000       0.520805369127517     
  0.484000000000000       0.516527825407205     
  0.488000000000000       0.512285341879168     
  0.492000000000000       0.508077915057753     
  0.496000000000000       0.503905527583893     
  0.500000000000000       0.499768148796950     
  0.504000000000000       0.495665735292013     
  0.508000000000000       0.491598231462692     
  0.512000000000000       0.487565570029495     
  0.516000000000000       0.483567672553895     
  0.520000000000000       0.479604449938195     
  0.524000000000000       0.475675802911332     
  0.528000000000000       0.471781622500773     
  0.532000000000000       0.467921790490671     
  0.536000000000000       0.464096179866455     
  0.540000000000000       0.460304655246049     
  0.544000000000000       0.456547073297927     
  0.548000000000000       0.452823283146197     
  0.552000000000000       0.449133126762963     
  0.556000000000000       0.445476439348153     
  0.560000000000000       0.441853049697080     
  0.564000000000000       0.438262780555952     
  0.568000000000000       0.434705448965580     
  0.572000000000000       0.431180866593529     
  0.576000000000000       0.427688840054956     
  0.580000000000000       0.424229171222392     
  0.584000000000000       0.420801657524714     
  0.588000000000000       0.417406092235558     
  0.592000000000000       0.414042264751429     
  0.596000000000000       0.410709960859764     
  0.600000000000000       0.407408962997186     
  0.604000000000000       0.404139050498216     
  0.608000000000000       0.400899999834680     
  0.612000000000000       0.397691584846065     
  0.616000000000000       0.394513576961058     
  0.620000000000000       0.391365745410530     
  0.624000000000000       0.388247857432185     
  0.628000000000000       0.385159678467112     
  0.632000000000000       0.382100972348495     
  0.636000000000000       0.379071501482678     
  0.640000000000000       0.376071027022836     
  0.644000000000000       0.373099309035465     
  0.648000000000000       0.370156106659910     
  0.652000000000000       0.367241178261140     
  0.656000000000000       0.364354281575994     
  0.660000000000000       0.361495173853091     
  0.664000000000000       0.358663611986612     
  0.668000000000000       0.355859352644145     
  0.672000000000000       0.353082152388801     
  0.676000000000000       0.350331767795770     
  0.680000000000000       0.347607955563519     
  0.684000000000000       0.344910472619798     
  0.688000000000000       0.342239076222640     
  0.692000000000000       0.339593524056525     
  0.696000000000000       0.336973574323864     
  0.700000000000000       0.334378985831983     
  0.704000000000000       0.331809518075751     
  0.708000000000000       0.329264931316014     
  0.712000000000000       0.326744986653983     
  0.716000000000000       0.324249446101719     
  0.720000000000000       0.321778072648864     
  0.724000000000000       0.319330630325744     
  0.728000000000000       0.316906884262992     
  0.732000000000000       0.314506600747812     
  0.736000000000000       0.312129547277008     
  0.740000000000000       0.309775492606904     
  0.744000000000000       0.307444206800285     
  0.748000000000000       0.305135461270446     
  0.752000000000000       0.302849028822485     
  0.756000000000000       0.300584683691948     
  0.760000000000000       0.298342201580906     
  0.764000000000000       0.296121359691594     
  0.768000000000000       0.293921936757696     
  0.772000000000000       0.291743713073367     
  0.776000000000000       0.289586470520097     
  0.780000000000000       0.287449992591495     
  0.784000000000000       0.285334064416077     
  0.788000000000000       0.283238472778155     
  0.792000000000000       0.281163006136890     
  0.796000000000000       0.279107454643600     
  0.800000000000000       0.277071610157388     
  0.804000000000000       0.275055266259169     
  0.808000000000000       0.273058218264160     
  0.812000000000000       0.271080263232909     
  0.816000000000000       0.269121199980912     
  0.820000000000000       0.267180829086903     
  0.824000000000000       0.265258952899855     
  0.828000000000000       0.263355375544766     
  0.832000000000000       0.261469902927277     
  0.836000000000000       0.259602342737183     
  0.840000000000000       0.257752504450881     
  0.844000000000000       0.255920199332813     
  0.848000000000000       0.254105240435950     
  0.852000000000000       0.252307442601357     
  0.856000000000000       0.250526622456896     
  0.860000000000000       0.248762598415100     
  0.864000000000000       0.247015190670262     
  0.868000000000000       0.245284221194782     
  0.872000000000000       0.243569513734809     
  0.876000000000000       0.241870893805213     
  0.880000000000000       0.240188188683917     
  0.884000000000000       0.238521227405646     
  0.888000000000000       0.236869840755092     
  0.892000000000000       0.235233861259554     
  0.896000000000000       0.233613123181069     
  0.900000000000000       0.232007462508072     
  0.904000000000000       0.230416716946603     
  0.908000000000000       0.228840725911093     
  0.912000000000000       0.227279330514757     
  0.916000000000000       0.225732373559618     
  0.920000000000000       0.224199699526176     
  0.924000000000000       0.222681154562760     
  0.928000000000000       0.221176586474573     
  0.932000000000000       0.219685844712456     
  0.936000000000000       0.218208780361390     
  0.940000000000000       0.216745246128751     
  0.944000000000000       0.215295096332348     
  0.948000000000000       0.213858186888244     
  0.952000000000000       0.212434375298394     
  0.956000000000000       0.211023520638100     
  0.960000000000000       0.209625483543319     
  0.964000000000000       0.208240126197810     
  0.968000000000000       0.206867312320164     
  0.972000000000000       0.205506907150708     
  0.976000000000000       0.204158777438308     
  0.980000000000000       0.202822791427078     
  0.984000000000000       0.201498818843006     
  0.988000000000000       0.200186730880516     
  0.992000000000000       0.198886400188963     
  0.996000000000000       0.197597700859081     
