  -1.00000000000000       0.197564712523184     
 -0.996000000000000       0.198844913952907     
 -0.992000000000000       0.200136583006852     
 -0.988000000000000       0.201439842663150     
 -0.984000000000000       0.202754817288945     
 -0.980000000000000       0.204081632653061     
 -0.976000000000000       0.205420415938612     
 -0.972000000000000       0.206771295755534     
 -0.968000000000000       0.208134402153044     
 -0.964000000000000       0.209509866632005     
 -0.960000000000000       0.210897822157183     
 -0.956000000000000       0.212298403169399     
 -0.952000000000000       0.213711745597538     
 -0.948000000000000       0.215137986870436     
 -0.944000000000000       0.216577265928595     
 -0.940000000000000       0.218029723235739     
 -0.936000000000000       0.219495500790184     
 -0.932000000000000       0.220974742136005     
 -0.928000000000000       0.222467592373993     
 -0.924000000000000       0.223974198172371     
 -0.920000000000000       0.225494707777266     
 -0.916000000000000       0.227029271022911     
 -0.912000000000000       0.228578039341546     
 -0.908000000000000       0.230141165773030     
 -0.904000000000000       0.231718804974104     
 -0.900000000000000       0.233311113227312     
 -0.896000000000000       0.234918248449540     
 -0.892000000000000       0.236540370200161     
 -0.888000000000000       0.238177639688755     
 -0.884000000000000       0.239830219782371     
 -0.880000000000000       0.241498275012321     
 -0.876000000000000       0.243181971580464     
 -0.872000000000000       0.244881477364955     
 -0.868000000000000       0.246596961925429     
 -0.864000000000000       0.248328596507588     
 -0.860000000000000       0.250076554047157     
 -0.856000000000000       0.251841009173180     
 -0.852000000000000       0.253622138210608     
 -0.848000000000000       0.255420119182155     
 -0.844000000000000       0.257235131809381     
 -0.840000000000000       0.259067357512953     
 -0.836000000000000       0.260916979412053     
 -0.832000000000000       0.262784182322883     
 -0.828000000000000       0.264669152756232     
 -0.824000000000000       0.266572078914040     
 -0.820000000000000       0.268493150684931     
 -0.816000000000000       0.270432559638658     
 -0.812000000000000       0.272390499019394     
 -0.808000000000000       0.274367163737844     
 -0.804000000000000       0.276362750362092     
 -0.800000000000000       0.278377457107147     
 -0.796000000000000       0.280411483823119     
 -0.792000000000000       0.282465031981959     
 -0.788000000000000       0.284538304662712     
 -0.784000000000000       0.286631506535198     
 -0.780000000000000       0.288744843842074     
 -0.776000000000000       0.290878524379182     
 -0.772000000000000       0.293032757474129     
 -0.768000000000000       0.295207753963014     
 -0.764000000000000       0.297403726165216     
 -0.760000000000000       0.299620887856182     
 -0.756000000000000       0.301859454238107     
 -0.752000000000000       0.304119641908431     
 -0.748000000000000       0.306401668826069     
 -0.744000000000000       0.308705754275260     
 -0.740000000000000       0.311032118826965     
 -0.736000000000000       0.313380984297694     
 -0.732000000000000       0.315752573705672     
 -0.728000000000000       0.318147111224230     
 -0.724000000000000       0.320564822132319     
 -0.720000000000000       0.323005932762030     
 -0.716000000000000       0.325470670443012     
 -0.712000000000000       0.327959263443653     
 -0.708000000000000       0.330471940908919     
 -0.704000000000000       0.333008932794720     
 -0.700000000000000       0.335570469798658     
 -0.696000000000000       0.338156783287050     
 -0.692000000000000       0.340768105218064     
 -0.688000000000000       0.343404668060843     
 -0.684000000000000       0.346066704710462     
 -0.680000000000000       0.348754448398577     
 -0.676000000000000       0.351468132599602     
 -0.672000000000000       0.354207990932276     
 -0.668000000000000       0.356974257056434     
 -0.664000000000000       0.359767164564843     
 -0.660000000000000       0.362586946869913     
 -0.656000000000000       0.365433837085121     
 -0.652000000000000       0.368308067900975     
 -0.648000000000000       0.371209871455325     
 -0.644000000000000       0.374139479197845     
 -0.640000000000000       0.377097121748499     
 -0.636000000000000       0.380083028749791     
 -0.632000000000000       0.383097428712605     
 -0.628000000000000       0.386140548855448     
 -0.624000000000000       0.389212614936868     
 -0.620000000000000       0.392313851080865     
 -0.616000000000000       0.395444479595065     
 -0.612000000000000       0.398604720781461     
 -0.608000000000000       0.401794792739486     
 -0.604000000000000       0.405014911161219     
 -0.600000000000000       0.408265289118480     
 -0.596000000000000       0.411546136841610     
 -0.592000000000000       0.414857661489695     
 -0.588000000000000       0.418200066912011     
 -0.584000000000000       0.421573553400464     
 -0.580000000000000       0.424978317432784     
 -0.576000000000000       0.428414551406249     
 -0.572000000000000       0.431882443361702     
 -0.568000000000000       0.435382176697635     
 -0.564000000000000       0.438913929874094     
 -0.560000000000000       0.442477876106195     
 -0.556000000000000       0.446074183046996     
 -0.552000000000000       0.449703012459527     
 -0.548000000000000       0.453364519877721     
 -0.544000000000000       0.457058854256057     
 -0.540000000000000       0.460786157607673     
 -0.536000000000000       0.464546564630752     
 -0.532000000000000       0.468340202322967     
 -0.528000000000000       0.472167189583799     
 -0.524000000000000       0.476027636804514     
 -0.520000000000000       0.479921645445642     
 -0.516000000000000       0.483849307601766     
 -0.512000000000000       0.487810705553476     
 -0.508000000000000       0.491805911306317     
 -0.504000000000000       0.495834986116620     
 -0.500000000000000       0.499897980004081     
 -0.496000000000000       0.503994931250977     
 -0.492000000000000       0.508125865887955     
 -0.488000000000000       0.512290797166300     
 -0.484000000000000       0.516489725016654     
 -0.480000000000000       0.520722635494155     
 -0.476000000000000       0.524989500209996     
 -0.472000000000000       0.529290275749432     
 -0.468000000000000       0.533624903076293     
 -0.464000000000000       0.537993306924084     
 -0.460000000000000       0.542395395173788     
 -0.456000000000000       0.546831058218536     
 -0.452000000000000       0.551300168315317     
 -0.448000000000000       0.555802578923966     
 -0.444000000000000       0.560338124033703     
 -0.440000000000000       0.564906617477519     
 -0.436000000000000       0.569507852234795     
 -0.432000000000000       0.574141599722537     
 -0.428000000000000       0.578807609075703     
 -0.424000000000000       0.583505606417133     
 -0.420000000000000       0.588235294117647     
 -0.416000000000000       0.592996350046956     
 -0.412000000000000       0.597788426816057     
 -0.408000000000000       0.602611151011895     
 -0.404000000000000       0.607464122425096     
 -0.400000000000000       0.612346913271682     
 -0.396000000000000       0.617259067409729     
 -0.392000000000000       0.622200099552016     
 -0.388000000000000       0.627169494475789     
 -0.384000000000000       0.632166706230841     
 -0.380000000000000       0.637191157347204     
 -0.376000000000000       0.642242238043809     
 -0.372000000000000       0.647319305439596     
 -0.368000000000000       0.652421682768611     
 -0.364000000000000       0.657548658600736     
 -0.360000000000000       0.662699486069786     
 -0.356000000000000       0.667873382110807     
 -0.352000000000000       0.673069526708498     
 -0.348000000000000       0.678287062158780     
 -0.344000000000000       0.683525092345635     
 -0.340000000000000       0.688782682035423     
 -0.336000000000000       0.694058856191005     
 -0.332000000000000       0.699352599308069     
 -0.328000000000000       0.704662854776176     
 -0.324000000000000       0.709988524267118     
 -0.320000000000000       0.715328467153285     
 -0.316000000000000       0.720681499958818     
 -0.312000000000000       0.726046395846422     
 -0.308000000000000       0.731421884142773     
 -0.304000000000000       0.736806649905568     
 -0.300000000000000       0.742199333535292     
 -0.296000000000000       0.747598530434889     
 -0.292000000000000       0.753002790720547     
 -0.288000000000000       0.758410618986887     
 -0.284000000000000       0.763820474129868     
 -0.280000000000000       0.769230769230769     
 -0.276000000000000       0.774639871504635     
 -0.272000000000000       0.780046102316578     
 -0.268000000000000       0.785447737269335     
 -0.264000000000000       0.790843006365479     
 -0.260000000000000       0.796230094247644     
 -0.256000000000000       0.801607140520096     
 -0.252000000000000       0.806972240154939     
 -0.248000000000000       0.812323443986154     
 -0.244000000000000       0.817658759294611     
 -0.240000000000000       0.822976150487068     
 -0.236000000000000       0.828273539872074     
 -0.232000000000000       0.833548808535540     
 -0.228000000000000       0.838799797318580     
 -0.224000000000000       0.844024307900068     
 -0.220000000000000       0.849220103986135     
 -0.216000000000000       0.854384912608629     
 -0.212000000000000       0.859516425534304     
 -0.208000000000000       0.864612300786268     
 -0.204000000000000       0.869670164278919     
 -0.200000000000000       0.874687611567297     
 -0.196000000000000       0.879662209711471     
 -0.192000000000000       0.884591499256221     
 -0.188000000000000       0.889472996325932     
 -0.184000000000000       0.894304194834207     
 -0.180000000000000       0.899082568807339     
 -0.176000000000000       0.903805574820346     
 -0.172000000000000       0.908470654543836     
 -0.168000000000000       0.913075237399562     
 -0.164000000000000       0.917616743321997     
 -0.160000000000000       0.922092585622883     
 -0.156000000000000       0.926500173955135     
 -0.152000000000000       0.930836917372076     
 -0.148000000000000       0.935100227477443     
 -0.144000000000000       0.939287521661120     
 -0.140000000000000       0.943396226415094     
 -0.136000000000000       0.947423780723600     
 -0.132000000000000       0.951367639520977     
 -0.128000000000000       0.955225277210274     
 -0.124000000000000       0.958994191235184     
 -0.120000000000000       0.962671905697446     
 -0.116000000000000       0.966255975011437     
 -0.112000000000000       0.969743987587277     
 -0.108000000000000       0.973133569533372     
 -0.104000000000000       0.976422388369016     
 -0.100000000000000       0.979608156737305     
 -9.599999999999997E-002  0.982688636108393     
 -9.199999999999997E-002  0.985661640462818     
 -8.799999999999997E-002  0.988525039944481     
 -8.399999999999996E-002  0.991276764472641     
 -7.999999999999996E-002  0.993914807302231     
 -7.599999999999996E-002  0.996437228521694     
 -7.199999999999995E-002  0.998842158477520     
 -6.799999999999995E-002   1.00112780111473     
 -6.399999999999995E-002   1.00329243722256     
 -6.000000000000005E-002   1.00533442757489     
 -5.600000000000005E-002   1.00725221595488     
 -5.200000000000005E-002   1.00904433205384     
 -4.800000000000004E-002   1.01070939423442     
 -4.400000000000004E-002   1.01224611214861     
 -4.000000000000004E-002   1.01365328920149     
 -3.600000000000003E-002   1.01492982485211     
 -3.200000000000003E-002   1.01607471674325     
 -2.800000000000002E-002   1.01708706265256     
 -2.400000000000002E-002   1.01796606225797     
 -2.000000000000002E-002   1.01871101871102     
 -1.600000000000001E-002   1.01932134001232     
 -1.200000000000001E-002   1.01979654018415     
 -8.000000000000007E-003   1.02013624023584     
 -4.000000000000004E-003   1.02034016891836     
  0.000000000000000E+000   1.02040816326531     
  4.000000000000004E-003   1.02034016891836     
  8.000000000000007E-003   1.02013624023584     
  1.200000000000001E-002   1.01979654018415     
  1.600000000000001E-002   1.01932134001232     
  2.000000000000002E-002   1.01871101871102     
  2.400000000000002E-002   1.01796606225797     
  2.800000000000002E-002   1.01708706265256     
  3.200000000000003E-002   1.01607471674325     
  3.600000000000003E-002   1.01492982485211     
  4.000000000000004E-002   1.01365328920149     
  4.400000000000004E-002   1.01224611214861     
  4.800000000000004E-002   1.01070939423442     
  5.200000000000005E-002   1.00904433205384     
  5.600000000000005E-002   1.00725221595488     
  6.000000000000005E-002   1.00533442757489     
  6.400000000000006E-002   1.00329243722256     
  6.800000000000006E-002   1.00112780111473     
  7.200000000000006E-002  0.998842158477520     
  7.600000000000007E-002  0.996437228521694     
  8.000000000000007E-002  0.993914807302231     
  8.400000000000007E-002  0.991276764472641     
  8.800000000000008E-002  0.988525039944481     
  9.200000000000008E-002  0.985661640462818     
  9.600000000000009E-002  0.982688636108393     
  0.100000000000000       0.979608156737305     
  0.104000000000000       0.976422388369016     
  0.108000000000000       0.973133569533372     
  0.112000000000000       0.969743987587277     
  0.116000000000000       0.966255975011437     
  0.120000000000000       0.962671905697446     
  0.124000000000000       0.958994191235184     
  0.128000000000000       0.955225277210275     
  0.132000000000000       0.951367639520977     
  0.136000000000000       0.947423780723600     
  0.140000000000000       0.943396226415094     
  0.144000000000000       0.939287521661121     
  0.148000000000000       0.935100227477443     
  0.152000000000000       0.930836917372077     
  0.156000000000000       0.926500173955135     
  0.160000000000000       0.922092585622883     
  0.164000000000000       0.917616743321997     
  0.168000000000000       0.913075237399562     
  0.172000000000000       0.908470654543837     
  0.176000000000000       0.903805574820346     
  0.180000000000000       0.899082568807340     
  0.184000000000000       0.894304194834207     
  0.188000000000000       0.889472996325932     
  0.192000000000000       0.884591499256221     
  0.196000000000000       0.879662209711471     
  0.200000000000000       0.874687611567297     
  0.204000000000000       0.869670164278919     
  0.208000000000000       0.864612300786268     
  0.212000000000000       0.859516425534304     
  0.216000000000000       0.854384912608629     
  0.220000000000000       0.849220103986135     
  0.224000000000000       0.844024307900068     
  0.228000000000000       0.838799797318580     
  0.232000000000000       0.833548808535540     
  0.236000000000000       0.828273539872074     
  0.240000000000000       0.822976150487068     
  0.244000000000000       0.817658759294611     
  0.248000000000000       0.812323443986154     
  0.252000000000000       0.806972240154939     
  0.256000000000000       0.801607140520096     
  0.260000000000000       0.796230094247644     
  0.264000000000000       0.790843006365479     
  0.268000000000000       0.785447737269335     
  0.272000000000000       0.780046102316578     
  0.276000000000000       0.774639871504635     
  0.280000000000000       0.769230769230769     
  0.284000000000000       0.763820474129868     
  0.288000000000000       0.758410618986887     
  0.292000000000000       0.753002790720547     
  0.296000000000000       0.747598530434889     
  0.300000000000000       0.742199333535292     
  0.304000000000000       0.736806649905568     
  0.308000000000000       0.731421884142774     
  0.312000000000000       0.726046395846422     
  0.316000000000000       0.720681499958818     
  0.320000000000000       0.715328467153285     
  0.324000000000000       0.709988524267118     
  0.328000000000000       0.704662854776176     
  0.332000000000000       0.699352599308069     
  0.336000000000000       0.694058856191005     
  0.340000000000000       0.688782682035423     
  0.344000000000000       0.683525092345635     
  0.348000000000000       0.678287062158780     
  0.352000000000000       0.673069526708498     
  0.356000000000000       0.667873382110807     
  0.360000000000000       0.662699486069786     
  0.364000000000000       0.657548658600736     
  0.368000000000000       0.652421682768611     
  0.372000000000000       0.647319305439596     
  0.376000000000000       0.642242238043809     
  0.380000000000000       0.637191157347204     
  0.384000000000000       0.632166706230842     
  0.388000000000000       0.627169494475789     
  0.392000000000000       0.622200099552016     
  0.396000000000000       0.617259067409729     
  0.400000000000000       0.612346913271682     
  0.404000000000000       0.607464122425096     
  0.408000000000000       0.602611151011895     
  0.412000000000000       0.597788426816057     
  0.416000000000000       0.592996350046956     
  0.420000000000000       0.588235294117647     
  0.424000000000000       0.583505606417133     
  0.428000000000000       0.578807609075703     
  0.432000000000000       0.574141599722537     
  0.436000000000000       0.569507852234795     
  0.440000000000000       0.564906617477519     
  0.444000000000000       0.560338124033703     
  0.448000000000000       0.555802578923966     
  0.452000000000000       0.551300168315317     
  0.456000000000000       0.546831058218536     
  0.460000000000000       0.542395395173788     
  0.464000000000000       0.537993306924084     
  0.468000000000000       0.533624903076293     
  0.472000000000000       0.529290275749432     
  0.476000000000000       0.524989500209996     
  0.480000000000000       0.520722635494155     
  0.484000000000000       0.516489725016654     
  0.488000000000000       0.512290797166300     
  0.492000000000000       0.508125865887955     
  0.496000000000000       0.503994931250977     
  0.500000000000000       0.499897980004081     
  0.504000000000000       0.495834986116620     
  0.508000000000000       0.491805911306317     
  0.512000000000000       0.487810705553476     
  0.516000000000000       0.483849307601766     
  0.520000000000000       0.479921645445641     
  0.524000000000000       0.476027636804514     
  0.528000000000000       0.472167189583799     
  0.532000000000000       0.468340202322967     
  0.536000000000000       0.464546564630752     
  0.540000000000000       0.460786157607673     
  0.544000000000000       0.457058854256057     
  0.548000000000000       0.453364519877721     
  0.552000000000000       0.449703012459527     
  0.556000000000000       0.446074183046996     
  0.560000000000000       0.442477876106195     
  0.564000000000000       0.438913929874094     
  0.568000000000000       0.435382176697635     
  0.572000000000000       0.431882443361702     
  0.576000000000000       0.428414551406249     
  0.580000000000000       0.424978317432784     
  0.584000000000000       0.421573553400464     
  0.588000000000000       0.418200066912011     
  0.592000000000000       0.414857661489694     
  0.596000000000000       0.411546136841610     
  0.600000000000000       0.408265289118480     
  0.604000000000000       0.405014911161219     
  0.608000000000000       0.401794792739486     
  0.612000000000000       0.398604720781460     
  0.616000000000000       0.395444479595065     
  0.620000000000000       0.392313851080865     
  0.624000000000000       0.389212614936868     
  0.628000000000000       0.386140548855448     
  0.632000000000000       0.383097428712605     
  0.636000000000000       0.380083028749791     
  0.640000000000000       0.377097121748499     
  0.644000000000000       0.374139479197845     
  0.648000000000000       0.371209871455325     
  0.652000000000000       0.368308067900975     
  0.656000000000000       0.365433837085121     
  0.660000000000000       0.362586946869913     
  0.664000000000000       0.359767164564843     
  0.668000000000000       0.356974257056434     
  0.672000000000000       0.354207990932275     
  0.676000000000000       0.351468132599602     
  0.680000000000000       0.348754448398576     
  0.684000000000000       0.346066704710462     
  0.688000000000000       0.343404668060843     
  0.692000000000000       0.340768105218064     
  0.696000000000000       0.338156783287050     
  0.700000000000000       0.335570469798658     
  0.704000000000000       0.333008932794720     
  0.708000000000000       0.330471940908919     
  0.712000000000000       0.327959263443653     
  0.716000000000000       0.325470670443012     
  0.720000000000000       0.323005932762030     
  0.724000000000000       0.320564822132319     
  0.728000000000000       0.318147111224230     
  0.732000000000000       0.315752573705672     
  0.736000000000000       0.313380984297694     
  0.740000000000000       0.311032118826965     
  0.744000000000000       0.308705754275260     
  0.748000000000000       0.306401668826069     
  0.752000000000000       0.304119641908431     
  0.756000000000000       0.301859454238107     
  0.760000000000000       0.299620887856182     
  0.764000000000000       0.297403726165216     
  0.768000000000000       0.295207753963013     
  0.772000000000000       0.293032757474129     
  0.776000000000000       0.290878524379182     
  0.780000000000000       0.288744843842074     
  0.784000000000000       0.286631506535198     
  0.788000000000000       0.284538304662712     
  0.792000000000000       0.282465031981959     
  0.796000000000000       0.280411483823119     
  0.800000000000000       0.278377457107147     
  0.804000000000000       0.276362750362092     
  0.808000000000000       0.274367163737844     
  0.812000000000000       0.272390499019394     
  0.816000000000000       0.270432559638658     
  0.820000000000000       0.268493150684931     
  0.824000000000000       0.266572078914040     
  0.828000000000000       0.264669152756232     
  0.832000000000000       0.262784182322883     
  0.836000000000000       0.260916979412053     
  0.840000000000000       0.259067357512953     
  0.844000000000000       0.257235131809381     
  0.848000000000000       0.255420119182155     
  0.852000000000000       0.253622138210608     
  0.856000000000000       0.251841009173180     
  0.860000000000000       0.250076554047157     
  0.864000000000000       0.248328596507588     
  0.868000000000000       0.246596961925429     
  0.872000000000000       0.244881477364955     
  0.876000000000000       0.243181971580464     
  0.880000000000000       0.241498275012321     
  0.884000000000000       0.239830219782371     
  0.888000000000000       0.238177639688755     
  0.892000000000000       0.236540370200161     
  0.896000000000000       0.234918248449540     
  0.900000000000000       0.233311113227312     
  0.904000000000000       0.231718804974104     
  0.908000000000000       0.230141165773030     
  0.912000000000000       0.228578039341546     
  0.916000000000000       0.227029271022910     
  0.920000000000000       0.225494707777266     
  0.924000000000000       0.223974198172371     
  0.928000000000000       0.222467592373993     
  0.932000000000000       0.220974742136005     
  0.936000000000000       0.219495500790184     
  0.940000000000000       0.218029723235739     
  0.944000000000000       0.216577265928595     
  0.948000000000000       0.215137986870436     
  0.952000000000000       0.213711745597538     
  0.956000000000000       0.212298403169399     
  0.960000000000000       0.210897822157183     
  0.964000000000000       0.209509866632005     
  0.968000000000000       0.208134402153044     
  0.972000000000000       0.206771295755534     
  0.976000000000000       0.205420415938612     
  0.980000000000000       0.204081632653061     
  0.984000000000000       0.202754817288945     
  0.988000000000000       0.201439842663150     
  0.992000000000000       0.200136583006852     
  0.996000000000000       0.198844913952907     
