  -1.00000000000000       0.198791188931949     
 -0.996000000000000       0.200074209343102     
 -0.992000000000000       0.201368655972025     
 -0.988000000000000       0.202674650273631     
 -0.984000000000000       0.203992315053149     
 -0.980000000000000       0.205321774477881     
 -0.976000000000000       0.206663154088883     
 -0.972000000000000       0.208016580812551     
 -0.968000000000000       0.209382182972110     
 -0.964000000000000       0.210760090298990     
 -0.960000000000000       0.212150433944069     
 -0.956000000000000       0.213553346488795     
 -0.952000000000000       0.214968961956139     
 -0.948000000000000       0.216397415821405     
 -0.944000000000000       0.217838845022845     
 -0.940000000000000       0.219293387972090     
 -0.936000000000000       0.220761184564378     
 -0.932000000000000       0.222242376188548     
 -0.928000000000000       0.223737105736800     
 -0.924000000000000       0.225245517614199     
 -0.920000000000000       0.226767757747898     
 -0.916000000000000       0.228303973596069     
 -0.912000000000000       0.229854314156518     
 -0.908000000000000       0.231418929974969     
 -0.904000000000000       0.232997973152985     
 -0.900000000000000       0.234591597355513     
 -0.896000000000000       0.236199957818028     
 -0.892000000000000       0.237823211353248     
 -0.888000000000000       0.239461516357399     
 -0.884000000000000       0.241115032816000     
 -0.880000000000000       0.242783922309145     
 -0.876000000000000       0.244468348016251     
 -0.872000000000000       0.246168474720238     
 -0.868000000000000       0.247884468811126     
 -0.864000000000000       0.249616498288992     
 -0.860000000000000       0.251364732766282     
 -0.856000000000000       0.253129343469416     
 -0.852000000000000       0.254910503239681     
 -0.848000000000000       0.256708386533337     
 -0.844000000000000       0.258523169420939     
 -0.840000000000000       0.260355029585799     
 -0.836000000000000       0.262204146321567     
 -0.832000000000000       0.264070700528888     
 -0.828000000000000       0.265954874711076     
 -0.824000000000000       0.267856852968774     
 -0.820000000000000       0.269776820993542     
 -0.816000000000000       0.271714966060331     
 -0.812000000000000       0.273671477018783     
 -0.808000000000000       0.275646544283313     
 -0.804000000000000       0.277640359821906     
 -0.800000000000000       0.279653117143583     
 -0.796000000000000       0.281685011284472     
 -0.792000000000000       0.283736238792419     
 -0.788000000000000       0.285806997710080     
 -0.784000000000000       0.287897487556431     
 -0.780000000000000       0.290007909306617     
 -0.776000000000000       0.292138465370083     
 -0.772000000000000       0.294289359566901     
 -0.768000000000000       0.296460797102230     
 -0.764000000000000       0.298652984538826     
 -0.760000000000000       0.300866129767513     
 -0.756000000000000       0.303100441975554     
 -0.752000000000000       0.305356131612811     
 -0.748000000000000       0.307633410355624     
 -0.744000000000000       0.309932491068309     
 -0.740000000000000       0.312253587762183     
 -0.736000000000000       0.314596915552019     
 -0.732000000000000       0.316962690609836     
 -0.728000000000000       0.319351130115908     
 -0.724000000000000       0.321762452206900     
 -0.720000000000000       0.324196875921014     
 -0.716000000000000       0.326654621140031     
 -0.712000000000000       0.329135908528144     
 -0.708000000000000       0.331640959467445     
 -0.704000000000000       0.334169995989960     
 -0.700000000000000       0.336723240706098     
 -0.696000000000000       0.339300916729386     
 -0.692000000000000       0.341903247597353     
 -0.688000000000000       0.344530457188437     
 -0.684000000000000       0.347182769634764     
 -0.680000000000000       0.349860409230661     
 -0.676000000000000       0.352563600336752     
 -0.672000000000000       0.355292567279493     
 -0.668000000000000       0.358047534245981     
 -0.664000000000000       0.360828725173890     
 -0.660000000000000       0.363636363636364     
 -0.656000000000000       0.366470672721700     
 -0.652000000000000       0.369331874907667     
 -0.648000000000000       0.372220191930266     
 -0.644000000000000       0.375135844646774     
 -0.640000000000000       0.378079052892878     
 -0.636000000000000       0.381050035333731     
 -0.632000000000000       0.384049009308727     
 -0.628000000000000       0.387076190669822     
 -0.624000000000000       0.390131793613188     
 -0.620000000000000       0.393216030504032     
 -0.616000000000000       0.396329111694351     
 -0.612000000000000       0.399471245333450     
 -0.608000000000000       0.402642637170992     
 -0.604000000000000       0.405843490352403     
 -0.600000000000000       0.409074005206397     
 -0.596000000000000       0.412334379024425     
 -0.592000000000000       0.415624805831846     
 -0.588000000000000       0.418945476150577     
 -0.584000000000000       0.422296576753043     
 -0.580000000000000       0.425678290407189     
 -0.576000000000000       0.429090795612352     
 -0.572000000000000       0.432534266325766     
 -0.568000000000000       0.436008871679506     
 -0.564000000000000       0.439514775687641     
 -0.560000000000000       0.443052136943388     
 -0.556000000000000       0.446621108306070     
 -0.552000000000000       0.450221836577659     
 -0.548000000000000       0.453854462168709     
 -0.544000000000000       0.457519118753478     
 -0.540000000000000       0.461215932914046     
 -0.536000000000000       0.464945023773250     
 -0.532000000000000       0.468706502616235     
 -0.528000000000000       0.472500472500473     
 -0.524000000000000       0.476327027854065     
 -0.520000000000000       0.480186254062182     
 -0.516000000000000       0.484078227041490     
 -0.512000000000000       0.488003012802439     
 -0.508000000000000       0.491960666999278     
 -0.504000000000000       0.495951234467709     
 -0.500000000000000       0.499974748750063     
 -0.496000000000000       0.504031231607951     
 -0.492000000000000       0.508120692522311     
 -0.488000000000000       0.512243128180823     
 -0.484000000000000       0.516398521952675     
 -0.480000000000000       0.520586843350686     
 -0.476000000000000       0.524808047480815     
 -0.472000000000000       0.529062074479114     
 -0.468000000000000       0.533348848936211     
 -0.464000000000000       0.537668279309438     
 -0.460000000000000       0.542020257322748     
 -0.456000000000000       0.546404657354607     
 -0.452000000000000       0.550821335814069     
 -0.448000000000000       0.555270130505307     
 -0.444000000000000       0.559750859980867     
 -0.440000000000000       0.564263322884012     
 -0.436000000000000       0.568807297280526     
 -0.432000000000000       0.573382539980401     
 -0.428000000000000       0.577988785849900     
 -0.424000000000000       0.582625747114531     
 -0.420000000000000       0.587293112653497     
 -0.416000000000000       0.591990547286291     
 -0.412000000000000       0.596717691052128     
 -0.408000000000000       0.601474158482973     
 -0.404000000000000       0.606259537871012     
 -0.400000000000000       0.611073390531449     
 -0.396000000000000       0.615915250061591     
 -0.392000000000000       0.620784621597285     
 -0.388000000000000       0.625680981067778     
 -0.384000000000000       0.630603774450228     
 -0.380000000000000       0.635552417025101     
 -0.376000000000000       0.640526292633818     
 -0.372000000000000       0.645524752940072     
 -0.368000000000000       0.650547116696325     
 -0.364000000000000       0.655592669017088     
 -0.360000000000000       0.660660660660661     
 -0.356000000000000       0.665750307321101     
 -0.352000000000000       0.670860788932288     
 -0.348000000000000       0.675991248986013     
 -0.344000000000000       0.681140793866155     
 -0.340000000000000       0.686308492201040     
 -0.336000000000000       0.691493374236214     
 -0.332000000000000       0.696694431229926     
 -0.328000000000000       0.701910614873699     
 -0.324000000000000       0.707140836740466     
 -0.320000000000000       0.712383967762827     
 -0.316000000000000       0.717638837744033     
 -0.312000000000000       0.722904234904445     
 -0.308000000000000       0.728178905466196     
 -0.304000000000000       0.733461553278943     
 -0.300000000000000       0.738750839489590     
 -0.296000000000000       0.744045382258952     
 -0.292000000000000       0.749343756528373     
 -0.288000000000000       0.754644493839357     
 -0.284000000000000       0.759946082209278     
 -0.280000000000000       0.765246966066321     
 -0.276000000000000       0.770545546246743     
 -0.272000000000000       0.775840180057616     
 -0.268000000000000       0.781129181408179     
 -0.264000000000000       0.786410821012897     
 -0.260000000000000       0.791683326669332     
 -0.256000000000000       0.796944883613847     
 -0.252000000000000       0.802193634958140     
 -0.248000000000000       0.807427682209514     
 -0.244000000000000       0.812645085877706     
 -0.240000000000000       0.817843866171004     
 -0.236000000000000       0.823022003784239     
 -0.232000000000000       0.828177440781130     
 -0.228000000000000       0.833308081573286     
 -0.224000000000000       0.838411793997988     
 -0.220000000000000       0.843486410496720     
 -0.216000000000000       0.848529729396155     
 -0.212000000000000       0.853539516293121     
 -0.208000000000000       0.858513505544783     
 -0.204000000000000       0.863449401865051     
 -0.200000000000000       0.868344882027892     
 -0.196000000000000       0.873197596677968     
 -0.192000000000000       0.878005172248651     
 -0.188000000000000       0.882765212987170     
 -0.184000000000000       0.887475303086263     
 -0.180000000000000       0.892133008921330     
 -0.176000000000000       0.896735881391734     
 -0.172000000000000       0.901281458364438     
 -0.168000000000000       0.905767267217812     
 -0.164000000000000       0.910190827482982     
 -0.160000000000000       0.914549653579677     
 -0.156000000000000       0.918841257643089     
 -0.152000000000000       0.923063152437819     
 -0.148000000000000       0.927212854354529     
 -0.144000000000000       0.931287886484473     
 -0.140000000000000       0.935285781766651     
 -0.136000000000000       0.939204086201859     
 -0.132000000000000       0.943040362127499     
 -0.128000000000000       0.946792191546580     
 -0.124000000000000       0.950457179503919     
 -0.120000000000000       0.954032957502168     
 -0.116000000000000       0.957517186949911     
 -0.112000000000000       0.960907562633702     
 -0.108000000000000       0.964201816205603     
 -0.104000000000000       0.967397719677456     
 -0.100000000000000       0.970493088912852     
 -9.599999999999997E-002  0.973485787107508     
 -9.199999999999997E-002  0.976373728248563     
 -8.799999999999997E-002  0.979154880543105     
 -8.399999999999996E-002  0.981827269806134     
 -7.999999999999996E-002  0.984388982798051     
 -7.599999999999996E-002  0.986838170501713     
 -7.199999999999995E-002  0.989173051329089     
 -6.799999999999995E-002  0.991391914247604     
 -6.399999999999995E-002  0.993493121816306     
 -6.000000000000005E-002  0.995475113122172     
 -5.600000000000005E-002  0.997336406607001     
 -5.200000000000005E-002  0.999075602775614     
 -4.800000000000004E-002   1.00069138677632     
 -4.400000000000004E-002   1.00218253084495     
 -4.000000000000004E-002   1.00354789660416     
 -3.600000000000003E-002   1.00478643720998     
 -3.200000000000003E-002   1.00589719933834     
 -2.800000000000002E-002   1.00687932500437     
 -2.400000000000002E-002   1.00773205320825     
 -2.000000000000002E-002   1.00845472140165     
 -1.600000000000001E-002   1.00904676676954     
 -1.200000000000001E-002   1.00950772732279     
 -8.000000000000007E-003   1.00983724279751     
 -4.000000000000004E-003   1.01003505535808     
  0.000000000000000E+000   1.01010101010101     
  4.000000000000004E-003   1.01003505535808     
  8.000000000000007E-003   1.00983724279751     
  1.200000000000001E-002   1.00950772732279     
  1.600000000000001E-002   1.00904676676954     
  2.000000000000002E-002   1.00845472140165     
  2.400000000000002E-002   1.00773205320825     
  2.800000000000002E-002   1.00687932500437     
  3.200000000000003E-002   1.00589719933834     
  3.600000000000003E-002   1.00478643720998     
  4.000000000000004E-002   1.00354789660416     
  4.400000000000004E-002   1.00218253084495     
  4.800000000000004E-002   1.00069138677632     
  5.200000000000005E-002  0.999075602775614     
  5.600000000000005E-002  0.997336406607001     
  6.000000000000005E-002  0.995475113122172     
  6.400000000000006E-002  0.993493121816306     
  6.800000000000006E-002  0.991391914247604     
  7.200000000000006E-002  0.989173051329089     
  7.600000000000007E-002  0.986838170501713     
  8.000000000000007E-002  0.984388982798051     
  8.400000000000007E-002  0.981827269806134     
  8.800000000000008E-002  0.979154880543105     
  9.200000000000008E-002  0.976373728248563     
  9.600000000000009E-002  0.973485787107508     
  0.100000000000000       0.970493088912852     
  0.104000000000000       0.967397719677456     
  0.108000000000000       0.964201816205603     
  0.112000000000000       0.960907562633702     
  0.116000000000000       0.957517186949911     
  0.120000000000000       0.954032957502168     
  0.124000000000000       0.950457179503919     
  0.128000000000000       0.946792191546580     
  0.132000000000000       0.943040362127499     
  0.136000000000000       0.939204086201859     
  0.140000000000000       0.935285781766651     
  0.144000000000000       0.931287886484473     
  0.148000000000000       0.927212854354529     
  0.152000000000000       0.923063152437819     
  0.156000000000000       0.918841257643089     
  0.160000000000000       0.914549653579677     
  0.164000000000000       0.910190827482982     
  0.168000000000000       0.905767267217812     
  0.172000000000000       0.901281458364438     
  0.176000000000000       0.896735881391734     
  0.180000000000000       0.892133008921330     
  0.184000000000000       0.887475303086263     
  0.188000000000000       0.882765212987171     
  0.192000000000000       0.878005172248651     
  0.196000000000000       0.873197596677968     
  0.200000000000000       0.868344882027892     
  0.204000000000000       0.863449401865051     
  0.208000000000000       0.858513505544783     
  0.212000000000000       0.853539516293121     
  0.216000000000000       0.848529729396155     
  0.220000000000000       0.843486410496720     
  0.224000000000000       0.838411793997988     
  0.228000000000000       0.833308081573286     
  0.232000000000000       0.828177440781130     
  0.236000000000000       0.823022003784239     
  0.240000000000000       0.817843866171004     
  0.244000000000000       0.812645085877706     
  0.248000000000000       0.807427682209514     
  0.252000000000000       0.802193634958140     
  0.256000000000000       0.796944883613847     
  0.260000000000000       0.791683326669332     
  0.264000000000000       0.786410821012897     
  0.268000000000000       0.781129181408179     
  0.272000000000000       0.775840180057616     
  0.276000000000000       0.770545546246743     
  0.280000000000000       0.765246966066321     
  0.284000000000000       0.759946082209278     
  0.288000000000000       0.754644493839357     
  0.292000000000000       0.749343756528374     
  0.296000000000000       0.744045382258952     
  0.300000000000000       0.738750839489590     
  0.304000000000000       0.733461553278944     
  0.308000000000000       0.728178905466196     
  0.312000000000000       0.722904234904445     
  0.316000000000000       0.717638837744033     
  0.320000000000000       0.712383967762827     
  0.324000000000000       0.707140836740466     
  0.328000000000000       0.701910614873699     
  0.332000000000000       0.696694431229926     
  0.336000000000000       0.691493374236214     
  0.340000000000000       0.686308492201040     
  0.344000000000000       0.681140793866155     
  0.348000000000000       0.675991248986013     
  0.352000000000000       0.670860788932288     
  0.356000000000000       0.665750307321101     
  0.360000000000000       0.660660660660661     
  0.364000000000000       0.655592669017088     
  0.368000000000000       0.650547116696325     
  0.372000000000000       0.645524752940072     
  0.376000000000000       0.640526292633818     
  0.380000000000000       0.635552417025101     
  0.384000000000000       0.630603774450228     
  0.388000000000000       0.625680981067778     
  0.392000000000000       0.620784621597285     
  0.396000000000000       0.615915250061592     
  0.400000000000000       0.611073390531449     
  0.404000000000000       0.606259537871013     
  0.408000000000000       0.601474158482973     
  0.412000000000000       0.596717691052128     
  0.416000000000000       0.591990547286292     
  0.420000000000000       0.587293112653497     
  0.424000000000000       0.582625747114531     
  0.428000000000000       0.577988785849901     
  0.432000000000000       0.573382539980401     
  0.436000000000000       0.568807297280527     
  0.440000000000000       0.564263322884013     
  0.444000000000000       0.559750859980867     
  0.448000000000000       0.555270130505307     
  0.452000000000000       0.550821335814070     
  0.456000000000000       0.546404657354607     
  0.460000000000000       0.542020257322748     
  0.464000000000000       0.537668279309439     
  0.468000000000000       0.533348848936212     
  0.472000000000000       0.529062074479114     
  0.476000000000000       0.524808047480815     
  0.480000000000000       0.520586843350686     
  0.484000000000000       0.516398521952675     
  0.488000000000000       0.512243128180823     
  0.492000000000000       0.508120692522311     
  0.496000000000000       0.504031231607951     
  0.500000000000000       0.499974748750063     
  0.504000000000000       0.495951234467709     
  0.508000000000000       0.491960666999278     
  0.512000000000000       0.488003012802439     
  0.516000000000000       0.484078227041490     
  0.520000000000000       0.480186254062182     
  0.524000000000000       0.476327027854065     
  0.528000000000000       0.472500472500472     
  0.532000000000000       0.468706502616234     
  0.536000000000000       0.464945023773250     
  0.540000000000000       0.461215932914046     
  0.544000000000000       0.457519118753478     
  0.548000000000000       0.453854462168709     
  0.552000000000000       0.450221836577659     
  0.556000000000000       0.446621108306070     
  0.560000000000000       0.443052136943388     
  0.564000000000000       0.439514775687641     
  0.568000000000000       0.436008871679506     
  0.572000000000000       0.432534266325765     
  0.576000000000000       0.429090795612351     
  0.580000000000000       0.425678290407189     
  0.584000000000000       0.422296576753043     
  0.588000000000000       0.418945476150576     
  0.592000000000000       0.415624805831846     
  0.596000000000000       0.412334379024425     
  0.600000000000000       0.409074005206396     
  0.604000000000000       0.405843490352403     
  0.608000000000000       0.402642637170992     
  0.612000000000000       0.399471245333449     
  0.616000000000000       0.396329111694351     
  0.620000000000000       0.393216030504031     
  0.624000000000000       0.390131793613188     
  0.628000000000000       0.387076190669822     
  0.632000000000000       0.384049009308727     
  0.636000000000000       0.381050035333731     
  0.640000000000000       0.378079052892878     
  0.644000000000000       0.375135844646774     
  0.648000000000000       0.372220191930266     
  0.652000000000000       0.369331874907667     
  0.656000000000000       0.366470672721700     
  0.660000000000000       0.363636363636364     
  0.664000000000000       0.360828725173890     
  0.668000000000000       0.358047534245981     
  0.672000000000000       0.355292567279492     
  0.676000000000000       0.352563600336752     
  0.680000000000000       0.349860409230660     
  0.684000000000000       0.347182769634764     
  0.688000000000000       0.344530457188437     
  0.692000000000000       0.341903247597353     
  0.696000000000000       0.339300916729386     
  0.700000000000000       0.336723240706098     
  0.704000000000000       0.334169995989960     
  0.708000000000000       0.331640959467445     
  0.712000000000000       0.329135908528144     
  0.716000000000000       0.326654621140031     
  0.720000000000000       0.324196875921014     
  0.724000000000000       0.321762452206900     
  0.728000000000000       0.319351130115908     
  0.732000000000000       0.316962690609836     
  0.736000000000000       0.314596915552019     
  0.740000000000000       0.312253587762183     
  0.744000000000000       0.309932491068309     
  0.748000000000000       0.307633410355624     
  0.752000000000000       0.305356131612811     
  0.756000000000000       0.303100441975554     
  0.760000000000000       0.300866129767512     
  0.764000000000000       0.298652984538825     
  0.768000000000000       0.296460797102230     
  0.772000000000000       0.294289359566901     
  0.776000000000000       0.292138465370083     
  0.780000000000000       0.290007909306617     
  0.784000000000000       0.287897487556431     
  0.788000000000000       0.285806997710080     
  0.792000000000000       0.283736238792419     
  0.796000000000000       0.281685011284472     
  0.800000000000000       0.279653117143583     
  0.804000000000000       0.277640359821906     
  0.808000000000000       0.275646544283313     
  0.812000000000000       0.273671477018783     
  0.816000000000000       0.271714966060331     
  0.820000000000000       0.269776820993542     
  0.824000000000000       0.267856852968774     
  0.828000000000000       0.265954874711076     
  0.832000000000000       0.264070700528888     
  0.836000000000000       0.262204146321567     
  0.840000000000000       0.260355029585799     
  0.844000000000000       0.258523169420939     
  0.848000000000000       0.256708386533337     
  0.852000000000000       0.254910503239681     
  0.856000000000000       0.253129343469416     
  0.860000000000000       0.251364732766282     
  0.864000000000000       0.249616498288992     
  0.868000000000000       0.247884468811126     
  0.872000000000000       0.246168474720238     
  0.876000000000000       0.244468348016251     
  0.880000000000000       0.242783922309145     
  0.884000000000000       0.241115032816000     
  0.888000000000000       0.239461516357399     
  0.892000000000000       0.237823211353248     
  0.896000000000000       0.236199957818028     
  0.900000000000000       0.234591597355513     
  0.904000000000000       0.232997973152985     
  0.908000000000000       0.231418929974969     
  0.912000000000000       0.229854314156518     
  0.916000000000000       0.228303973596069     
  0.920000000000000       0.226767757747898     
  0.924000000000000       0.225245517614199     
  0.928000000000000       0.223737105736800     
  0.932000000000000       0.222242376188548     
  0.936000000000000       0.220761184564378     
  0.940000000000000       0.219293387972090     
  0.944000000000000       0.217838845022844     
  0.948000000000000       0.216397415821405     
  0.952000000000000       0.214968961956139     
  0.956000000000000       0.213553346488795     
  0.960000000000000       0.212150433944069     
  0.964000000000000       0.210760090298990     
  0.968000000000000       0.209382182972110     
  0.972000000000000       0.208016580812551     
  0.976000000000000       0.206663154088883     
  0.980000000000000       0.205321774477881     
  0.984000000000000       0.203992315053149     
  0.988000000000000       0.202674650273631     
  0.992000000000000       0.201368655972025     
  0.996000000000000       0.200074209343102     
